2 0.18743908382066277 0.6646564327485379 0.04635721247563349 0.04282407407407394
4 0.23634259259259258 0.3852948343079922 0.03148148148148148 0.03240740740740739
5 0.3023391812865497 0.41569200779727095 0.033138401559454196 0.034113060428849845
0 0.35512914230019493 0.4390229044834308 0.028192007797270952 0.03228557504873302
4 0.4423976608187134 0.45540935672514626 0.02820419103313841 0.033930311890838095
0 0.52671783625731 0.5177266081871345 0.026535087719298234 0.030579922027290474
2 0.5483552631578947 0.553057992202729 0.03645224171539945 0.037524366471734835
1 0.5255604288499025 0.3614766081871345 0.023221247563352983 0.027168615984405387
5 0.589875730994152 0.38687865497076024 0.026522904483430778 0.028935185185185213
1 0.6541057504873294 0.40076754385964913 0.028179824561403496 0.030640838206627757
2 0.3789717348927875 0.3280945419103314 0.023221247563352795 0.027168615984405387
3 0.5195419103313841 0.43689083820662766 0.026498538011695865 0.025645711500974687
2 0.7533260233918129 0.4767909356725147 0.031493664717348935 0.03405214424951266
0 0.6273148148148148 0.5576267056530215 0.03480750487329437 0.03746345029239775
3 0.6520833333333333 0.34971978557504874 0.02320906432748534 0.025523879142300126
4 0.7080287524366472 0.35508040935672514 0.024865984405458057 0.02722953216374267
1 0.5210891812865497 0.6457724171539961 0.03813352826510727 0.04251949317738791
0 0.6090765107212476 0.31524122807017546 0.026522904483430778 0.028935185185185213
3 0.6214546783625731 0.43244395711500977 0.028192007797270952 0.03228557504873302
4 0.27825292397660817 0.49372563352826515 0.03974171539961016 0.0376461988304094
5 0.4564327485380117 0.35233918128654973 0.021588693957114987 0.028752436647173463
0 0.5152899610136452 0.30683479532163743 0.021564327485380074 0.02546296296296303
4 0.6973318713450292 0.4648513645224172 0.036427875243664726 0.03423489278752431
0 0.6450657894736842 0.5122441520467836 0.03315058479532165 0.035757797270955204
4 0.6303606237816763 0.30287524366471735 0.019907407407407544 0.023757309941520487
4 0.5191764132553607 0.38754873294346975 0.019943957115009726 0.02869152046783628
2 0.7291788499025341 0.5466008771929826 0.034795321637426914 0.03581871345029248
0 0.4156310916179337 0.3935794346978558 0.023233430799220252 0.028813352826510652
5 0.4186769005847953 0.5827850877192983 0.038084795321637444 0.035940545808966856
5 0.1897051656920078 0.5266203703703705 0.04634502923976608 0.04117933723196867
1 0.6754751461988304 0.6218932748538011 0.04141081871345015 0.04099658869395702
4 0.17038255360623783 0.5818104288499025 0.046357212475633534 0.04282407407407394
5 0.6217470760233919 0.47191764132553604 0.02816764132553604 0.028996101364522492
5 0.3249878167641326 0.36555799220272905 0.024865984405458057 0.02722953216374267
3 0.4668615984405458 0.4283625730994152 0.028192007797270952 0.032285575048732834
1 0.8626461988304093 0.5844298245614036 0.04139863547758288 0.039351851851851756
3 0.22022417153996102 0.429093567251462 0.03311403508771928 0.030823586744639225
2 0.37201510721247566 0.7208211500974658 0.04969541910331384 0.04952485380116955
0 0.7625365497076023 0.3883406432748538 0.028179824561403496 0.030640838206627663
1 0.26716617933723197 0.5508650097465888 0.04137426900584797 0.036062378167641226
1 0.7176169590643275 0.7615740740740741 0.04643031189083832 0.05269249512670551
3 0.5645589668615983 0.29879385964912286 0.02320906432748534 0.025523879142300126
2 0.6266203703703703 0.6858552631578947 0.043092105263157966 0.04599171539961009
2 0.5202972709551658 0.7608430799220273 0.04478557504873306 0.05263157894736842
3 0.6983552631578948 0.38103070175438597 0.028179824561403496 0.030640838206627757
3 0.4248172514619883 0.30183966861598444 0.023221247563352795 0.027168615984405387
1 0.3456384015594542 0.48964424951267055 0.03312621832358674 0.032468323586744674
5 0.41148879142300193 0.5003045808966862 0.028179824561403496 0.03064083820662757