2 0.1825657894736842 0.6578947368421053 0.046052631578947366 0.04111842105263158
4 0.23355263157894737 0.37664473684210525 0.03125 0.03125
5 0.2993421052631579 0.40460526315789475 0.03289473684210526 0.03289473684210526
0 0.3519736842105263 0.42598684210526316 0.027960526315789474 0.03125
4 0.43914473684210525 0.43914473684210525 0.027960526315789474 0.03289473684210526
0 0.5230263157894737 0.49835526315789475 0.02631578947368421 0.029605263157894735
2 0.5444078947368421 0.5328947368421053 0.03618421052631579 0.03618421052631579
1 0.5230263157894737 0.34210526315789475 0.023026315789473683 0.02631578947368421
5 0.587171052631579 0.3651315789473684 0.02631578947368421 0.027960526315789474
1 0.6513157894736842 0.37664473684210525 0.027960526315789474 0.029605263157894735
2 0.37664473684210525 0.31414473684210525 0.023026315789473683 0.02631578947368421
3 0.5164473684210527 0.41776315789473684 0.02631578947368421 0.024671052631578948
2 0.75 0.44901315789473684 0.03125 0.03289473684210526
0 0.6233552631578947 0.5345394736842105 0.03453947368421053 0.03618421052631579
3 0.649671052631579 0.3256578947368421 0.023026315789473683 0.024671052631578948
4 0.7055921052631579 0.32894736842105265 0.024671052631578948 0.02631578947368421
1 0.5164473684210527 0.6266447368421053 0.03782894736842105 0.04111842105263158
0 0.6069078947368421 0.29276315789473684 0.02631578947368421 0.027960526315789474
3 0.618421052631579 0.4095394736842105 0.027960526315789474 0.03125
4 0.2746710526315789 0.48355263157894735 0.039473684210526314 0.03618421052631579
5 0.45394736842105265 0.3355263157894737 0.02138157894736842 0.027960526315789474
0 0.5131578947368421 0.2878289473684211 0.02138157894736842 0.024671052631578948
4 0.694078947368421 0.43914473684210525 0.03618421052631579 0.03289473684210526
0 0.6414473684210527 0.48848684210526316 0.03289473684210526 0.03453947368421053
4 0.6282894736842105 0.27960526315789475 0.019736842105263157 0.023026315789473683
4 0.5164473684210527 0.3684210526315789 0.019736842105263157 0.027960526315789474
2 0.725328947368421 0.5197368421052632 0.03453947368421053 0.03453947368421053
0 0.4128289473684211 0.3782894736842105 0.023026315789473683 0.027960526315789474
5 0.4144736842105263 0.5674342105263158 0.03782894736842105 0.03453947368421053
5 0.18585526315789475 0.5197368421052632 0.046052631578947366 0.039473684210526314
1 0.6710526315789473 0.5970394736842105 0.04111842105263158 0.039473684210526314
4 0.16611842105263158 0.5756578947368421 0.046052631578947366 0.04111842105263158
5 0.618421052631579 0.44901315789473684 0.027960526315789474 0.027960526315789474
5 0.3223684210526316 0.3536184210526316 0.024671052631578948 0.02631578947368421
3 0.46381578947368424 0.41118421052631576 0.027960526315789474 0.03125
1 0.8585526315789473 0.5526315789473685 0.04111842105263158 0.03782894736842105
3 0.21710526315789475 0.42105263157894735 0.03289473684210526 0.029605263157894735
2 0.3667763157894737 0.7072368421052632 0.049342105263157895 0.047697368421052634
0 0.7598684210526315 0.36019736842105265 0.027960526315789474 0.029605263157894735
1 0.2631578947368421 0.5411184210526315 0.04111842105263158 0.03453947368421053
1 0.712171052631579 0.7351973684210527 0.046052631578947366 0.05098684210526316
3 0.5625 0.2779605263157895 0.023026315789473683 0.024671052631578948
2 0.6217105263157895 0.662828947368421 0.04276315789473684 0.044407894736842105
2 0.5148026315789473 0.7417763157894737 0.044407894736842105 0.05098684210526316
3 0.6957236842105263 0.35526315789473684 0.027960526315789474 0.029605263157894735
3 0.42269736842105265 0.28618421052631576 0.023026315789473683 0.02631578947368421
1 0.34210526315789475 0.4769736842105263 0.03289473684210526 0.03125
5 0.40789473684210525 0.48519736842105265 0.027960526315789474 0.029605263157894735