0 0.3814327485380117 0.44244639376218325 0.040131578947368386 0.04557748538011695
2 0.333516081871345 0.4586622807017544 0.03836500974658875 0.03730506822612081
1 0.24833089668615982 0.4381700779727095 0.03669590643274857 0.035611598440545914
0 0.37975146198830406 0.5559332358674464 0.0335038986354776 0.04209307992202732
5 0.4458333333333333 0.5342470760233917 0.036817738791422944 0.04383528265107223
3 0.5212719298245613 0.5468079922027291 0.041703216374269096 0.0406920077972708
1 0.5846856725146199 0.5942495126705654 0.040131578947368386 0.04557748538011695
5 0.6007066276803119 0.5115740740740741 0.03173732943469787 0.033820662768031175
3 0.49806286549707596 0.2269127680311891 0.023489278752436643 0.03193226120857698
2 0.6647538986354776 0.29431042884990255 0.02680311890838208 0.03367446393762189
5 0.5911549707602339 0.2685428849902534 0.025158382066276817 0.033625730994152066
4 0.46798245614035083 0.37083333333333335 0.036769005847953305 0.04054580896686161
5 0.41068469785575046 0.3544468810916179 0.03335769980506822 0.03222465886939574
1 0.4228801169590643 0.3080531189083821 0.030092592592592605 0.033771929824561356
2 0.21176900584795322 0.353764619883041 0.03497807017543857 0.0306286549707603
5 0.3200536062378168 0.368640350877193 0.03507553606237822 0.037207602339181356
2 0.1879995126705653 0.515582358674464 0.04494395711500975 0.03749999999999992
1 0.10319200779727096 0.580567738791423 0.05157163742690058 0.04098440545808975
2 0.31267056530214427 0.6450536062378168 0.050024366471734874 0.047514619883040975
1 0.21988304093567254 0.6938352826510721 0.05169346978557505 0.04920808966861606
4 0.45588450292397664 0.6325901559454191 0.040131578947368574 0.04557748538011695
4 0.5273513645224172 0.6913011695906434 0.04182504873294347 0.04891569200779712
3 0.6474171539961013 0.6877436647173489 0.04344541910331382 0.047319688109161866
4 0.7358674463937621 0.7097831384015594 0.05157163742690068 0.04098440545808975
3 0.8229166666666666 0.4934819688109162 0.03667153996101366 0.03396686159844065
0 0.7664473684210527 0.4211744639376218 0.04010721247563347 0.04393274853801169
1 0.23987573099415202 0.5650097465886939 0.04172758284600382 0.04233674463937607
2 0.4316642300194932 0.713864522417154 0.04685672514619872 0.055640838206627644
5 0.3926778752436647 0.2382553606237817 0.02346491228070173 0.030287524366471717
4 0.34331140350877193 0.2413620857699805 0.026754385964912256 0.030384990253411272
2 0.2805190058479532 0.2629507797270955 0.031688596491228044 0.030531189083820652
4 0.42012670565302146 0.27196637426900583 0.02842348927875243 0.03207846003898636
1 0.3641325536062378 0.27855750487329434 0.02677875243664717 0.03202972709551663
0 0.5572368421052631 0.3385964912280702 0.03173732943469787 0.033820662768031175
0 0.32095516569200777 0.5297270955165692 0.04334795321637427 0.04074074074074081
3 0.5064571150097466 0.43709795321637435 0.030092592592592605 0.033771929824561356
1 0.6380116959064327 0.43484405458089664 0.035051169590643305 0.03556286549707609
0 0.7973927875243664 0.5517787524366472 0.04828216374269015 0.040886939571150104
3 0.7158503898635477 0.6183114035087719 0.043421052631579096 0.045674951267056604
4 0.8510843079922028 0.5896442495126706 0.056481481481481556 0.03948586744639377
5 0.5155701754385965 0.26585038986354775 0.02510964912280699 0.03033625730994154
2 0.15789473684210525 0.43920565302144254 0.04329922027290449 0.0374512670565301
4 0.5887670565302144 0.4297270955165692 0.028447855750487343 0.03372319688109172
5 0.6423001949317739 0.36731237816764134 0.028399122807017518 0.030433723196881098
3 0.7398269980506822 0.3315423976608187 0.031688596491228044 0.030531189083820652
3 0.5137426900584795 0.3892056530214425 0.02842348927875243 0.03207846003898636
0 0.48702485380116955 0.3061525341130604 0.03335769980506822 0.03222465886939574
0 0.6941154970760234 0.53182261208577 0.04668615984405471 0.0441276803118908