5 0.5762305068226121 0.7471856725146199 0.04342105263157891 0.045041423001949264
4 0.2934576023391813 0.734770955165692 0.05009746588693961 0.05171783625730996
3 0.3886330409356725 0.7509868421052632 0.04351851851851856 0.051620370370370504
4 0.6633284600389864 0.753411306042885 0.05171783625730996 0.05009746588693961
2 0.7562134502923976 0.7021442495126705 0.04833089668615979 0.043469785575048735
4 0.5283991228070175 0.6444809941520467 0.04010721247563366 0.04334795321637436
5 0.3888157894736842 0.6276072124756336 0.043323586744639354 0.03846247563352839
0 0.44573586744639376 0.561001461988304 0.038413742690058574 0.04003411306042892
5 0.2888036062378168 0.6047392787524366 0.04172758284600382 0.04172758284600401
2 0.22560916179337234 0.5396442495126705 0.04329922027290454 0.03681773879142313
3 0.18851120857699807 0.4897417153996101 0.035002436647173486 0.03176169590643278
3 0.25291179337231967 0.3623781676413255 0.028374756335282608 0.028374756335282608
3 0.4422392787524367 0.46388888888888885 0.03335769980506822 0.03173732943469787
3 0.360453216374269 0.3211988304093567 0.021771442495126643 0.02663255360623779
3 0.46515594541910327 0.3605872319688109 0.02506091617933717 0.02668128654970761
3 0.41168372319688107 0.3055068226120858 0.025012183235867437 0.023391812865497085
2 0.768067738791423 0.4572002923976608 0.0350268031189084 0.033406432748538044
4 0.39033869395711496 0.41376705653021445 0.026730019493177343 0.028350389863547695
5 0.4058479532163743 0.3662889863547758 0.02510964912280699 0.029970760233918137
1 0.43432017543859647 0.3321637426900585 0.023416179337231904 0.026656920077972702
3 0.9369395711500974 0.2738060428849903 0.014997563352826666 0.013377192982456128
3 0.9564083820662769 0.29219054580896686 0.013328460038986117 0.011708089668615952
3 0.9742568226120857 0.3089059454191034 0.013328460038986117 0.011708089668615952
4 0.2831749512670565 0.3184088693957115 0.02668128654970761 0.02506091617933717
0 0.24741715399610137 0.4001340155945419 0.02842348927875243 0.03166423001949313
0 0.29608918128654976 0.3350511695906433 0.028374756335282608 0.028374756335282608
1 0.35430068226120853 0.4033625730994152 0.031688596491228044 0.030068226120857695
4 0.38224902534113064 0.2935550682261208 0.02172270955165691 0.023343079922027356
0 0.4334795321637427 0.2778630604288499 0.020077972709551556 0.023318713450292444
4 0.5116959064327485 0.3283747563352827 0.020126705653021378 0.02660818713450297
2 0.5284844054580897 0.3055921052631579 0.02506091617933717 0.026681286549707518
3 0.46086744639376215 0.4279727095516569 0.03171296296296296 0.03171296296296296
0 0.3774853801169591 0.5040570175438597 0.03509990253411313 0.038340643274853835
5 0.5402655945419103 0.5097587719298246 0.035051169590643305 0.035051169590643305
4 0.48144493177387915 0.48256578947368417 0.030116959064327518 0.03497807017543857
1 0.6859527290448343 0.4477582846003899 0.03335769980506822 0.03173732943469787
5 0.6373294346978557 0.509551656920078 0.035051169590643305 0.035051169590643305
2 0.7047514619883041 0.40032894736842106 0.03335769980506822 0.03173732943469787
1 0.7413499025341131 0.37290448343079924 0.028374756335282608 0.028374756335282608
0 0.6014010721247564 0.3807017543859649 0.028350389863547695 0.026730019493177343
1 0.6142543859649123 0.2904117933723197 0.021771442495126643 0.02663255360623779
2 0.5922392787524366 0.33285818713450294 0.025085282651072082 0.028326023391812782
5 0.5160696881091618 0.36627680311890837 0.021795808966861552 0.028277290448343144
0 0.557236842105263 0.3635964912280702 0.020102339181286465 0.024963450292397705
2 0.6024366471734893 0.4218445419103314 0.03171296296296296 0.03171296296296296
0 0.5661062378167641 0.43117690058479535 0.030068226120857695 0.031688596491228044
1 0.6525828460038986 0.36829922027290446 0.03001949317738787 0.028399122807017518
5 0.3106603313840156 0.4619395711500975 0.036720272904483486 0.036720272904483486
2 0.7684697855750486 0.5411062378167641 0.04167884990253418 0.038438109161793486
1 0.5262061403508772 0.57041910331384 0.04000974658869401 0.036769005847953305
1 0.613974171539961 0.6424585769980508 0.04332358674463945 0.03846247563352839