4 0.5936038011695907 0.2764254385964912 0.02021198830409357 0.021820175438596465
0 0.5951388888888889 0.3455043859649123 0.023574561403508647 0.02518274853801173
1 0.6580043859649123 0.43461257309941526 0.03033625730994154 0.033552631578947334
2 0.3196637426900585 0.5375730994152047 0.04031432748538013 0.03870614035087714
5 0.5529970760233919 0.3003654970760234 0.023574561403508835 0.02518274853801173
0 0.7417032163742691 0.42452485380116955 0.03033625730994154 0.03355263157894752
3 0.7484649122807018 0.35855263157894735 0.028581871345029174 0.028581871345029267
4 0.6953947368421052 0.6361842105263158 0.04385964912280714 0.05029239766081872
4 0.41907894736842105 0.27207602339181286 0.01856725146198831 0.0217836257309941
3 0.5193713450292398 0.4903508771929824 0.028728070175438648 0.035160818713450226
0 0.525548245614035 0.32401315789473684 0.023611111111111204 0.02682748538011699
5 0.45157163742690054 0.4754020467836258 0.03534356725146188 0.036951754385964965
1 0.4961988304093567 0.7064327485380116 0.04886695906432748 0.053691520467836165
0 0.616154970760234 0.6988304093567251 0.04053362573099406 0.04857456140350872
5 0.38128654970760234 0.34861111111111115 0.023647660818713476 0.028472222222222256
1 0.5729897660818714 0.5335891812865498 0.035270467836257334 0.033662280701754435
2 0.379312865497076 0.40789473684210525 0.030263157894736804 0.030263157894736804
4 0.6001096491228071 0.42108918128654976 0.027010233918128648 0.03183479532163752
5 0.45032894736842105 0.2713815789473684 0.021893274853801204 0.023501461988304096
3 0.8154239766081871 0.4837719298245614 0.03848684210526312 0.030445906432748648
5 0.658406432748538 0.3786549707602339 0.02854532163742699 0.02693713450292391
4 0.5085160818713451 0.37211257309941526 0.023647660818713383 0.028472222222222256
1 0.3262061403508772 0.3876827485380117 0.031944444444444435 0.031944444444444435
4 0.8421052631578947 0.5736842105263158 0.05354532163742707 0.04228801169590643
4 0.48380847953216377 0.29696637426900585 0.021893274853801204 0.023501461988304096
0 0.35906432748538014 0.45935672514619885 0.03037280701754391 0.035197368421052595
2 0.3117690058479532 0.3304093567251462 0.025292397660818648 0.02850877192982453
3 0.5365862573099415 0.37642543859649125 0.026973684210526466 0.030190058479532163
1 0.17174707602339181 0.4717470760233918 0.03859649122807018 0.035380116959064435
0 0.39396929824561405 0.4750365497076023 0.031907894736842066 0.030299707602339174
2 0.36352339181286547 0.289766081871345 0.021966374269005846 0.026790935672514626
1 0.34188596491228074 0.7230263157894737 0.055409356725146165 0.052192982456140374
2 0.23735380116959068 0.38801169590643275 0.035160818713450226 0.028728070175438648
5 0.5961988304093567 0.46725146198830414 0.031944444444444435 0.031944444444444435
3 0.6536184210526316 0.6074926900584795 0.0387426900584797 0.0419590643274853
0 0.40540935672514616 0.39744152046783626 0.030299707602339174 0.031907894736842066
1 0.2197733918128655 0.6335891812865497 0.05354532163742688 0.04228801169590643
2 0.6704678362573099 0.32902046783625727 0.025255847953216466 0.02686403508771936
2 0.2696637426900585 0.4350146198830409 0.035233918128654965 0.032017543859649174
0 0.7817616959064327 0.5240131578947369 0.03706140350877188 0.04027777777777767
3 0.5259502923976608 0.4161549707602339 0.027046783625731013 0.033479532163742685
2 0.41973684210526313 0.5978801169590643 0.04375000000000004 0.04535818713450293
3 0.7019736842105263 0.5619883040935673 0.035233918128654965 0.032017543859649174
4 0.45968567251461995 0.5443347953216374 0.035380116959064435 0.038596491228070226
5 0.4567982456140351 0.34035087719298246 0.023611111111111204 0.02682748538011699
1 0.2444809941520468 0.4865862573099415 0.04024122807017549 0.03541666666666662
3 0.542470760233918 0.2709795321637427 0.021893274853801204 0.023501461988304096
5 0.8059576023391813 0.7242324561403509 0.048757309941520374 0.048757309941520374