5 0.5981115984405458 0.7428362573099415 0.04342105263157891 0.04472465886939578
4 0.31509502923976607 0.7325170565302144 0.05009746588693961 0.05135233918128647
3 0.4107090643274854 0.7480263157894737 0.04351851851851856 0.05130360623781664
4 0.6853557504873294 0.748416179337232 0.05171783625730996 0.049719785575048844
2 0.7766812865497076 0.6964668615984406 0.04833089668615979 0.04311647173489288
4 0.5472587719298246 0.6404970760233918 0.04010721247563366 0.043055555555555604
5 0.4072368421052632 0.6246588693957115 0.043323586744639354 0.038145711500974726
0 0.4621588693957115 0.5576388888888889 0.038413742690058574 0.03975389863547762
5 0.3065911306042885 0.6025341130604289 0.04172758284600382 0.04142300194931779
2 0.24149610136452238 0.5379142300194932 0.04329922027290454 0.03650097465886928
3 0.20293615984405458 0.488291910331384 0.035002436647173486 0.03150584795321639
3 0.263535575048733 0.36046539961013646 0.028374756335282608 0.02816764132553604
3 0.455787037037037 0.46056286549707603 0.03335769980506822 0.031493664717348935
3 0.3698099415204678 0.3184941520467836 0.021771442495126643 0.026474171539961046
3 0.47563352826510724 0.3571028265107212 0.02506091617933717 0.026498538011695865
3 0.42055311890838204 0.30242446393762185 0.02501218323586753 0.02320906432748534
2 0.7812743664717349 0.45146198830409356 0.0350268031189084 0.03315058479532165
4 0.4024244639376219 0.41083089668615985 0.026730019493177343 0.028155458089668583
5 0.41652046783625735 0.36324317738791423 0.02510964912280699 0.02978801169590639
1 0.44396929824561404 0.32891081871345024 0.023416179337231904 0.02648635477582841
3 0.9446393762183236 0.2668372319688109 0.014997563352826666 0.013267543859649117
3 0.9646442495126705 0.2850755360623782 0.013328460038986117 0.011610623781676398
3 0.9829800194931775 0.3016569200779727 0.013328460038986117 0.011610623781676491
4 0.2924829434697856 0.3162768031189084 0.02668128654970761 0.024865984405458057
0 0.2591617933723197 0.39825779727095517 0.02842348927875243 0.031457115009746565
0 0.30588450292397656 0.3328216374269006 0.028374756335282608 0.02816764132553604
1 0.3660940545808967 0.40069444444444446 0.031688596491228044 0.029836744639376217
4 0.3907772904483431 0.290692007797271 0.02172270955165691 0.023184697855750426
0 0.4415204678362573 0.2746223196881092 0.020077972709551556 0.023172514619883063
4 0.5211988304093568 0.3245492202729045 0.020126705653021378 0.02646198830409359
2 0.5373050682261208 0.30164473684210524 0.02506091617933717 0.026498538011695865
3 0.4733430799220273 0.4245126705653022 0.03171296296296296 0.03148148148148148
0 0.3922514619883041 0.5012061403508772 0.03509990253411313 0.038084795321637444
5 0.5551291423001949 0.505701754385965 0.035051169590643305 0.034795321637426914
4 0.4955287524366472 0.4789473684210526 0.030116959064327518 0.03475877192982455
1 0.6989156920077972 0.4426291423001949 0.03335769980506822 0.031493664717348935
5 0.6521442495126706 0.504775828460039 0.035051169590643305 0.034795321637426914
2 0.7163011695906433 0.3950657894736842 0.03335769980506822 0.031493664717348935
1 0.7520711500974658 0.3673732943469786 0.028374756335282608 0.02816764132553604
0 0.6124147173489278 0.37620614035087724 0.028350389863547695 0.026522904483430778
1 0.6225877192982455 0.28583089668615985 0.021771442495126643 0.026474171539961046
2 0.6018396686159844 0.32843567251461986 0.025085282651072082 0.028143274853801126
5 0.5266934697855751 0.3624147173489279 0.021795808966861552 0.028118908382066217
0 0.567763157894737 0.3594298245614035 0.020102339181286465 0.024817251461988328
2 0.6146686159844055 0.41733674463937626 0.03171296296296296 0.03148148148148148
0 0.5786306042884991 0.426937134502924 0.030068226120857695 0.03146929824561402
1 0.6632066276803119 0.36342592592592593 0.03001949317738787 0.028179824561403496
5 0.324208089668616 0.4595882066276803 0.036720272904483486 0.03645224171539964
2 0.7841617933723197 0.5353557504873294 0.04167884990253418 0.03813352826510727
1 0.5428728070175438 0.5664595516569201 0.04000974658869401 0.036476608187134364
1 0.6327363547758285 0.6378411306042885 0.04332358674463945 0.03814571150097454