0 0.4016081871345029 0.465448343079922 0.04078947368421054 0.04557748538011695
2 0.3543494152046784 0.4788377192982456 0.038901072124756256 0.03730506822612081
1 0.26814083820662765 0.4532772904483431 0.03720760233918126 0.035611598440545914
0 0.40497076023391815 0.5789351851851852 0.034113060428849935 0.04209307992202732
5 0.47017543859649125 0.5611476608187135 0.0374512670565301 0.04383528265107223
3 0.5462719298245614 0.5781920077972709 0.04228801169590643 0.0406920077972708
1 0.6118786549707602 0.6294346978557505 0.04078947368421045 0.04557748538011695
5 0.6242446393762183 0.5476364522417153 0.03222465886939574 0.033820662768031175
3 0.5088084795321638 0.2566398635477583 0.0239522417153996 0.03193226120857698
2 0.6787158869395712 0.33397904483430796 0.02729044834307995 0.03367446393762189
5 0.603874269005848 0.30382553606237817 0.025645711500974687 0.033625730994152066
4 0.4850877192982456 0.3989035087719298 0.03735380116959064 0.04054580896686161
5 0.42698586744639383 0.3791057504873294 0.033820662768031175 0.03222465886939574
1 0.4371345029239766 0.33339424951267055 0.030579922027290474 0.033771929824561356
2 0.22777777777777777 0.3666301169590643 0.03541666666666662 0.0306286549707603
5 0.33686647173489276 0.3879385964912281 0.03561159844054582 0.037207602339181356
2 0.21117202729044834 0.5271807992202728 0.0454800194931774 0.03749999999999992
1 0.12914230019493178 0.5871954191033139 0.052156432748538005 0.04098440545808975
2 0.34176413255360627 0.6641569200779727 0.05070662768031185 0.047514619883040975
1 0.2510233918128655 0.7074805068226121 0.05240009746588694 0.04920808966861606
4 0.4846125730994152 0.6601730019493178 0.04078947368421045 0.04557748538011695
4 0.5587841130604289 0.723172514619883 0.042531676413255365 0.04891569200779712
3 0.6788499025341131 0.7267300194931774 0.0441276803118908 0.047319688109161866
4 0.768396686159844 0.7540326510721248 0.052156432748538005 0.04098440545808975
3 0.8459429824561404 0.5427022417153996 0.03715886939571153 0.03396686159844065
0 0.7861842105263158 0.4669834307992203 0.04074074074074081 0.04393274853801169
1 0.26531432748538014 0.5797270955165693 0.042336744639376256 0.04233674463937607
2 0.46397417153996096 0.7400828460038986 0.04766081871345045 0.055640838206627644
5 0.40378898635477584 0.26174463937621834 0.023903508771929774 0.030287524366471717
4 0.3544956140350878 0.26192738791423004 0.0271929824561403 0.030384990253411272
2 0.2925804093567252 0.2798123781676413 0.03212719298245609 0.030531189083820652
4 0.43277290448343075 0.2971125730994152 0.028886452241715387 0.03207846003898636
1 0.3769980506822612 0.30038986354775826 0.027241715399610126 0.03202972709551663
0 0.5730263157894736 0.3719298245614035 0.03222465886939574 0.033820662768031175
0 0.3449317738791423 0.5492202729044834 0.04393274853801169 0.04074074074074081
3 0.5265594541910331 0.4675073099415204 0.030579922027290474 0.033771929824561356
1 0.658187134502924 0.4730506822612086 0.03556286549707609 0.03556286549707609
0 0.8229775828460039 0.5995370370370371 0.04886695906432748 0.040886939571150104
3 0.7442860623781676 0.6612938596491228 0.044078947368420975 0.045674951267056604
4 0.8784234892787524 0.6406189083820663 0.05704191033138416 0.03948586744639377
5 0.5280701754385965 0.29664961013645225 0.02554824561403504 0.03033625730994154
2 0.17763157894736842 0.44895224171539955 0.04383528265107214 0.0374512670565301
4 0.6086500974658869 0.465009746588694 0.028935185185185213 0.03372319688109153
5 0.6594785575048733 0.40571393762183233 0.028837719298245565 0.030433723196881098
3 0.7555433723196882 0.37569444444444444 0.03212719298245609 0.030531189083820652
3 0.5317251461988304 0.420004873294347 0.028886452241715387 0.03207846003898627
0 0.5012792397660819 0.33529483430799223 0.033820662768031175 0.03222465886939574
0 0.7186769005847953 0.5734405458089669 0.04731968810916168 0.0441276803118908