5 0.587171052631579 0.7384868421052632 0.04276315789473684 0.044407894736842105
4 0.3042763157894737 0.7302631578947368 0.049342105263157895 0.05098684210526316
3 0.3996710526315789 0.7450657894736842 0.04276315789473684 0.05098684210526316
4 0.6743421052631579 0.743421052631579 0.05098684210526316 0.049342105263157895
2 0.7664473684210527 0.6907894736842105 0.047697368421052634 0.04276315789473684
4 0.537828947368421 0.6365131578947368 0.039473684210526314 0.04276315789473684
5 0.3980263157894737 0.6217105263157895 0.04276315789473684 0.03782894736842105
0 0.45394736842105265 0.5542763157894737 0.03782894736842105 0.039473684210526314
5 0.29769736842105265 0.600328947368421 0.04111842105263158 0.04111842105263158
2 0.23355263157894737 0.5361842105263158 0.04276315789473684 0.03618421052631579
3 0.19572368421052633 0.4868421052631579 0.03453947368421053 0.03125
3 0.2582236842105263 0.35855263157894735 0.027960526315789474 0.027960526315789474
3 0.44901315789473684 0.45723684210526316 0.03289473684210526 0.03125
3 0.3651315789473684 0.3157894736842105 0.02138157894736842 0.02631578947368421
3 0.47039473684210525 0.3536184210526316 0.024671052631578948 0.02631578947368421
3 0.4161184210526316 0.2993421052631579 0.024671052631578948 0.023026315789473683
2 0.774671052631579 0.4457236842105263 0.03453947368421053 0.03289473684210526
4 0.3963815789473684 0.40789473684210525 0.02631578947368421 0.027960526315789474
5 0.41118421052631576 0.36019736842105265 0.024671052631578948 0.029605263157894735
1 0.43914473684210525 0.3256578947368421 0.023026315789473683 0.02631578947368421
3 0.9407894736842105 0.2598684210526316 0.014802631578947368 0.013157894736842105
3 0.9605263157894737 0.2779605263157895 0.013157894736842105 0.011513157894736841
3 0.9786184210526315 0.2944078947368421 0.013157894736842105 0.011513157894736841
4 0.2878289473684211 0.31414473684210525 0.02631578947368421 0.024671052631578948
0 0.2532894736842105 0.3963815789473684 0.027960526315789474 0.03125
0 0.30098684210526316 0.3305921052631579 0.027960526315789474 0.027960526315789474
1 0.36019736842105265 0.3980263157894737 0.03125 0.029605263157894735
4 0.38651315789473684 0.2878289473684211 0.02138157894736842 0.023026315789473683
0 0.4375 0.2713815789473684 0.019736842105263157 0.023026315789473683
4 0.5164473684210527 0.3207236842105263 0.019736842105263157 0.02631578947368421
2 0.5328947368421053 0.29769736842105265 0.024671052631578948 0.02631578947368421
3 0.46710526315789475 0.42105263157894735 0.03125 0.03125
0 0.3848684210526316 0.49835526315789475 0.03453947368421053 0.03782894736842105
5 0.5476973684210527 0.5016447368421053 0.03453947368421053 0.03453947368421053
4 0.48848684210526316 0.4753289473684211 0.029605263157894735 0.03453947368421053
1 0.6924342105263158 0.4375 0.03289473684210526 0.03125
5 0.6447368421052632 0.5 0.03453947368421053 0.03453947368421053
2 0.7105263157894737 0.38980263157894735 0.03289473684210526 0.03125
1 0.7467105263157895 0.3618421052631579 0.027960526315789474 0.027960526315789474
0 0.6069078947368421 0.3717105263157895 0.027960526315789474 0.02631578947368421
1 0.618421052631579 0.28125 0.02138157894736842 0.02631578947368421
2 0.5970394736842105 0.32401315789473684 0.024671052631578948 0.027960526315789474
5 0.5213815789473685 0.35855263157894735 0.02138157894736842 0.027960526315789474
0 0.5625 0.35526315789473684 0.019736842105263157 0.024671052631578948
2 0.6085526315789473 0.4128289473684211 0.03125 0.03125
0 0.5723684210526315 0.42269736842105265 0.029605263157894735 0.03125
1 0.6578947368421053 0.35855263157894735 0.029605263157894735 0.027960526315789474
5 0.31743421052631576 0.45723684210526316 0.03618421052631579 0.03618421052631579
2 0.7763157894736842 0.5296052631578947 0.04111842105263158 0.03782894736842105
1 0.5345394736842105 0.5625 0.039473684210526314 0.03618421052631579
1 0.6233552631578947 0.6332236842105263 0.04276315789473684 0.03782894736842105