4 0.6812378167641325 0.6652046783625731 0.04673489278752435 0.04741715399610133
0 0.7469420077972709 0.5618421052631579 0.04325048732943471 0.034161793372319574
3 0.6674098440545809 0.5989766081871345 0.03507553606237822 0.037207602339181356
3 0.6290692007797272 0.6323952241715399 0.04000974658869401 0.03735380116959064
0 0.7220882066276804 0.4623781676413255 0.03338206627680313 0.033869395711501
2 0.39048489278752435 0.6319078947368422 0.04506578947368417 0.04572368421052624
2 0.3042153996101365 0.34633284600389863 0.026730019493177343 0.02874025341130601
2 0.32078460038986356 0.5607334307992202 0.04167884990253409 0.039047270955165726
0 0.3253654970760234 0.4736598440545809 0.03176169590643278 0.03546539961013644
0 0.37956871345029236 0.48020224171539955 0.03507553606237822 0.037207602339181356
1 0.48817007797270956 0.702266081871345 0.048403996101364526 0.04911062378167642
2 0.2129995126705653 0.3946393762183236 0.03335769980506822 0.03222465886939574
1 0.6511939571150097 0.4717958089668616 0.03338206627680313 0.033869395711501
5 0.5463815789473685 0.3271807992202729 0.021771442495126643 0.02694931773879146
0 0.4984405458089669 0.3422149122807017 0.025036549707602256 0.025402046783625752
5 0.4415326510721248 0.2961013645224172 0.018384502923976465 0.020272904483430852
5 0.37297758284600385 0.36976120857699807 0.025085282651072082 0.02869152046783628
2 0.37063840155945416 0.3055190058479532 0.02503654970760235 0.025402046783625752
0 0.573635477582846 0.3757066276803119 0.02339181286549699 0.025353313840155926
1 0.15735867446393761 0.48513645224171537 0.043274853801169626 0.035806530214424835
1 0.3263279727095516 0.7418981481481481 0.05849171539961012 0.06420565302144254
5 0.5850389863547758 0.4945175438596491 0.030116959064327518 0.03541666666666662
5 0.6422514619883041 0.4090034113060429 0.028399122807017518 0.030433723196881098
0 0.4052144249512671 0.41514376218323584 0.026754385964912256 0.030384990253411365
3 0.5107577972709552 0.5104166666666666 0.03173732943469787 0.033820662768031175
4 0.5774975633528264 0.44822124756335274 0.030092592592592605 0.033771929824561356
5 0.4389132553606238 0.3618421052631579 0.023440545808966817 0.028642787524366452
3 0.5083698830409357 0.44946393762183234 0.028374756335282608 0.02878898635477574
4 0.4691276803118908 0.32160087719298247 0.02174707602339173 0.025304580896686198
2 0.3524610136452242 0.4218079922027291 0.028399122807017518 0.030433723196881004
4 0.5828825536062378 0.3068713450292398 0.01843323586744629 0.02356237816764138
1 0.1912524366471735 0.6408138401559454 0.05164473684210527 0.04591861598440554
4 0.40863791423001955 0.29512670565302146 0.018408869395711566 0.021917641325536114
1 0.2180190058479532 0.5000974658869396 0.039985380116959096 0.03570906432748538
5 0.43693957115009746 0.49506578947368424 0.03338206627680313 0.033869395711501
4 0.8053728070175439 0.6162280701754387 0.05498294346978558 0.049305555555555526
0 0.6354897660818714 0.7543494152046784 0.04845272904483435 0.05240009746588694
2 0.2517178362573099 0.4467958089668616 0.033406432748538044 0.03551413255360627
3 0.7230384990253412 0.39823343079922024 0.026754385964912256 0.030384990253411365
2 0.6528021442495128 0.36324317738791423 0.023416179337231904 0.02699805068226119
3 0.5238547758284601 0.40384990253411307 0.026730019493177343 0.02874025341130601
4 0.4909356725146199 0.40451998050682264 0.023440545808966817 0.028642787524366452
4 0.43920565302144254 0.5642422027290449 0.03679337231968822 0.042190545808966966
3 0.7852582846003898 0.5300682261208577 0.038340643274853835 0.03566033138401555
1 0.5428728070175438 0.5640229044834308 0.035051169590643305 0.03556286549707609
3 0.5336135477582846 0.3004751461988304 0.020102339181286465 0.025255847953216372
5 0.7899488304093567 0.7687987329434698 0.06499756335282644 0.05946637426900586
1 0.3199561403508772 0.39451754385964916 0.03001949317738787 0.028837719298245565