0 0.4506578947368421 0.6398026315789473 0.0625 0.06578947368421052
0 0.5789473684210527 0.39144736842105265 0.03782894736842105 0.03782894736842105
0 0.6167763157894737 0.587171052631579 0.05921052631578947 0.06578947368421052
0 0.6266447368421053 0.5049342105263158 0.054276315789473686 0.05263157894736842
0 0.3026315789473684 0.5296052631578947 0.06085526315789474 0.05756578947368421
0 0.4506578947368421 0.4243421052631579 0.03618421052631579 0.04111842105263158
0 0.7072368421052632 0.45723684210526316 0.05098684210526316 0.046052631578947366
0 0.48848684210526316 0.5016447368421053 0.04276315789473684 0.054276315789473686
0 0.4506578947368421 0.3815789473684211 0.03289473684210526 0.039473684210526314
0 0.3569078947368421 0.4194078947368421 0.03782894736842105 0.039473684210526314
0 0.625 0.4276315789473684 0.046052631578947366 0.047697368421052634
0 0.5345394736842105 0.4309210526315789 0.03618421052631579 0.04276315789473684