0 0.361598440545809 0.41740984405458087 0.04794103313840157 0.05235136452241712
0 0.4759990253411306 0.3516447368421053 0.04124025341130614 0.04886695906432748
0 0.29806286549707606 0.5324317738791423 0.054763645224171556 0.05912524366471728
0 0.5247928849902533 0.4123659844054581 0.03959551656920088 0.048818226120857657
0 0.5441642300194932 0.6895589668615983 0.06329191033138408 0.06759259259259254
0 0.35166910331384016 0.641045321637427 0.06658138401559452 0.06769005847953218
0 0.607943469785575 0.43458820662768033 0.04093567251461992 0.04064327485380117
0 0.41770224171539955 0.4585891812865497 0.04958576998050683 0.05240009746588694
0 0.5129751461988304 0.5091617933723197 0.0530579922027292 0.05743177387914238
0 0.6599049707602339 0.5431530214424951 0.05281432748538008 0.05085282651072133
0 0.4284844054580897 0.3897538986354776 0.03618421052631579 0.04543128654970757
0 0.3901072124756335 0.5368055555555555 0.05464181286549709 0.05583576998050694