0 0.3136574074074074 0.4605263157894737 0.05240009746588694 0.047697368421052634
0 0.6775219298245614 0.5032894736842105 0.04741715399610133 0.046052631578947366
0 0.5903265107212475 0.3930921052631579 0.03730506822612081 0.03782894736842105
0 0.43495370370370373 0.36348684210526316 0.03904727095516554 0.04111842105263158
0 0.34048489278752436 0.5542763157894737 0.054434697855750426 0.06085526315789474
0 0.5709673489278753 0.6578947368421053 0.06270711500974657 0.0625
0 0.5031067251461989 0.39473684210526316 0.037256335282651175 0.03618421052631579
0 0.4011452241715399 0.5608552631578947 0.05762670565302149 0.05756578947368421
0 0.5133893762183236 0.4917763157894737 0.047514619883040975 0.049342105263157895
0 0.42714424951267055 0.4605263157894737 0.044078947368420975 0.044407894736842105
0 0.3932017543859649 0.3848684210526316 0.04572368421052633 0.044407894736842105
0 0.4095882066276803 0.6644736842105263 0.05927144249512666 0.05756578947368421