0 0.7023026315789473 0.45723684210526316 0.049342105263157895 0.044407894736842105
0 0.45230263157894735 0.6085526315789473 0.06578947368421052 0.06743421052631579
0 0.6217105263157895 0.5625 0.0625 0.06907894736842106
0 0.5740131578947368 0.40789473684210525 0.03782894736842105 0.03782894736842105
0 0.30098684210526316 0.5164473684210527 0.06085526315789474 0.05756578947368421
0 0.5345394736842105 0.4375 0.03618421052631579 0.04276315789473684
0 0.36019736842105265 0.4292763157894737 0.03782894736842105 0.04111842105263158
0 0.48848684210526316 0.4934210526315789 0.04276315789473684 0.054276315789473686
0 0.6200657894736842 0.4342105263157895 0.044407894736842105 0.044407894736842105
0 0.6282894736842105 0.49506578947368424 0.05592105263157895 0.05263157894736842
0 0.45230263157894735 0.3980263157894737 0.03289473684210526 0.03289473684210526
0 0.4506578947368421 0.43256578947368424 0.03453947368421053 0.04111842105263158