0 0.6381335282651072 0.4407894736842105 0.03813352826510727 0.04111842105263158
0 0.3308601364522417 0.48026315789473684 0.04971978557504866 0.05098684210526316
0 0.5437621832358674 0.5789473684210527 0.05973440545808952 0.07072368421052631
0 0.4620735867446394 0.4309210526315789 0.036464424951267095 0.03782894736842105
0 0.5310794346978558 0.42105263157894735 0.03151803118908366 0.03618421052631579
0 0.6995735867446393 0.5197368421052632 0.05801656920077971 0.06085526315789474
0 0.533053118908382 0.4654605263157895 0.04640594541910341 0.047697368421052634
0 0.4709429824561404 0.5180921052631579 0.053009259259259374 0.05098684210526316
0 0.38076267056530216 0.555921052631579 0.059636939571150065 0.05756578947368421
0 0.37975146198830406 0.4194078947368421 0.03970516569200779 0.03125
0 0.37173489278752436 0.4473684210526316 0.041410818713450336 0.039473684210526314
0 0.42128411306042884 0.4753289473684211 0.046381578947368496 0.044407894736842105