0 0.6421783625730995 0.4389619883040936 0.0462962962962963 0.051973684210526165
0 0.300682261208577 0.5482456140350878 0.05135233918128656 0.05537280701754398
0 0.5328947368421053 0.6785087719298245 0.06463206627680314 0.058954678362573086
0 0.3983918128654971 0.6211988304093566 0.057992202729044796 0.05716374269005835
0 0.4423123781676413 0.4131213450292397 0.04446881091617939 0.04700292397660819
0 0.6544225146198831 0.5972587719298246 0.04958576998050664 0.052046783625730904
0 0.5142543859649122 0.3817982456140351 0.036123294346978696 0.04353070175438602
0 0.458516081871345 0.597843567251462 0.059636939571150065 0.057200292397660904
0 0.4144127680311891 0.49974415204678363 0.051108674463937624 0.04879385964912293
0 0.5119395711500975 0.48874269005847953 0.04306773879142306 0.05354532163742688
0 0.3536184210526316 0.4078581871345029 0.036062378167641324 0.04188596491228075
0 0.3275462962962963 0.4451388888888889 0.04952485380116955 0.05040204678362564