0 0.37006578947368424 0.506578947368421 0.05592105263157895 0.06085526315789474
0 0.45723684210526316 0.36348684210526316 0.03289473684210526 0.03782894736842105
0 0.6069078947368421 0.3782894736842105 0.039473684210526314 0.044407894736842105
0 0.4819078947368421 0.65625 0.05756578947368421 0.06743421052631579
0 0.5921052631578947 0.5213815789473685 0.05263157894736842 0.05098684210526316
0 0.3618421052631579 0.43256578947368424 0.049342105263157895 0.047697368421052634
0 0.4934210526315789 0.45394736842105265 0.044407894736842105 0.047697368421052634
0 0.3980263157894737 0.6134868421052632 0.06085526315789474 0.06414473684210527
0 0.6546052631578947 0.5921052631578947 0.05756578947368421 0.054276315789473686
0 0.29276315789473684 0.6085526315789473 0.06907894736842106 0.06085526315789474
0 0.6875 0.48355263157894735 0.047697368421052634 0.05263157894736842
0 0.5 0.5542763157894737 0.054276315789473686 0.05263157894736842