0 0.679751461988304 0.41248781676413254 0.04864766081871346 0.043469785575048735
0 0.6286915204678363 0.5645102339181287 0.05899122807017545 0.06499756335282644
0 0.4885599415204679 0.6553728070175439 0.05413011695906421 0.06821393762183223
0 0.42134502923976613 0.424537037037037 0.04382309941520459 0.048330896686159974
0 0.5394736842105263 0.3619517543859649 0.04038742690058478 0.041703216374269006
0 0.6158625730994153 0.4759137426900585 0.053764619883040904 0.05176656920077979
0 0.485343567251462 0.5041544834307992 0.04389619883040932 0.051620370370370504
0 0.40606725146198835 0.3721491228070175 0.03877923976608188 0.04332358674463945
0 0.30617690058479535 0.5758650097465887 0.06538742690058486 0.056871345029239774
0 0.5963450292397661 0.3923489278752436 0.04546783625730985 0.0483552631578947
0 0.32240497076023394 0.43751218323586744 0.04532163742690056 0.04177631578947365
0 0.510343567251462 0.4149975633528265 0.04049707602339188 0.04663742690058479