0 0.5328947368421053 0.3618421052631579 0.03782894736842105 0.044407894736842105
0 0.6710526315789473 0.43914473684210525 0.04276315789473684 0.05263157894736842
0 0.31085526315789475 0.5230263157894737 0.05921052631578947 0.06085526315789474
0 0.5904605263157895 0.5493421052631579 0.05263157894736842 0.05592105263157895
0 0.40131578947368424 0.39473684210526316 0.04276315789473684 0.044407894736842105
0 0.38651315789473684 0.4605263157894737 0.044407894736842105 0.05263157894736842
0 0.4457236842105263 0.649671052631579 0.06743421052631579 0.05756578947368421
0 0.5115131578947368 0.45723684210526316 0.046052631578947366 0.05263157894736842
0 0.694078947368421 0.5394736842105263 0.05263157894736842 0.054276315789473686
0 0.46875 0.5279605263157895 0.047697368421052634 0.054276315789473686
0 0.5822368421052632 0.6052631578947368 0.05098684210526316 0.05921052631578947
0 0.3371710526315789 0.5674342105263158 0.05098684210526316 0.05263157894736842