0 0.32730263157894735 0.4605263157894737 0.05098684210526316 0.047697368421052634
0 0.6924342105263158 0.5032894736842105 0.046052631578947366 0.046052631578947366
0 0.6019736842105263 0.3930921052631579 0.03618421052631579 0.03782894736842105
0 0.4457236842105263 0.36348684210526316 0.03782894736842105 0.04111842105263158
0 0.3569078947368421 0.5542763157894737 0.05263157894736842 0.06085526315789474
0 0.5904605263157895 0.6578947368421053 0.06085526315789474 0.0625
0 0.5148026315789473 0.39473684210526316 0.03618421052631579 0.03618421052631579
0 0.41776315789473684 0.5608552631578947 0.05592105263157895 0.05756578947368421
0 0.5279605263157895 0.4917763157894737 0.046052631578947366 0.049342105263157895
0 0.4407894736842105 0.4605263157894737 0.04276315789473684 0.044407894736842105
0 0.40460526315789475 0.3848684210526316 0.044407894736842105 0.044407894736842105
0 0.4292763157894737 0.6644736842105263 0.05756578947368421 0.05756578947368421