0 0.629446881091618 0.44909844054580894 0.03929093567251466 0.04059454191033134
0 0.39918372319688106 0.5753533138401559 0.06304824561403514 0.06101364522417148
0 0.7452485380116959 0.5149610136452241 0.061220760233918044 0.05603070175438587
0 0.32839912280701755 0.4828947368421053 0.05445906432748534 0.05090155945419115
0 0.5850999025341131 0.582504873294347 0.06493664717348935 0.06764132553606235
0 0.6355994152046783 0.5264985380116959 0.05793128654970752 0.055933235867446404
0 0.49470029239766083 0.44839181286549706 0.03929093567251466 0.04059454191033134
0 0.49488304093567254 0.49768518518518523 0.046235380116959025 0.050657894736842034
0 0.5692616959064327 0.4653874269005847 0.0376461988304094 0.040545808966861704
0 0.4201998050682261 0.4330409356725146 0.03417397660818722 0.03551413255360627
0 0.5118786549707602 0.4242568226120858 0.03076267056530213 0.03212719298245609
0 0.6650219298245614 0.47808235867446397 0.04940302144249499 0.047465886939571156