0 0.4309210526315789 0.37993421052631576 0.03782894736842105 0.04276315789473684
0 0.5707236842105263 0.3618421052631579 0.039473684210526314 0.044407894736842105
0 0.6546052631578947 0.5707236842105263 0.05921052631578947 0.05592105263157895
0 0.34210526315789475 0.5509868421052632 0.049342105263157895 0.05263157894736842
0 0.6529605263157895 0.46710526315789475 0.049342105263157895 0.049342105263157895
0 0.4309210526315789 0.5148026315789473 0.046052631578947366 0.05263157894736842
0 0.3470394736842105 0.4654605263157895 0.044407894736842105 0.05098684210526316
0 0.5180921052631579 0.5049342105263158 0.05098684210526316 0.05263157894736842
0 0.5789473684210527 0.4144736842105263 0.044407894736842105 0.047697368421052634
0 0.46710526315789475 0.4309210526315789 0.04276315789473684 0.047697368421052634
0 0.49835526315789475 0.37006578947368424 0.03618421052631579 0.03782894736842105
0 0.46710526315789475 0.662828947368421 0.05921052631578947 0.0625