0 0.6989156920077972 0.44163011695906434 0.049671052631579025 0.04550438596491222
0 0.44779483430799216 0.5985014619883041 0.06628898635477586 0.0688961988304094
0 0.6175438596491228 0.5486842105263158 0.06301169590643278 0.07046783625730993
0 0.5709917153996101 0.3951388888888889 0.038109161793372356 0.03866959064327487
0 0.29716130604288504 0.5097587719298246 0.061281676413255326 0.05891812865497072
0 0.5312987329434699 0.42562134502923976 0.03650097465886928 0.043567251461988386
0 0.3570175438596491 0.4212719298245614 0.03813352826510727 0.04195906432748549
0 0.48483187134502925 0.48256578947368417 0.04316520467836252 0.05522660818713451
0 0.6168494152046784 0.4204312865497076 0.044736842105263235 0.0453947368421053
0 0.6246223196881092 0.4811038011695907 0.056310916179337166 0.053874269005848005
0 0.4493542884990253 0.3879751461988304 0.033138401559454196 0.033625730994152066
0 0.4474537037037038 0.42255116959064326 0.03484405458089674 0.04188596491228075