0 0.45394736842105265 0.4194078947368421 0.029605263157894735 0.03453947368421053
0 0.27960526315789475 0.5444078947368421 0.0756578947368421 0.06743421052631579
0 0.59375 0.4917763157894737 0.05098684210526316 0.05263157894736842
0 0.4901315789473684 0.5707236842105263 0.06085526315789474 0.07072368421052631
0 0.5888157894736842 0.42269736842105265 0.03125 0.03618421052631579
0 0.4917763157894737 0.45723684210526316 0.039473684210526314 0.04276315789473684
0 0.3717105263157895 0.4868421052631579 0.05592105263157895 0.054276315789473686
0 0.3667763157894737 0.4506578947368421 0.046052631578947366 0.04111842105263158
0 0.6710526315789473 0.5263157894736842 0.06414473684210527 0.05921052631578947
0 0.6792763157894737 0.46710526315789475 0.05098684210526316 0.047697368421052634
0 0.3980263157894737 0.5460526315789473 0.06743421052631579 0.07236842105263158
0 0.5016447368421053 0.5098684210526315 0.05263157894736842 0.05592105263157895