0 0.43154239766081876 0.6348562378167641 0.06052631578947361 0.05964912280701752
0 0.5817251461988304 0.38871832358674463 0.037024853801169696 0.0380969785575049
0 0.6134868421052632 0.5134624756335283 0.0453947368421053 0.044736842105263235
0 0.6947733918128655 0.48161549707602336 0.04703947368421056 0.044749025341130504
0 0.5736476608187134 0.604203216374269 0.053874269005848005 0.056310916179337166
0 0.2994517543859649 0.5108552631578948 0.055299707602339154 0.046454678362573235
0 0.4552997076023391 0.3797880116959064 0.03870614035087714 0.03975389863547762
0 0.4642178362573099 0.496479044834308 0.048757309941520374 0.04805068226120867
0 0.42759502923976606 0.4424829434697856 0.0436769005847953 0.04143518518518506
0 0.3740497076023392 0.409990253411306 0.04371345029239767 0.04307992202729052
0 0.6317616959064327 0.43110380116959063 0.04554093567251458 0.05131578947368429
0 0.53468567251462 0.4334673489278752 0.04203216374269004 0.04142300194931779