0 0.6266447368421053 0.40372807017543855 0.04276315789473684 0.05358187134502925
0 0.48026315789473684 0.39883040935672515 0.04276315789473684 0.05029239766081872
0 0.3256578947368421 0.44309210526315784 0.047697368421052634 0.053691520467836165
0 0.34210526315789475 0.6210891812865498 0.05592105263157895 0.052229532163742556
0 0.5822368421052632 0.5951754385964912 0.047697368421052634 0.055336257309941426
0 0.5197368421052632 0.679312865497076 0.047697368421052634 0.06191520467836248
0 0.4128289473684211 0.3627923976608187 0.044407894736842105 0.053618421052631614
0 0.5592105263157895 0.4762426900584795 0.046052631578947366 0.04707602339181293
0 0.5213815789473685 0.3734283625730994 0.03618421052631579 0.05014619883040934
0 0.6792763157894737 0.5677266081871345 0.05098684210526316 0.050475146198830374
0 0.47368421052631576 0.5138157894736842 0.047697368421052634 0.048757309941520374
0 0.6759868421052632 0.5100877192982456 0.04276315789473684 0.04535818713450293