0 0.6513157894736842 0.46019736842105263 0.039473684210526314 0.04692982456140346
0 0.3355263157894737 0.5617324561403508 0.05592105263157895 0.05716374269005835
0 0.3371710526315789 0.4449926900584795 0.04276315789473684 0.04700292397660819
0 0.5838815789473685 0.5672514619883041 0.047697368421052634 0.06191520467836248
0 0.5723684210526315 0.46995614035087724 0.044407894736842105 0.04703947368421056
0 0.506578947368421 0.43395467836257307 0.03782894736842105 0.04195906432748549
0 0.4901315789473684 0.6177997076023392 0.05263157894736842 0.057090643274853796
0 0.46875 0.49561403508771934 0.05098684210526316 0.053764619883040904
0 0.7236842105263158 0.5785818713450293 0.06085526315789474 0.06385233918128651
0 0.5476973684210527 0.40361842105263157 0.03618421052631579 0.0386330409356725
0 0.4506578947368421 0.3998172514619883 0.03125 0.04016812865497075
0 0.6611842105263158 0.5081140350877194 0.044407894736842105 0.05197368421052635