0 0.6592470760233917 0.42942251461988307 0.03914473684210519 0.04468810916179341
0 0.36433966861598444 0.5813109161793373 0.05414230019493185 0.05137670565302138
0 0.34050925925925923 0.4432992202729044 0.04756335282651071 0.051327972709551556
0 0.512280701754386 0.4107699805068226 0.040740740740740626 0.04305555555555551
0 0.5268396686159844 0.6245248538011696 0.05104775828460025 0.05793128654970752
0 0.7402534113060429 0.5538499025341131 0.05927144249512675 0.057992202729044984
0 0.5824805068226121 0.44808723196881095 0.04577241715399607 0.046381578947368496
0 0.48665935672514626 0.48992446393762185 0.05090155945419115 0.05299707602339173
0 0.5473440545808966 0.37267300194931774 0.037402534113060465 0.04138645224171542
0 0.6087719298245614 0.5581140350877194 0.04775828460038991 0.05790692007797261
0 0.6772538986354777 0.481932261208577 0.045967348927875365 0.05296052631578955
0 0.4454191033138401 0.37507309941520467 0.03246832358674449 0.04134990253411306