0 0.6578947368421053 0.4243421052631579 0.044407894736842105 0.05098684210526316
0 0.3207236842105263 0.5411184210526315 0.049342105263157895 0.054276315789473686
0 0.5575657894736842 0.6661184210526315 0.0625 0.05756578947368421
0 0.42105263157894735 0.6118421052631579 0.05592105263157895 0.05592105263157895
0 0.45723684210526316 0.4029605263157895 0.04276315789473684 0.046052631578947366
0 0.6759868421052632 0.5822368421052632 0.047697368421052634 0.05098684210526316
0 0.5279605263157895 0.37006578947368424 0.03453947368421053 0.04276315789473684
0 0.48026315789473684 0.587171052631579 0.05756578947368421 0.05592105263157895
0 0.43256578947368424 0.4901315789473684 0.049342105263157895 0.047697368421052634
0 0.5296052631578947 0.4769736842105263 0.04111842105263158 0.05263157894736842
0 0.3684210526315789 0.3996710526315789 0.03453947368421053 0.04111842105263158
0 0.34375 0.4375 0.047697368421052634 0.049342105263157895