0 0.7023026315789473 0.45203460038986354 0.049342105263157895 0.044773391812865417
0 0.45230263157894735 0.6052022417153996 0.06578947368421052 0.06792153996101366
0 0.6217105263157895 0.5578947368421052 0.0625 0.06954191033138402
0 0.5740131578947368 0.40364278752436644 0.03782894736842105 0.038109161793372356
0 0.30098684210526316 0.51421783625731 0.06085526315789474 0.05801656920077971
0 0.5345394736842105 0.43354044834308 0.03618421052631579 0.04303118908382069
0 0.36019736842105265 0.42660818713450294 0.03782894736842105 0.04139863547758288
0 0.48848684210526316 0.48980263157894727 0.04276315789473684 0.054593079922027166
0 0.6200657894736842 0.42961744639376215 0.044407894736842105 0.044736842105263235
0 0.6282894736842105 0.4904117933723197 0.05592105263157895 0.053045808966861556
0 0.45230263157894735 0.39467592592592593 0.03289473684210526 0.033138401559454196
0 0.4506578947368421 0.4292275828460039 0.03453947368421053 0.04137426900584797