0 0.38283382066276805 0.4199561403508772 0.04582115009746589 0.04901315789473686
0 0.69375 0.4683601364522418 0.05090155945419115 0.05409356725146203
0 0.6144980506822613 0.4048611111111111 0.037305068226121 0.038901072124756256
0 0.478411306042885 0.367738791423002 0.03570906432748538 0.04049707602339188
0 0.5369517543859649 0.39892787524366474 0.03735380116959064 0.04054580896686161
0 0.5471247563352827 0.46447368421052626 0.05095029239766079 0.055738304093567295
0 0.33283382066276807 0.5103313840155945 0.05767543859649122 0.060867446393762195
0 0.4280336257309942 0.5009259259259259 0.055933235867446404 0.05752923976608184
0 0.4443713450292398 0.44117933723196884 0.04741715399610133 0.04741715399610133
0 0.6217470760233919 0.5939571150097466 0.06251218323586745 0.057724171539960956
0 0.44131335282651074 0.3935307017543859 0.03566033138401574 0.03885233918128662
0 0.4109283625730994 0.5903265107212475 0.07136939571150093 0.07934941520467831