0 0.4753289473684211 0.37664473684210525 0.03782894736842105 0.039473684210526314
0 0.6101973684210527 0.4605263157894737 0.047697368421052634 0.054276315789473686
0 0.6200657894736842 0.40460526315789475 0.04111842105263158 0.046052631578947366
0 0.3980263157894737 0.4506578947368421 0.047697368421052634 0.046052631578947366
0 0.3305921052631579 0.5855263157894737 0.05756578947368421 0.05921052631578947
0 0.6661184210526315 0.5328947368421053 0.054276315789473686 0.0625
0 0.5016447368421053 0.4342105263157895 0.04276315789473684 0.05098684210526316
0 0.5493421052631579 0.6546052631578947 0.054276315789473686 0.06907894736842106
0 0.5740131578947368 0.38651315789473684 0.03289473684210526 0.039473684210526314
0 0.49835526315789475 0.5016447368421053 0.049342105263157895 0.05756578947368421
0 0.39473684210526316 0.41776315789473684 0.03618421052631579 0.04111842105263158
0 0.31085526315789475 0.4819078947368421 0.049342105263157895 0.04276315789473684