0 0.6513157894736842 0.43607456140350875 0.039473684210526314 0.04663742690058489
0 0.3355263157894737 0.5493055555555555 0.05592105263157895 0.056749512670565216
0 0.3371710526315789 0.43250487329434695 0.04276315789473684 0.04668615984405471
0 0.5838815789473685 0.5456262183235868 0.047697368421052634 0.06156189083820663
0 0.5723684210526315 0.44875730994152047 0.044407894736842105 0.04671052631578944
0 0.506578947368421 0.41519249512670564 0.03782894736842105 0.04167884990253418
0 0.4901315789473684 0.5996466861598441 0.05263157894736842 0.05670077972709539
0 0.46875 0.4782529239766082 0.05098684210526316 0.053386939571150135
0 0.7236842105263158 0.5517787524366472 0.06085526315789474 0.063401559454191
0 0.5476973684210527 0.3833333333333333 0.03618421052631579 0.03836500974658875
0 0.4506578947368421 0.3831262183235868 0.03125 0.03993664717348927
0 0.6611842105263158 0.4836257309941521 0.044407894736842105 0.05164473684210541