0 0.6611598440545808 0.46213450292397656 0.04312865497076015 0.05029239766081872
0 0.32880116959064326 0.47119883040935673 0.049756335282651026 0.05701754385964906
0 0.34912280701754383 0.6147660818713451 0.05138888888888884 0.055409356725146165
0 0.3954069200779727 0.3624634502923977 0.04148391812865489 0.05025584795321635
0 0.558053118908382 0.3907529239766082 0.03813352826510727 0.0419590643274854
0 0.4158625730994152 0.487938596491228 0.04472465886939578 0.04374999999999985
0 0.6566520467836257 0.6265350877192982 0.05302144249512664 0.05380116959064327
0 0.477375730994152 0.4004751461988304 0.0397904483430798 0.04364035087719293
0 0.4382797270955166 0.570687134502924 0.048038499025341026 0.04711257309941511
0 0.5326388888888889 0.49053362573099407 0.0514254385964912 0.060343567251461956
0 0.48021442495126704 0.6834795321637427 0.06295077972709569 0.06224415204678361
0 0.3735989278752437 0.4195540935672515 0.03814571150097463 0.04360380116959056