0 0.5298611111111111 0.5257675438596491 0.057200292397660904 0.05798001949317735
0 0.5465277777777778 0.6095394736842106 0.05584795321637421 0.07112573099415218
0 0.6878289473684212 0.5278874269005848 0.058845029239766165 0.057992202729044984
0 0.4381213450292398 0.3948464912280702 0.03541666666666662 0.039729532163742705
0 0.5794590643274854 0.388864522417154 0.032054093567251356 0.03641569200779727
0 0.360453216374269 0.4529970760233918 0.050438596491228005 0.0497076023391812
0 0.6095760233918128 0.48569688109161796 0.052156432748538005 0.053009259259259374
0 0.38636695906432744 0.5087353801169591 0.05727339181286545 0.06126949317738787
0 0.4953216374269006 0.4519980506822612 0.04049707602339188 0.04634502923976594
0 0.32108918128654973 0.6062743664717349 0.07225877192982456 0.0696028265107211
0 0.44579678362573094 0.5921905458089668 0.06743421052631579 0.0745004873294347
0 0.6761695906432749 0.4473684210526316 0.04711257309941511 0.048038499025341214