0 0.46695906432748546 0.38368664717348927 0.03870614035087714 0.04003411306042883
0 0.5999634502923976 0.4695662768031189 0.04890350877192985 0.05498294346978558
0 0.6110745614035087 0.4137914230019493 0.04214181286549714 0.04666179337231961
0 0.38801169590643275 0.45655458089668616 0.04872076023391819 0.04675925925925926
0 0.31758040935672516 0.5904239766081871 0.05888157894736835 0.06006335282651065
0 0.6542763157894737 0.5427631578947368 0.055665204678362556 0.06330409356725154
0 0.4919956140350877 0.4416423001949318 0.04389619883040932 0.051620370370370317
0 0.5347953216374269 0.6627436647173489 0.05581140350877203 0.06988304093567241
0 0.5654239766081871 0.3950170565302144 0.033771929824561356 0.03996101364522418
0 0.4872076023391812 0.5090277777777777 0.05062134502923985 0.05829678362573101
0 0.385453216374269 0.4236111111111111 0.03709795321637425 0.04165448343079927
0 0.3001461988304093 0.48651315789473687 0.05029239766081872 0.04349415204678365