0 0.5933845029239766 0.40348440545808967 0.04142300194931779 0.04172758284600392
0 0.6047880116959065 0.6108674463937621 0.05968567251461989 0.06502192982456136
0 0.460343567251462 0.42618177387914224 0.036476608187134364 0.04000974658869401
0 0.4356481481481482 0.6445419103313841 0.06297514619883042 0.06507066276803118
0 0.7189571150097466 0.4826388888888889 0.05464181286549699 0.05014619883040925
0 0.3698099415204678 0.4149731968810916 0.03650097465886946 0.04329922027290444
0 0.6380726120857699 0.4419712475633528 0.04640594541910341 0.04837962962962961
0 0.4665813840155945 0.3802266081871345 0.03481968810916183 0.038340643274853835
0 0.6288255360623782 0.525706627680312 0.054666179337231904 0.053435672514619774
0 0.5426778752436646 0.44055799220272907 0.03650097465886928 0.04329922027290454
0 0.30646929824561403 0.5225755360623782 0.05798001949317735 0.05677387914230012
0 0.4889254385964912 0.5104775828460039 0.04153265107212471 0.056530214424951375