0 0.6019736842105263 0.39214181286549704 0.04276315789473684 0.051620370370370317
0 0.3618421052631579 0.6106237816764132 0.05921052631578947 0.060087719298245565
0 0.6447368421052632 0.623038499025341 0.054276315789473686 0.060014619883040826
0 0.694078947368421 0.5152168615984405 0.04276315789473684 0.049975633528265236
0 0.4144736842105263 0.43212719298245617 0.04111842105263158 0.049951267056530135
0 0.3256578947368421 0.4554824561403509 0.046052631578947366 0.04837962962962961
0 0.5427631578947368 0.5869883040935673 0.049342105263157895 0.056652046783625565
0 0.46381578947368424 0.37858187134502924 0.03453947368421053 0.04656432748538015
0 0.44243421052631576 0.518067738791423 0.05098684210526316 0.055031676413255404
0 0.5 0.6356968810916179 0.05263157894736842 0.0599902534113061
0 0.3207236842105263 0.5031067251461989 0.047697368421052634 0.05333820662768032
0 0.524671052631579 0.4732334307992203 0.046052631578947366 0.051669103313840135