0 0.530214424951267 0.3657894736842105 0.03815789473684218 0.04468810916179341
0 0.6677997076023392 0.44411549707602344 0.04315302144249506 0.052948343079921904
0 0.30698099415204677 0.5253289473684211 0.05966130604288498 0.06129385964912278
0 0.5863913255360623 0.5537158869395711 0.053045808966861556 0.056310916179337166
0 0.3983918128654971 0.3977095516569201 0.043092105263157876 0.04472465886939578
0 0.38310185185185186 0.4633893762183236 0.04479775828460042 0.05296052631578955
0 0.440911306042885 0.652972709551657 0.06786062378167639 0.058065302144249535
0 0.5081262183235866 0.46102582846003903 0.04644249512670559 0.05297270955165682
0 0.6900828460038987 0.5446150097465887 0.0530336257309941 0.054666179337231904
0 0.4648391812865498 0.5314327485380117 0.048099415204678496 0.05462962962962972
0 0.5777534113060429 0.6095760233918129 0.0514254385964912 0.059588206627680426
0 0.33296783625730997 0.5699317738791422 0.05137670565302138 0.053009259259259374