0 0.34210526315789475 0.4440789473684211 0.049342105263157895 0.05263157894736842
0 0.4588815789473684 0.37664473684210525 0.03782894736842105 0.039473684210526314
0 0.65625 0.5608552631578947 0.06085526315789474 0.05756578947368421
0 0.6595394736842105 0.4457236842105263 0.04276315789473684 0.047697368421052634
0 0.34539473684210525 0.5444078947368421 0.054276315789473686 0.05921052631578947
0 0.5805921052631579 0.4457236842105263 0.044407894736842105 0.047697368421052634
0 0.4440789473684211 0.5740131578947368 0.05098684210526316 0.05263157894736842
0 0.46875 0.46710526315789475 0.047697368421052634 0.05098684210526316
0 0.5131578947368421 0.6907894736842105 0.07072368421052631 0.07236842105263158
0 0.5740131578947368 0.5082236842105263 0.049342105263157895 0.05263157894736842
0 0.5838815789473685 0.38980263157894735 0.04111842105263158 0.04276315789473684
0 0.5838815789473685 0.6019736842105263 0.05263157894736842 0.05098684210526316