0 0.7016691033138402 0.42780214424951263 0.04896442495126694 0.04311647173489288
0 0.6584551656920078 0.578764619883041 0.05946637426900586 0.06457115009746604
0 0.5229288499025341 0.6665570175438597 0.05462962962962972 0.06782407407407401
0 0.44368908382066274 0.43411306042884984 0.044176413255360626 0.04801413255360611
0 0.5586622807017543 0.3741228070175438 0.0406920077972708 0.041410818713450336
0 0.641020955165692 0.4898391812865497 0.05414230019493185 0.05137670565302138
0 0.5118664717348927 0.5151924951267056 0.04427387914230028 0.05130360623781664
0 0.42568226120857694 0.381359649122807 0.039096003898635365 0.04304337231968815
0 0.33628167641325535 0.5829556530214425 0.06580165692007799 0.05639619883040936
0 0.6171539961013646 0.40579922027290444 0.04582115009746589 0.04802631578947367
0 0.34534600389863546 0.44489522417154 0.04562621832358678 0.041447368421052705
0 0.5322612085769981 0.42654727095516565 0.04083820662768028 0.046345029239766126