0 0.3082358674463938 0.4769736842105263 0.05414230019493176 0.05098684210526316
0 0.6614156920077973 0.4917763157894737 0.05752923976608184 0.054276315789473686
0 0.3953216374269006 0.4243421052631579 0.03566033138401555 0.03782894736842105
0 0.36075779727095514 0.5361842105263158 0.05607943469785569 0.06085526315789474
0 0.6039108187134503 0.4342105263157895 0.03566033138401574 0.03782894736842105
0 0.4841617933723197 0.5345394736842105 0.05428849902534114 0.05592105263157895
0 0.5394736842105263 0.4440789473684211 0.037402534113060465 0.04111842105263158
0 0.6206627680311891 0.5904605263157895 0.07794834307992198 0.07730263157894737
0 0.4498781676413255 0.47039473684210525 0.050804093567251504 0.049342105263157895
0 0.5648148148148148 0.4769736842105263 0.044176413255360626 0.047697368421052634
0 0.6259502923976609 0.5230263157894737 0.05423976608187132 0.054276315789473686
0 0.5122928849902535 0.41776315789473684 0.0306286549707603 0.03453947368421053