0 0.32277046783625735 0.5007188109161793 0.05633528265107208 0.05633528265107208
0 0.3928362573099415 0.4124269005847953 0.03650097465886946 0.04303118908382069
0 0.6796296296296296 0.4967836257309942 0.05138888888888884 0.054653996101364635
0 0.6083333333333334 0.4189571150097466 0.03648879142300201 0.04138645224171542
0 0.5239156920077972 0.5679946393762184 0.0530579922027292 0.057955653021442434
0 0.5492324561403509 0.43332115009746586 0.03648879142300201 0.04138645224171542
0 0.6658016569200779 0.6282529239766081 0.06632553606237822 0.07285575048732945
0 0.4055921052631579 0.5802753411306043 0.05968567251461989 0.06458333333333331
0 0.5824561403508772 0.477972709551657 0.04478557504873306 0.05131578947368429
0 0.47062621832358675 0.4787889863547758 0.05137670565302138 0.053009259259259374
0 0.5177144249512671 0.3969054580896686 0.033174951267056565 0.03807261208576999
0 0.6536549707602339 0.5426413255360625 0.04809941520467831 0.05462962962962972