0 0.3470394736842105 0.4457236842105263 0.047697368421052634 0.049342105263157895
0 0.34210526315789475 0.5263157894736842 0.05592105263157895 0.05921052631578947
0 0.6595394736842105 0.4506578947368421 0.04276315789473684 0.047697368421052634
0 0.65625 0.5493421052631579 0.06085526315789474 0.06085526315789474
0 0.46381578947368424 0.3930921052631579 0.03618421052631579 0.03618421052631579
0 0.43914473684210525 0.5542763157894737 0.05263157894736842 0.054276315789473686
0 0.5789473684210527 0.44901315789473684 0.04276315789473684 0.046052631578947366
0 0.47039473684210525 0.4654605263157895 0.047697368421052634 0.049342105263157895
0 0.506578947368421 0.6611842105263158 0.07401315789473684 0.07894736842105263
0 0.5707236842105263 0.5016447368421053 0.049342105263157895 0.054276315789473686
0 0.5805921052631579 0.5805921052631579 0.054276315789473686 0.054276315789473686
0 0.5855263157894737 0.40625 0.039473684210526314 0.039473684210526314