0 0.38132309941520465 0.5120614035087719 0.05727339181286545 0.061683723196881
0 0.4653143274853802 0.3702607212475634 0.033735380116959174 0.03831627680311892
0 0.6153143274853801 0.38728070175438595 0.04046052631578932 0.04499269005847953
0 0.4964912280701754 0.6633893762183236 0.05906432748538 0.06828703703703697
0 0.6036915204678364 0.5301535087719299 0.053764619883040904 0.0517665692007796
0 0.37145467836257307 0.4379264132553606 0.05040204678362573 0.04842836257309944
0 0.5035087719298246 0.4612573099415205 0.04546783625730985 0.0483552631578947
0 0.4116593567251462 0.6193835282651072 0.06228070175438598 0.06504629629629627
0 0.6677631578947368 0.6018031189083821 0.05877192982456143 0.05512914230019486
0 0.30628654970760233 0.6128898635477583 0.07043128654970755 0.061878654970760304
0 0.6982456140350878 0.49373781676413253 0.04886695906432748 0.05333820662768032
0 0.5123172514619883 0.5616837231968811 0.055445906432748535 0.05343567251461996