0 0.5063230994152047 0.5411184210526315 0.057200292397660904 0.058808479532163796
0 0.5192616959064328 0.625328947368421 0.05584795321637421 0.07192982456140354
0 0.6641447368421052 0.5479166666666666 0.058845029239766165 0.058845029239766165
0 0.42043128654970763 0.4075657894736842 0.03541666666666671 0.04024122807017549
0 0.5619883040935673 0.40577485380116957 0.032054093567251356 0.036878654970760226
0 0.34020467836257307 0.46337719298245617 0.050438596491228005 0.05043859649122819
0 0.5877923976608187 0.50343567251462 0.052156432748538005 0.053764619883040904
0 0.36363304093567256 0.5198464912280701 0.05727339181286545 0.062097953216374326
0 0.47507309941520465 0.46637426900584794 0.04049707602339188 0.04692982456140346
0 0.2940423976608187 0.6153874269005848 0.07225877192982456 0.07065058479532157
0 0.4193347953216375 0.6050073099415204 0.06743421052631579 0.07547514619883045
0 0.6560672514619883 0.46710526315789475 0.04711257309941511 0.04872076023391819