0 0.6626340155945419 0.47039473684210525 0.044773391812865417 0.049342105263157895
0 0.3522295321637427 0.4095394736842105 0.03815789473684218 0.044407894736842105
0 0.31998050682261203 0.5444078947368421 0.05633528265107208 0.05592105263157895
0 0.5232577972709551 0.4128289473684211 0.039802631578947444 0.044407894736842105
0 0.572819200779727 0.3832236842105263 0.04143518518518506 0.04276315789473684
0 0.4443713450292398 0.6266447368421053 0.05472709551656919 0.06085526315789474
0 0.6894736842105263 0.6217105263157895 0.05800438596491225 0.05921052631578947
0 0.4759015594541911 0.3667763157894737 0.036513157894736914 0.044407894736842105
0 0.6572612085769981 0.5296052631578947 0.044809941520467966 0.054276315789473686
0 0.5754751461988304 0.46875 0.04640594541910341 0.047697368421052634
0 0.4634990253411305 0.4868421052631579 0.05302144249512664 0.05263157894736842
0 0.5499390838206628 0.5855263157894737 0.04978070175438594 0.05921052631578947