0 0.5183966861598441 0.6095029239766082 0.06966374269005857 0.08099415204678358
0 0.5579191033138402 0.3797636452241715 0.03812134502923981 0.04059454191033134
0 0.4336866471734893 0.5018396686159844 0.05305799220272901 0.05912524366471747
0 0.680787037037037 0.4418981481481481 0.0530336257309941 0.05583576998050694
0 0.44768518518518524 0.387962962962963 0.03813352826510727 0.042239278752436604
0 0.2893640350877193 0.4502071150097466 0.048001949317738844 0.042531676413255365
0 0.6585891812865498 0.5527290448343081 0.05305799220272901 0.05912524366471747
0 0.398062865497076 0.4272538986354776 0.04145955165692007 0.04727095516569204
0 0.34289717348927873 0.5489278752436647 0.05464181286549699 0.050950292397660975
0 0.5114156920077972 0.4419834307992203 0.03650097465886928 0.04383528265107204
0 0.33182261208576996 0.4900584795321637 0.05138888888888893 0.055787037037037114
0 0.5321881091617934 0.5235867446393763 0.04483430799220269 0.05888157894736835