0 0.5148026315789473 0.3667763157894737 0.03618421052631579 0.03782894736842105
0 0.5953947368421053 0.6348684210526315 0.05592105263157895 0.06578947368421052
0 0.6529605263157895 0.4194078947368421 0.044407894736842105 0.05098684210526316
0 0.375 0.46381578947368424 0.049342105263157895 0.054276315789473686
0 0.40131578947368424 0.6266447368421053 0.06085526315789474 0.06085526315789474
0 0.6842105263157895 0.5427631578947368 0.05098684210526316 0.05756578947368421
0 0.4029605263157895 0.3996710526315789 0.044407894736842105 0.047697368421052634
0 0.46710526315789475 0.5427631578947368 0.047697368421052634 0.05756578947368421
0 0.5707236842105263 0.5444078947368421 0.049342105263157895 0.05756578947368421
0 0.2713815789473684 0.524671052631579 0.0625 0.049342105263157895
0 0.34868421052631576 0.5592105263157895 0.05592105263157895 0.06414473684210527
0 0.5049342105263158 0.45394736842105265 0.04111842105263158 0.04276315789473684