0 0.5756578947368421 0.38614766081871343 0.03782894736842105 0.0419590643274854
0 0.4473684210526316 0.3997441520467836 0.03453947368421053 0.04188596491228075
0 0.3371710526315789 0.4548611111111111 0.049342105263157895 0.05372807017543872
0 0.31414473684210525 0.5448099415204678 0.05592105263157895 0.06209795321637414
0 0.40131578947368424 0.4842470760233918 0.049342105263157895 0.058662280701754325
0 0.587171052631579 0.4390350877192983 0.04276315789473684 0.04535818713450293
0 0.65625 0.4849780701754386 0.046052631578947366 0.05036549707602346
0 0.43914473684210525 0.6577850877192981 0.05756578947368421 0.07364766081871353
0 0.649671052631579 0.5933845029239766 0.06414473684210527 0.06228070175438598
0 0.5098684210526315 0.3994883040935672 0.03782894736842105 0.0419590643274854
0 0.4654605263157895 0.4429093567251462 0.044407894736842105 0.05197368421052635
0 0.5230263157894737 0.5066885964912281 0.044407894736842105 0.04868421052631583