0 0.4365497076023392 0.3831262183235868 0.038462475633528205 0.04304337231968815
0 0.5760843079922027 0.3660696881091618 0.040131578947368574 0.044700292397660865
0 0.6630604288499026 0.57557261208577 0.06003898635477574 0.05635964912280699
0 0.35026803118908384 0.553520955165692 0.05012183235867443 0.05299707602339173
0 0.659880604288499 0.47194200779727086 0.0500730994152047 0.0497076023391812
0 0.4385477582846004 0.5179946393762183 0.046832358674463996 0.05297270955165682
0 0.35393518518518513 0.46803118908382063 0.04516325536062382 0.05131578947368429
0 0.52557261208577 0.5087719298245614 0.0517665692007796 0.053009259259259374
0 0.5850877192982457 0.41876218323586745 0.045114522417153996 0.04802631578947367
0 0.4734892787524367 0.43438109161793365 0.043469785575048735 0.04801413255360611
0 0.5038377192982457 0.37375730994152045 0.03674463937621839 0.0380969785575049
0 0.4769249512670565 0.6662889863547757 0.06013645224171539 0.06293859649122804