0 0.35526315789473684 0.43394249512670563 0.05090155945419106 0.05409356725146203
0 0.47004142300194934 0.3630482456140351 0.0389985380116959 0.04059454191033134
0 0.6728679337231969 0.5414108187134503 0.0625609161793371 0.05936890838206622
0 0.6727461013645225 0.42618177387914224 0.044176413255360626 0.04896442495126694
0 0.36152534113060425 0.5341739766081871 0.05603070175438596 0.06081871345029237
0 0.5937987329434699 0.42852095516569194 0.04582115009746589 0.049013157894736765
0 0.46108674463937627 0.5608552631578947 0.05254629629629642 0.05414230019493185
0 0.4825901559454191 0.45321637426900585 0.04920808966861606 0.05240009746588694
0 0.5336257309941521 0.6755847953216375 0.0728679337231969 0.07446393762183252
0 0.5890716374269006 0.4912158869395712 0.05090155945419115 0.05409356725146203
0 0.5954312865497077 0.3725024366471735 0.04238547758284589 0.04398148148148152
0 0.6017178362573099 0.5846734892787525 0.05414230019493185 0.05254629629629642