0 0.6134868421052632 0.4309210526315789 0.03782894736842105 0.039473684210526314
0 0.3782894736842105 0.5641447368421053 0.06085526315789474 0.05921052631578947
0 0.7269736842105263 0.4934210526315789 0.05921052631578947 0.054276315789473686
0 0.31085526315789475 0.47368421052631576 0.05263157894736842 0.049342105263157895
0 0.5641447368421053 0.5657894736842105 0.0625 0.06578947368421052
0 0.6167763157894737 0.5082236842105263 0.05592105263157895 0.054276315789473686
0 0.4786184210526316 0.4342105263157895 0.03782894736842105 0.039473684210526314
0 0.4769736842105263 0.48355263157894735 0.044407894736842105 0.049342105263157895
0 0.5526315789473685 0.44901315789473684 0.03618421052631579 0.039473684210526314
0 0.40460526315789475 0.42105263157894735 0.03289473684210526 0.03453947368421053
0 0.4967105263157895 0.4095394736842105 0.029605263157894735 0.03125
0 0.6480263157894737 0.4588815789473684 0.047697368421052634 0.046052631578947366