0 0.6676169590643276 0.5045443469785575 0.06217105263157887 0.06101364522417148
0 0.4234649122807018 0.3967227095516569 0.033735380116959174 0.03880360623781679
0 0.5180190058479531 0.5796539961013645 0.055884502923976766 0.07397660818713447
0 0.5065423976608187 0.5043859649122806 0.053947368421052556 0.06076998050682273
0 0.3637792397660819 0.4938230994152047 0.05727339181286545 0.06251218323586745
0 0.5600877192982455 0.38774366471734895 0.03040935672514609 0.03706140350877188
0 0.5862207602339181 0.46915204678362565 0.052156432748538005 0.05414230019493185
0 0.2911915204678362 0.5798001949317738 0.07562134502923974 0.0745614035087718
0 0.341812865497076 0.44680799220272904 0.05040204678362573 0.04915935672514624
0 0.41480263157894737 0.5646320662768032 0.06743421052631579 0.07596247563352831
0 0.47507309941520465 0.4412158869395711 0.03881578947368425 0.045528752436647314
0 0.6576754385964912 0.43416179337231964 0.04707602339181293 0.04741715399610133