0 0.680921052631579 0.4588815789473684 0.04276315789473684 0.049342105263157895
0 0.31743421052631576 0.5098684210526315 0.05098684210526316 0.05098684210526316
0 0.5657894736842105 0.3651315789473684 0.03782894736842105 0.044407894736842105
0 0.38980263157894735 0.600328947368421 0.054276315789473686 0.054276315789473686
0 0.4819078947368421 0.3881578947368421 0.04111842105263158 0.04276315789473684
0 0.6365131578947368 0.6365131578947368 0.049342105263157895 0.054276315789473686
0 0.45230263157894735 0.5904605263157895 0.05756578947368421 0.047697368421052634
0 0.39473684210526316 0.3684210526315789 0.03618421052631579 0.039473684210526314
0 0.49835526315789475 0.6891447368421053 0.0625 0.054276315789473686
0 0.43256578947368424 0.4819078947368421 0.046052631578947366 0.046052631578947366
0 0.53125 0.48848684210526316 0.04276315789473684 0.05263157894736842
0 0.3618421052631579 0.40625 0.046052631578947366 0.047697368421052634