0 0.6134868421052632 0.4172880116959064 0.03782894736842105 0.04031432748538004
0 0.3782894736842105 0.5557383040935673 0.06085526315789474 0.060562865497076165
0 0.7269736842105263 0.47726608187134506 0.05921052631578947 0.05559210526315782
0 0.31085526315789475 0.4667763157894737 0.05263157894736842 0.050511695906432744
0 0.5641447368421053 0.5532529239766082 0.0625 0.06717836257309939
0 0.6167763157894737 0.4945175438596491 0.05592105263157895 0.055519005847953086
0 0.4786184210526316 0.42357456140350874 0.03782894736842105 0.040314327485380226
0 0.4769736842105263 0.47295321637426896 0.044407894736842105 0.05032894736842109
0 0.5526315789473685 0.43673245614035083 0.03618421052631579 0.04027777777777767
0 0.40460526315789475 0.4120614035087719 0.03289473684210526 0.035270467836257334
0 0.4967105263157895 0.3985014619883041 0.029605263157894735 0.031907894736842066
0 0.6480263157894737 0.4444809941520467 0.047697368421052634 0.04711257309941511