0 0.6408260233918128 0.3927266081871345 0.03881578947368425 0.04580896686159843
0 0.416922514619883 0.6133650097465887 0.06048976608187143 0.05975877192982462
0 0.3368421052631579 0.4912280701754385 0.053874269005848005 0.057870370370370426
0 0.36078216374269007 0.3833455165692008 0.04046052631578951 0.04586988304093571
0 0.4894005847953216 0.5415448343079922 0.053764619883040904 0.052936159844054635
0 0.525 0.36574074074074076 0.03216374269005846 0.042275828460038974
0 0.7060672514619883 0.5137670565302145 0.052339181286549664 0.06274366471734893
0 0.4547880116959064 0.3913864522417154 0.037024853801169696 0.039169103313840194
0 0.5399853801169591 0.44749025341130605 0.04890350877192985 0.05604288499025332
0 0.4287646198830409 0.4795930799220273 0.05036549707602346 0.04788011695906429
0 0.36187865497076027 0.4326876218323587 0.04035087719298241 0.04093567251461992
0 0.576827485380117 0.6239035087719298 0.05730994152046782 0.06457115009746585