0 0.37006578947368424 0.4309210526315789 0.044407894736842105 0.047697368421052634
0 0.6792763157894737 0.48848684210526316 0.049342105263157895 0.05263157894736842
0 0.6019736842105263 0.42269736842105265 0.03618421052631579 0.03782894736842105
0 0.46710526315789475 0.3815789473684211 0.03453947368421053 0.039473684210526314
0 0.524671052631579 0.4144736842105263 0.03618421052631579 0.039473684210526314
0 0.5328947368421053 0.48026315789473684 0.049342105263157895 0.054276315789473686
0 0.31743421052631576 0.5197368421052632 0.05592105263157895 0.05921052631578947
0 0.4128289473684211 0.5131578947368421 0.054276315789473686 0.05592105263157895
0 0.4309210526315789 0.45394736842105265 0.046052631578947366 0.046052631578947366
0 0.6036184210526315 0.6118421052631579 0.06085526315789474 0.05592105263157895
0 0.4292763157894737 0.40625 0.03453947368421053 0.03782894736842105
0 0.3930921052631579 0.6019736842105263 0.06907894736842106 0.07730263157894737