0 0.5456749512670566 0.6108187134502924 0.06115984405458095 0.06710526315789467
0 0.513754873294347 0.35676169590643275 0.039047270955165726 0.0419590643274853
0 0.4381578947368421 0.5228070175438596 0.04935428849902535 0.056980994152046695
0 0.36330409356725146 0.608296783625731 0.05283869395711499 0.06363304093567249
0 0.5538255360623782 0.502156432748538 0.05085282651072133 0.05208333333333346
0 0.3698221247563353 0.4437865497076024 0.042531676413255365 0.04861111111111109
0 0.416130604288499 0.3786549707602339 0.03914473684210519 0.04524853801169592
0 0.6515107212475634 0.422733918128655 0.05240009746588694 0.04883040935672511
0 0.2767422027290449 0.47872807017543867 0.04920808966861597 0.052046783625730904
0 0.5061890838206627 0.44568713450292397 0.042531676413255365 0.04861111111111109
0 0.6396320662768031 0.5462719298245614 0.05922270955165674 0.057200292397660904
0 0.3193957115009746 0.536951754385965 0.060769980506822543 0.053947368421052556