0 0.5197490253411307 0.340009746588694 0.04513888888888891 0.04999999999999996
0 0.6752680311890839 0.39166666666666666 0.05004873294346979 0.04842836257309944
0 0.30865009746588695 0.4865862573099415 0.04842836257309944 0.05004873294346979
0 0.40625 0.45019493177387915 0.05004873294346979 0.04842836257309944
0 0.36951754385964913 0.3756213450292398 0.048403996101364526 0.048403996101364526
0 0.3491228070175439 0.6418250487329434 0.05333820662768032 0.04847709551656907
0 0.5866959064327485 0.3739035087719298 0.04671052631578944 0.04509015594541908
0 0.6179093567251461 0.4878776803118908 0.05164473684210541 0.04516325536062382
0 0.4971247563352826 0.4235745614035088 0.04842836257309925 0.05004873294346979
0 0.5294834307992202 0.6823343079922027 0.04192251461988312 0.054885477582845926
0 0.6362329434697855 0.5835648148148147 0.053313840155945404 0.04683235867446381
0 0.49703947368421053 0.5403752436647173 0.04516325536062382 0.05164473684210541