0 0.36706871345029246 0.3963815789473684 0.044700292397660865 0.04046052631578951
0 0.5578094541910331 0.3987207602339181 0.03981481481481471 0.04692982456140346
0 0.34011939571150096 0.48249269005847956 0.05471491228070173 0.060416666666666695
0 0.3376340155945419 0.596016081871345 0.06295077972709551 0.06224415204678361
0 0.5154239766081871 0.34868421052631576 0.03321150097465875 0.04349415204678365
0 0.4752923976608187 0.6603801169590643 0.06633771929824549 0.07547514619883045
0 0.6431286549707602 0.4247807017543859 0.041459551656919974 0.04696637426900583
0 0.4676778752436648 0.3563230994152047 0.041447368421052705 0.04532163742690056
0 0.6716983430799219 0.5639254385964912 0.059600389863547695 0.053947368421052556
0 0.45560428849902534 0.4322368421052631 0.04644249512670559 0.05365497076023398
0 0.3843323586744639 0.5078216374269007 0.04807504873294349 0.052046783625730904
0 0.516045321637427 0.48680555555555555 0.04142300194931779 0.04203216374269004