0 0.6843201754385966 0.4790570175438596 0.04312865497076015 0.05060916179337221
0 0.3212110136452242 0.5192738791423002 0.051364522417153925 0.05249756335282659
0 0.5684941520467837 0.3818957115009746 0.03815789473684218 0.045528752436647134
0 0.3942495126705653 0.6118786549707602 0.05467836257309936 0.05588450292397658
0 0.4847831384015595 0.40243664717348926 0.04143518518518506 0.04398148148148152
0 0.6412280701754386 0.6553728070175439 0.04974415204678357 0.055738304093567295
0 0.45667641325536057 0.6038620857699805 0.05791910331384025 0.04940302144249518
0 0.3974658869395712 0.38011695906432746 0.03647660818713455 0.04054580896686161
0 0.5034600389863547 0.7039108187134503 0.06290204678362586 0.05612816764132551
0 0.43613547758284604 0.4947246588693957 0.046393762183235765 0.04741715399610133
0 0.5348684210526317 0.5042275828460039 0.04315302144249506 0.05389863547758292
0 0.3648513645224172 0.41697124756335285 0.04640594541910331 0.04906189083820659