0 0.34373781676413256 0.44058235867446394 0.048062865497076036 0.05004873294346979
0 0.3382066276803119 0.5212475633528266 0.05635964912280699 0.06003898635477574
0 0.6562012670565301 0.4408869395711501 0.04311647173489288 0.04833089668615979
0 0.6521807992202729 0.5396198830409357 0.06130604288499024 0.06175682261208574
0 0.46090399610136457 0.3862207602339181 0.03645224171539964 0.03672027290448339
0 0.43503898635477584 0.5477704678362574 0.0530336257309941 0.05505604288499013
0 0.5756213450292398 0.4404361598440546 0.043104288499025235 0.046686159844054526
0 0.46694688109161797 0.4584917153996101 0.04806286549707594 0.05004873294346979
0 0.5016812865497077 0.6536793372319688 0.07459795321637436 0.08004385964912275
0 0.5670077972709552 0.4931895711500975 0.04974415204678376 0.05500730994152049
0 0.5762914230019492 0.5719907407407409 0.05467836257309955 0.055080409356725035
0 0.5825170565302145 0.39757553606237817 0.03976608187134489 0.04005847953216374