0 0.5175194931773879 0.3667763157894737 0.036464424951267095 0.03782894736842105
0 0.6000974658869396 0.6348684210526315 0.05640838206627682 0.06578947368421052
0 0.6560672514619883 0.4194078947368421 0.04478557504873306 0.05098684210526316
0 0.3784356725146199 0.46381578947368424 0.04974415204678357 0.054276315789473686
0 0.4059576023391813 0.6266447368421053 0.06130604288499024 0.06085526315789474
0 0.6882309941520468 0.5427631578947368 0.051413255360623744 0.05756578947368421
0 0.40592105263157896 0.3996710526315789 0.04476120857699796 0.047697368421052634
0 0.47112573099415206 0.5427631578947368 0.04812378167641322 0.05756578947368421
0 0.5747563352826511 0.5444078947368421 0.04976851851851867 0.05756578947368421
0 0.27526803118908383 0.524671052631579 0.0628654970760234 0.049342105263157895
0 0.3528265107212476 0.5592105263157895 0.05639619883040936 0.06414473684210527
0 0.508296783625731 0.45394736842105265 0.04143518518518506 0.04276315789473684