0 0.36348684210526316 0.4095394736842105 0.044407894736842105 0.04276315789473684
0 0.6661184210526315 0.5625 0.06085526315789474 0.05592105263157895
0 0.5131578947368421 0.37335526315789475 0.03782894736842105 0.04276315789473684
0 0.5986842105263158 0.4457236842105263 0.044407894736842105 0.046052631578947366
0 0.32730263157894735 0.5197368421052632 0.05756578947368421 0.05592105263157895
0 0.5476973684210527 0.631578947368421 0.06414473684210527 0.07236842105263158
0 0.4194078947368421 0.555921052631579 0.05592105263157895 0.05592105263157895
0 0.6480263157894737 0.46710526315789475 0.05263157894736842 0.05098684210526316
0 0.46875 0.6513157894736842 0.05592105263157895 0.06085526315789474
0 0.48026315789473684 0.4605263157894737 0.03782894736842105 0.05098684210526316
0 0.5427631578947368 0.5164473684210527 0.049342105263157895 0.054276315789473686
0 0.6101973684210527 0.3963815789473684 0.03782894736842105 0.039473684210526314