0 0.6546052631578947 0.5456262183235868 0.05098684210526316 0.05123050682261209
0 0.5098684210526315 0.5435550682261209 0.044407894736842105 0.05098684210526316
0 0.4243421052631579 0.42032163742690054 0.03125 0.038986354775828444
0 0.5740131578947368 0.48507553606237824 0.04111842105263158 0.04428606237816755
0 0.5296052631578947 0.6298123781676414 0.05592105263157895 0.0629264132553606
0 0.569078947368421 0.4191033138401559 0.03289473684210526 0.03740253411306037
0 0.375 0.5254020467836258 0.044407894736842105 0.05098684210526316
0 0.3125 0.5954556530214425 0.05921052631578947 0.059758771929824435
0 0.35526315789473684 0.4654605263157895 0.03782894736842105 0.04416423001949317
0 0.4934210526315789 0.47222222222222215 0.03782894736842105 0.04416423001949336
0 0.4243421052631579 0.611111111111111 0.05592105263157895 0.06950536062378164
0 0.6529605263157895 0.4830653021442495 0.04276315789473684 0.04599171539961009