0 0.6772538986354777 0.47993421052631574 0.05791910331384025 0.048976608187134583
0 0.5545443469785575 0.3955043859649123 0.046454678362573235 0.055299707602339154
0 0.3073221247563353 0.4700657894736842 0.05135233918128656 0.050475146198830374
0 0.4183845029239766 0.3508406432748538 0.04476120857699805 0.04868421052631583
0 0.6055190058479533 0.396016081871345 0.044773391812865417 0.05032894736842109
0 0.4889619883040936 0.5910087719298246 0.04647904483430796 0.058589181286549774
0 0.592166179337232 0.6446271929824562 0.05311890838206629 0.06695906432748537
0 0.37370857699805066 0.610014619883041 0.051449805068226113 0.06363304093567249
0 0.5303118908382066 0.3368421052631579 0.04148391812865489 0.05025584795321635
0 0.635343567251462 0.5877558479532163 0.056347465886939535 0.058808479532163796
0 0.5604410331384017 0.4874634502923977 0.04479775828460033 0.053618421052631614
0 0.46521686159844056 0.4665570175438597 0.04311647173489288 0.04864766081871346