0 0.3665204678362573 0.42030945419103316 0.04472465886939578 0.04407894736842107
0 0.6702850877192982 0.5822368421052632 0.06126949317738787 0.057724171539960956
0 0.5159234892787524 0.38855994152046786 0.03814571150097454 0.043884015594541866
0 0.6019858674463938 0.46346247563352827 0.044749025341130504 0.047368421052631504
0 0.3311525341130604 0.5294346978557506 0.05798001949317735 0.057626705653021304
0 0.552375730994152 0.6478070175438596 0.06468079922027296 0.07426900584795323
0 0.423525828460039 0.5683479532163742 0.05633528265107208 0.057577972709551666
0 0.6514863547758284 0.4863060428849902 0.053009259259259374 0.05254629629629642
0 0.4735745614035088 0.6652046783625731 0.05637183235867445 0.06251218323586745
0 0.4836744639376218 0.4747563352826511 0.03820662768031182 0.052107699805068186
0 0.5465886939571151 0.5325292397660819 0.04974415204678376 0.055738304093567295
0 0.6131335282651073 0.41446150097465884 0.03812134502923981 0.04059454191033134