0 0.6266447368421053 0.38980263157894735 0.04276315789473684 0.05263157894736842
0 0.48026315789473684 0.3881578947368421 0.04276315789473684 0.049342105263157895
0 0.3256578947368421 0.43585526315789475 0.047697368421052634 0.05263157894736842
0 0.34210526315789475 0.6134868421052632 0.05592105263157895 0.05098684210526316
0 0.5822368421052632 0.5822368421052632 0.047697368421052634 0.054276315789473686
0 0.5197368421052632 0.6677631578947368 0.047697368421052634 0.06085526315789474
0 0.4128289473684211 0.3536184210526316 0.044407894736842105 0.05263157894736842
0 0.5592105263157895 0.46381578947368424 0.046052631578947366 0.046052631578947366
0 0.5213815789473685 0.3618421052631579 0.03618421052631579 0.049342105263157895
0 0.6792763157894737 0.5526315789473685 0.05098684210526316 0.049342105263157895
0 0.47368421052631576 0.5032894736842105 0.047697368421052634 0.047697368421052634
0 0.6759868421052632 0.49506578947368424 0.04276315789473684 0.044407894736842105