0 0.6192495126705653 0.43015350877192976 0.03914473684210519 0.04524853801169602
0 0.3843445419103314 0.6372441520467836 0.060916179337231924 0.05888157894736835
0 0.3107456140350877 0.5105263157894736 0.05428849902534114 0.057090643274853796
0 0.340229044834308 0.40420321637426904 0.04078947368421054 0.04528508771929829
0 0.4604044834307992 0.5698099415204678 0.05414230019493185 0.052156432748538005
0 0.5050438596491228 0.3963450292397661 0.032468323586744674 0.04181286549707602
0 0.6780945419103314 0.5548976608187135 0.052789961013645165 0.06198830409356722
0 0.4336379142300195 0.41779970760233914 0.03730506822612081 0.0386330409356725
0 0.5157651072124757 0.47887426900584795 0.049305555555555526 0.055336257309941426
0 0.4030945419103314 0.5043494152046784 0.05070662768031185 0.04714912280701748
0 0.33876705653021444 0.45354532163742695 0.04064327485380117 0.04035087719298241
0 0.543396686159844 0.6572368421052632 0.057772904483430775 0.06374269005847939