0 0.5904605263157895 0.39473684210526316 0.04111842105263158 0.04111842105263158
0 0.600328947368421 0.6019736842105263 0.05921052631578947 0.06414473684210527
0 0.45723684210526316 0.4194078947368421 0.03618421052631579 0.039473684210526314
0 0.4309210526315789 0.6381578947368421 0.0625 0.06414473684210527
0 0.7154605263157895 0.4720394736842105 0.054276315789473686 0.049342105263157895
0 0.3667763157894737 0.4095394736842105 0.03618421052631579 0.04276315789473684
0 0.6348684210526315 0.43256578947368424 0.046052631578947366 0.047697368421052634
0 0.46381578947368424 0.37335526315789475 0.03453947368421053 0.03782894736842105
0 0.625 0.5164473684210527 0.054276315789473686 0.05263157894736842
0 0.5394736842105263 0.43256578947368424 0.03618421052631579 0.04276315789473684
0 0.3026315789473684 0.5180921052631579 0.05756578947368421 0.05592105263157895
0 0.48519736842105265 0.5032894736842105 0.04111842105263158 0.05592105263157895