0 0.6792763157894737 0.524671052631579 0.06085526315789474 0.05921052631578947
0 0.43256578947368424 0.4095394736842105 0.03289473684210526 0.03782894736842105
0 0.53125 0.5953947368421053 0.054276315789473686 0.07236842105263158
0 0.5180921052631579 0.5197368421052632 0.05263157894736842 0.05921052631578947
0 0.375 0.5049342105263158 0.05592105263157895 0.06085526315789474
0 0.569078947368421 0.40460526315789475 0.029605263157894735 0.03618421052631579
0 0.5970394736842105 0.4868421052631579 0.05098684210526316 0.05263157894736842
0 0.3042763157894737 0.5888157894736842 0.07401315789473684 0.07236842105263158
0 0.3519736842105263 0.45723684210526316 0.049342105263157895 0.047697368421052634
0 0.4276315789473684 0.5773026315789473 0.06578947368421052 0.07401315789473684
0 0.48519736842105265 0.4555921052631579 0.03782894736842105 0.044407894736842105
0 0.6677631578947368 0.45394736842105265 0.046052631578947366 0.046052631578947366