0 0.5728923001949319 0.3904117933723197 0.03813352826510727 0.042239278752436604
0 0.4444809941520467 0.40305799220272903 0.03484405458089674 0.04214181286549714
0 0.3338572124756335 0.45735867446393763 0.04973196881091611 0.05409356725146203
0 0.3101608187134503 0.5471369395711502 0.05637183235867445 0.06251218323586745
0 0.39779483430799223 0.48721978557504875 0.04976851851851848 0.05902777777777782
0 0.5840155945419102 0.44338450292397663 0.043092105263157966 0.04567495126705642
0 0.6527655945419104 0.4898391812865497 0.04641812865497068 0.05070662768031185
0 0.4343445419103314 0.6610380116959064 0.058101851851851904 0.07407407407407413
0 0.6453825536062378 0.598196881091618 0.06459551656920096 0.06275584795321638
0 0.5069931773879142 0.40326510721247566 0.03813352826510727 0.042239278752436694
0 0.46225633528265114 0.4463572124756335 0.04478557504873306 0.052302631578947295
0 0.5193591617933724 0.510562865497076 0.04476120857699815 0.049013157894736765