0 0.3881578947368421 0.3708942495126706 0.049342105263157895 0.05171783625730996
0 0.5164473684210527 0.29169103313840156 0.04276315789473684 0.0565545808966861
0 0.5608552631578947 0.3798489278752437 0.04111842105263158 0.049951267056530135
0 0.31743421052631576 0.5068104288499026 0.05098684210526316 0.053386939571150135
0 0.4029605263157895 0.5203460038986355 0.05098684210526316 0.051742202729044874
0 0.6414473684210527 0.42141812865497075 0.04276315789473684 0.045041423001949264
0 0.5296052631578947 0.5003776803118909 0.049342105263157895 0.0500730994152047
0 0.4588815789473684 0.34517543859649125 0.039473684210526314 0.04992690058479532
0 0.4407894736842105 0.4326145224171539 0.049342105263157895 0.05336257309941522
0 0.6677631578947368 0.5575414230019493 0.054276315789473686 0.04521198830409346
0 0.5279605263157895 0.6879020467836257 0.05263157894736842 0.06163499025341118
0 0.36348684210526316 0.6261939571150098 0.05592105263157895 0.051815302144249425