0 0.649671052631579 0.4342105263157895 0.044407894736842105 0.046052631578947366
0 0.5674342105263158 0.5213815789473685 0.049342105263157895 0.05921052631578947
0 0.5164473684210527 0.3996710526315789 0.03453947368421053 0.03453947368421053
0 0.37993421052631576 0.4605263157894737 0.049342105263157895 0.05098684210526316
0 0.2713815789473684 0.5016447368421053 0.06085526315789474 0.05098684210526316
0 0.41118421052631576 0.4194078947368421 0.04276315789473684 0.04111842105263158
0 0.46381578947368424 0.5180921052631579 0.046052631578947366 0.05592105263157895
0 0.600328947368421 0.5921052631578947 0.06085526315789474 0.07072368421052631
0 0.506578947368421 0.4555921052631579 0.03782894736842105 0.04111842105263158
0 0.39473684210526316 0.5805921052631579 0.0625 0.05921052631578947
0 0.34539473684210525 0.5296052631578947 0.05756578947368421 0.06414473684210527
0 0.6891447368421053 0.5213815789473685 0.049342105263157895 0.05756578947368421