0 0.4095394736842105 0.3928362573099415 0.03782894736842105 0.04468810916179341
0 0.5592105263157895 0.637365984405458 0.054276315789473686 0.06783625730994165
0 0.53125 0.5450536062378167 0.05263157894736842 0.056310916179337166
0 0.3815789473684211 0.5373659844054581 0.054276315789473686 0.06125730994152041
0 0.6825657894736842 0.5330165692007798 0.05592105263157895 0.05633528265107208
0 0.600328947368421 0.4912889863547758 0.05098684210526316 0.05136452241715411
0 0.4819078947368421 0.46080653021442497 0.039473684210526314 0.05127923976608173
0 0.34210526315789475 0.6587841130604288 0.06414473684210527 0.0679093567251462
0 0.5526315789473685 0.3725146198830409 0.03289473684210526 0.036427875243664726
0 0.34210526315789475 0.4729288499025341 0.05263157894736842 0.04973196881091611
0 0.4605263157894737 0.6267665692007798 0.0625 0.06789717348927875
0 0.6595394736842105 0.4407407407407407 0.047697368421052634 0.04805068226120867