0 0.649671052631579 0.40789473684210525 0.039473684210526314 0.046052631578947366
0 0.5789473684210527 0.6266447368421053 0.05098684210526316 0.06743421052631579
0 0.506578947368421 0.37664473684210525 0.03289473684210526 0.04111842105263158
0 0.42269736842105265 0.4769736842105263 0.049342105263157895 0.05098684210526316
0 0.38980263157894735 0.4128289473684211 0.04276315789473684 0.044407894736842105
0 0.618421052631579 0.4555921052631579 0.04111842105263158 0.047697368421052634
0 0.3519736842105263 0.6019736842105263 0.06578947368421052 0.06414473684210527
0 0.49506578947368424 0.506578947368421 0.044407894736842105 0.05592105263157895
0 0.5740131578947368 0.38980263157894735 0.03289473684210526 0.03782894736842105
0 0.6546052631578947 0.5361842105263158 0.049342105263157895 0.05592105263157895
0 0.3371710526315789 0.4720394736842105 0.054276315789473686 0.05098684210526316
0 0.5032894736842105 0.4276315789473684 0.03618421052631579 0.044407894736842105