0 0.6107699805068226 0.5797027290448343 0.061354775828460065 0.06833576998050679
0 0.5743908382066276 0.38453947368421054 0.03977826510721253 0.041703216374269006
0 0.4459186159844054 0.6331262183235867 0.06298732943469787 0.06671539961013644
0 0.7054946393762183 0.44673489278752443 0.05298489278752446 0.04847709551656907
0 0.6229044834307992 0.49565058479532165 0.054666179337231904 0.05343567251461996
0 0.44585769980506823 0.4193347953216374 0.03648879142300201 0.04165448343079918
0 0.29870857699805065 0.5251218323586745 0.06126949317738787 0.05682261208576995
0 0.484770955165692 0.49440789473684216 0.044822124756335235 0.0565789473684212
0 0.6218445419103313 0.4167275828460039 0.04640594541910341 0.04837962962962961
0 0.3538011695906432 0.41412037037037036 0.03812134502923981 0.04003411306042892
0 0.4478313840155945 0.37490253411306046 0.03318713450292402 0.03996101364522418
0 0.5313474658869396 0.4230019493177388 0.03814571150097454 0.04332358674463945