0 0.3665204678362573 0.39876949317738797 0.04472465886939578 0.044078947368420975
0 0.6702850877192982 0.5427631578947368 0.06126949317738787 0.057724171539960956
0 0.5159234892787524 0.3581505847953216 0.03814571150097454 0.043884015594541866
0 0.6019858674463938 0.4279848927875244 0.044749025341130504 0.047368421052631504
0 0.3311525341130604 0.5100389863547757 0.05798001949317735 0.057626705653021304
0 0.552375730994152 0.6153508771929824 0.06468079922027296 0.07426900584795323
0 0.423525828460039 0.5434941520467836 0.05633528265107208 0.057577972709551666
0 0.6514863547758284 0.44790448343079925 0.053009259259259374 0.05254629629629642
0 0.4735745614035088 0.6374269005847953 0.05637183235867445 0.06251218323586745
0 0.4836744639376218 0.4462962962962963 0.03820662768031182 0.052107699805068186
0 0.5465886939571151 0.5003654970760234 0.04974415204678376 0.055738304093567295
0 0.6131335282651073 0.378301656920078 0.03812134502923981 0.04059454191033134