0 0.3305921052631579 0.4621710526315789 0.05098684210526316 0.05756578947368421
0 0.43256578947368424 0.3782894736842105 0.03782894736842105 0.04276315789473684
0 0.6677631578947368 0.5427631578947368 0.05592105263157895 0.05756578947368421
0 0.6463815789473685 0.4292763157894737 0.039473684210526314 0.047697368421052634
0 0.569078947368421 0.43585526315789475 0.04111842105263158 0.047697368421052634
0 0.5608552631578947 0.3815789473684211 0.039473684210526314 0.04276315789473684
0 0.35855263157894735 0.5674342105263158 0.049342105263157895 0.05921052631578947
0 0.4654605263157895 0.47039473684210525 0.049342105263157895 0.05263157894736842
0 0.46875 0.5855263157894737 0.05263157894736842 0.05098684210526316
0 0.5657894736842105 0.6907894736842105 0.06907894736842106 0.07236842105263158
0 0.5773026315789473 0.5016447368421053 0.04276315789473684 0.05098684210526316
0 0.6101973684210527 0.59375 0.05263157894736842 0.05263157894736842