0 0.582614522417154 0.6066398635477582 0.06115984405458095 0.06754385964912271
0 0.5355872319688109 0.35287524366471734 0.039047270955165726 0.042239278752436604
0 0.4697368421052632 0.5194444444444444 0.04935428849902535 0.05733430799220273
0 0.3998538011695907 0.6054702729044834 0.05283869395711499 0.06401072124756343
0 0.5843323586744639 0.4979410331384016 0.05085282651072133 0.052448830409356766
0 0.39662524366471735 0.4409478557504873 0.042531676413255365 0.04891569200779712
0 0.4391325536062378 0.37548732943469787 0.03914473684210519 0.045528752436647134
0 0.6774366471734893 0.41781189083820663 0.05240009746588694 0.04920808966861597
0 0.3054946393762183 0.47657163742690056 0.04920808966861597 0.05240009746588694
0 0.5332846003898636 0.4418372319688109 0.042531676413255365 0.04891569200779731
0 0.6728679337231969 0.5414108187134503 0.05922270955165674 0.057626705653021304
0 0.3516569200779727 0.5344663742690058 0.060769980506822543 0.0543859649122806