0 0.32646198830409356 0.5007188109161793 0.05674951267056531 0.05633528265107208
0 0.3958698830409356 0.4124269005847953 0.036817738791422944 0.04303118908382069
0 0.6832724171539961 0.4967836257309942 0.0517909356725147 0.054653996101364635
0 0.6114035087719298 0.4189571150097466 0.03679337231968822 0.04138645224171542
0 0.5280945419103313 0.5679946393762184 0.0534844054580896 0.057955653021442434
0 0.5524122807017544 0.43332115009746586 0.03679337231968822 0.04138645224171542
0 0.6704191033138402 0.6282529239766081 0.06686159844054591 0.07285575048732945
0 0.40986842105263155 0.5802753411306043 0.060160818713450304 0.06458333333333331
0 0.5859649122807017 0.477972709551657 0.04516325536062382 0.05131578947368429
0 0.47414717348927876 0.4787889863547758 0.05176656920077979 0.053009259259259374
0 0.5206262183235867 0.3969054580896686 0.03345516569200787 0.03807261208576999
0 0.6576388888888889 0.5426413255360625 0.04850146198830398 0.05462962962962972