0 0.4457236842105263 0.6381578947368421 0.05921052631578947 0.05921052631578947
0 0.5904605263157895 0.3930921052631579 0.03618421052631579 0.03782894736842105
0 0.625 0.5180921052631579 0.044407894736842105 0.044407894736842105
0 0.7055921052631579 0.4868421052631579 0.046052631578947366 0.044407894736842105
0 0.587171052631579 0.6085526315789473 0.05263157894736842 0.05592105263157895
0 0.31085526315789475 0.5131578947368421 0.054276315789473686 0.046052631578947366
0 0.46381578947368424 0.3832236842105263 0.03782894736842105 0.039473684210526314
0 0.4753289473684211 0.5 0.047697368421052634 0.047697368421052634
0 0.4375 0.4457236842105263 0.04276315789473684 0.04111842105263158
0 0.3832236842105263 0.4128289473684211 0.04276315789473684 0.04276315789473684
0 0.6414473684210527 0.43585526315789475 0.044407894736842105 0.05098684210526316
0 0.5444078947368421 0.4375 0.04111842105263158 0.04111842105263158