0 0.4019736842105263 0.39093567251461986 0.04214181286549705 0.04696637426900583
0 0.5960891812865498 0.6104166666666666 0.05899122807017545 0.06542397660818722
0 0.5410818713450292 0.35657894736842105 0.03534356725146188 0.036951754385964965
0 0.4002558479532164 0.5357821637426902 0.057236842105263086 0.06045321637426887
0 0.6922514619883041 0.4947368421052632 0.052229532163742556 0.05705409356725143
0 0.49046052631578946 0.4482090643274854 0.0406067251461988 0.05186403508771925
0 0.6092836257309941 0.4636695906432749 0.04879385964912293 0.05040204678362564
0 0.34634502923976607 0.47938596491228064 0.05380116959064327 0.05380116959064327
0 0.385014619883041 0.6644736842105263 0.06231725146198835 0.06714181286549703
0 0.4991228070175439 0.6158625730994153 0.06396198830409361 0.06717836257309939
0 0.5530336257309941 0.5241593567251461 0.055555555555555636 0.05877192982456143
0 0.6541666666666667 0.41001461988304094 0.04543128654970767 0.04703947368421056