0 0.530214424951267 0.34605263157894733 0.03815789473684218 0.045528752436647134
0 0.6677997076023392 0.41926169590643275 0.04315302144249506 0.05389863547758292
0 0.30698099415204677 0.5138157894736842 0.05966130604288498 0.06260964912280692
0 0.5863913255360623 0.5318469785575048 0.053045808966861556 0.05748050682261202
0 0.3983918128654971 0.38284600389863543 0.043092105263157876 0.045674951267056604
0 0.38310185185185186 0.4490740740740741 0.04479775828460042 0.053947368421052556
0 0.440911306042885 0.636464424951267 0.06786062378167639 0.05956384015594551
0 0.5081262183235866 0.44208089668615985 0.04644249512670559 0.05399610136452238
0 0.6900828460038987 0.5189083820662768 0.0530336257309941 0.05583576998050675
0 0.4648391812865498 0.5140716374269005 0.048099415204678496 0.05568957115009747
0 0.5777534113060429 0.5880116959064327 0.0514254385964912 0.060721247563352905
0 0.33296783625730997 0.5574439571150097 0.05137670565302138 0.05414230019493185