0 0.4504507797270955 0.644761208576998 0.05964912280701752 0.060087719298245565
0 0.5933723196881091 0.4018396686159844 0.036464424951267095 0.03836500974658865
0 0.6288377192982457 0.5273513645224172 0.044736842105263235 0.04506578947368417
0 0.7091983430799221 0.4972953216374269 0.046381578947368496 0.04509015594541908
0 0.5916788499025342 0.617251461988304 0.053045808966861556 0.05670077972709558
0 0.314656432748538 0.5177631578947368 0.054617446393762176 0.04685672514619872
0 0.46665448343079924 0.3900950292397661 0.03812134502923981 0.04003411306042883
0 0.4790326510721247 0.507041910331384 0.04805068226120867 0.048403996101364526
0 0.440801656920078 0.4522051656920078 0.04306773879142306 0.041751949317738735
0 0.38628167641325534 0.4185063352826511 0.04307992202729042 0.043396686159843996
0 0.6446759259259259 0.4453581871345029 0.04478557504873306 0.05164473684210522
0 0.5476486354775828 0.44556530214424955 0.04142300194931779 0.04172758284600401