0 0.44117933723196884 0.6297880116959064 0.06347465886939574 0.06717836257309939
0 0.5731481481481482 0.37858187134502924 0.03838937621832366 0.03866959064327487
0 0.608077485380117 0.5734649122807017 0.06018518518518521 0.06710526315789467
0 0.6191642300194932 0.4910087719298245 0.05505604288499013 0.053837719298245636
0 0.294785575048733 0.5228801169590643 0.06170808966861591 0.05891812865497072
0 0.4443713450292398 0.41432748538011693 0.03679337231968822 0.04192251461988312
0 0.700462962962963 0.4415204678362573 0.051669103313840135 0.04718567251461985
0 0.48105506822612093 0.4907894736842105 0.0435672514619882 0.05522660818713451
0 0.44500487329434696 0.3715643274853801 0.03347953216374278 0.04020467836257312
0 0.3506944444444445 0.4114766081871345 0.038413742690058476 0.04031432748538013
0 0.6186647173489279 0.4137426900584795 0.04675925925925926 0.04872076023391819
0 0.5281554580896686 0.4190423976608187 0.03681773879142313 0.043567251461988386