0 0.3508771929824562 0.4638279727095517 0.0497076023391813 0.05498294346978558
0 0.4133771929824562 0.3316033138401559 0.04647904483430805 0.05657894736842101
0 0.6880482456140351 0.4688230994152047 0.046052631578947366 0.04506578947368436
0 0.4974415204678363 0.692848440545809 0.057809454191033144 0.051815302144249425
0 0.589303118908382 0.3769493177387914 0.0428849902534114 0.04830653021442497
0 0.500791910331384 0.3838572124756336 0.04452972709551667 0.04833089668615979
0 0.4621101364522417 0.5821881091617933 0.04788011695906429 0.05002436647173506
0 0.6650828460038987 0.6476608187134503 0.051291423001949374 0.05336257309941522
0 0.3764010721247563 0.6203703703703705 0.051291423001949374 0.053362573099415035
0 0.5526315789473685 0.49640594541910327 0.054702729044834274 0.05670077972709539
0 0.4356115984405458 0.48809697855750483 0.04781920077972719 0.04837962962962961
0 0.3913864522417154 0.40360623781676414 0.042824074074074125 0.0466617933723197