0 0.6164351851851851 0.3980263157894737 0.03815789473684218 0.044407894736842105
0 0.3311769005847953 0.5230263157894737 0.057955653021442524 0.05263157894736842
0 0.4388523391812865 0.40460526315789475 0.04311647173489288 0.047697368421052634
0 0.3581627680311891 0.39144736842105265 0.044749025341130594 0.046052631578947366
0 0.5175682261208576 0.37335526315789475 0.03650097465886928 0.04276315789473684
0 0.4437743664717349 0.625 0.06296296296296296 0.0625
0 0.6914717348927875 0.5361842105263158 0.05136452241715411 0.05098684210526316
0 0.42802144249512675 0.4967105263157895 0.05137670565302138 0.05263157894736842
0 0.5363913255360624 0.4720394736842105 0.04312865497076015 0.049342105263157895
0 0.34710038986354774 0.45230263157894735 0.048062865497076036 0.049342105263157895
0 0.5639132553606238 0.6348684210526315 0.05472709551656919 0.06085526315789474
0 0.5319931773879143 0.5444078947368421 0.048099415204678496 0.054276315789473686