0 0.549183723196881 0.43483187134502915 0.034795321637426914 0.035307017543859696
0 0.2929337231968811 0.4735380116959065 0.04636939571150095 0.04378654970760241
0 0.6777290448343081 0.47222222222222215 0.04969541910331393 0.04879385964912293
0 0.40300925925925923 0.4595394736842105 0.04143518518518516 0.04367690058479549
0 0.3559210526315789 0.5407163742690059 0.05796783625730989 0.055555555555555636
0 0.4472465886939571 0.4375 0.038109161793372356 0.03866959064327478
0 0.446125730994152 0.508187134502924 0.04974415204678376 0.05537280701754398
0 0.5498416179337232 0.5236476608187134 0.046454678362573235 0.055299707602339244
0 0.3408260233918129 0.5009137426900585 0.05302144249512664 0.05380116959064327
0 0.5453460038986355 0.5827485380116959 0.05643274853801173 0.07032163742690045
0 0.6782529239766082 0.5429459064327485 0.054702729044834274 0.05877192982456143
0 0.5215034113060429 0.4720394736842105 0.03318713450292402 0.04020467836257312