0 0.5180921052631579 0.5296052631578947 0.05592105263157895 0.05756578947368421
0 0.5328947368421053 0.6134868421052632 0.054276315789473686 0.07072368421052631
0 0.6759868421052632 0.5328947368421053 0.05756578947368421 0.05756578947368421
0 0.4292763157894737 0.3980263157894737 0.03453947368421053 0.039473684210526314
0 0.5707236842105263 0.3930921052631579 0.03125 0.03618421052631579
0 0.3503289473684211 0.4555921052631579 0.049342105263157895 0.049342105263157895
0 0.5986842105263158 0.4901315789473684 0.05098684210526316 0.05263157894736842
0 0.375 0.5115131578947368 0.05592105263157895 0.06085526315789474
0 0.48519736842105265 0.4555921052631579 0.039473684210526314 0.046052631578947366
0 0.30756578947368424 0.6085526315789473 0.07072368421052631 0.06907894736842106
0 0.43256578947368424 0.5953947368421053 0.06578947368421052 0.07401315789473684
0 0.6661184210526315 0.45230263157894735 0.046052631578947366 0.047697368421052634