0 0.6164351851851851 0.38439327485380115 0.03815789473684218 0.04524853801169592
0 0.3311769005847953 0.5157529239766082 0.057955653021442524 0.053910818713450374
0 0.4388523391812865 0.39491959064327486 0.04311647173489288 0.04864766081871346
0 0.3581627680311891 0.38355263157894737 0.044749025341130594 0.04703947368421056
0 0.5175682261208576 0.3619152046783626 0.03650097465886928 0.04356725146198829
0 0.4437743664717349 0.6152412280701754 0.06296296296296296 0.06388888888888887
0 0.6914717348927875 0.520906432748538 0.05136452241715411 0.05211988304093564
0 0.42802144249512675 0.4872807017543859 0.05137670565302138 0.053764619883040904
0 0.5363913255360624 0.46019736842105263 0.04312865497076015 0.05029239766081872
0 0.34710038986354774 0.4446637426900585 0.048062865497076036 0.05040204678362583
0 0.5639132553606238 0.6224415204678363 0.05472709551656919 0.062061403508771956
0 0.5319931773879143 0.5326754385964912 0.048099415204678496 0.055336257309941426