0 0.40383771929824563 0.6142665692007797 0.06374269005847949 0.057772904483430775
0 0.6586622807017545 0.46371832358674464 0.04711257309941511 0.04906189083820659
0 0.33651315789473685 0.5373659844054581 0.05380116959064327 0.05419103313840149
0 0.3458333333333333 0.4138157894736842 0.04543128654970767 0.047368421052631594
0 0.4549707602339181 0.5322124756335282 0.057127192982456165 0.055933235867446404
0 0.5859649122807017 0.6285940545808968 0.06209795321637414 0.057724171539960956
0 0.5995614035087719 0.38657407407407407 0.04711257309941511 0.04906189083820659
0 0.42412280701754385 0.4410818713450293 0.05040204678362564 0.04915935672514624
0 0.4627558479532164 0.3298123781676413 0.04042397660818714 0.04393274853801169
0 0.40599415204678363 0.36929824561403507 0.04046052631578951 0.04557748538011695
0 0.5235380116959064 0.4792275828460038 0.05208333333333346 0.05085282651072133
0 0.5077850877192983 0.3745004873294347 0.04546783625730985 0.049013157894736765