0 0.6348684210526315 0.45489766081871347 0.03782894736842105 0.04195906432748549
0 0.32730263157894735 0.48753654970760235 0.049342105263157895 0.05208333333333327
0 0.5394736842105263 0.5909356725146199 0.05921052631578947 0.07203947368421044
0 0.4588815789473684 0.44111842105263166 0.03618421052631579 0.03863304093567241
0 0.5279605263157895 0.43278508771929824 0.03125 0.036878654970760226
0 0.6957236842105263 0.5351973684210526 0.05756578947368421 0.06213450292397669
0 0.5296052631578947 0.4772295321637427 0.046052631578947366 0.04872076023391819
0 0.46710526315789475 0.5284722222222222 0.05263157894736842 0.052156432748538005
0 0.37664473684210525 0.5642909356725145 0.05921052631578947 0.05888157894736835
0 0.37664473684210525 0.4277777777777778 0.039473684210526314 0.03212719298245609
0 0.3684210526315789 0.45555555555555555 0.04111842105263158 0.04038742690058478
0 0.41776315789473684 0.4846125730994152 0.046052631578947366 0.04543128654970767