0 0.6546052631578947 0.5213815789473685 0.05098684210526316 0.049342105263157895
0 0.5098684210526315 0.524671052631579 0.044407894736842105 0.049342105263157895
0 0.4243421052631579 0.40460526315789475 0.03125 0.03782894736842105
0 0.5740131578947368 0.46381578947368424 0.04111842105263158 0.04276315789473684
0 0.5296052631578947 0.6101973684210527 0.05592105263157895 0.06085526315789474
0 0.569078947368421 0.3980263157894737 0.03289473684210526 0.03618421052631579
0 0.375 0.5115131578947368 0.044407894736842105 0.049342105263157895
0 0.3125 0.5838815789473685 0.05921052631578947 0.05756578947368421
0 0.35526315789473684 0.45230263157894735 0.03782894736842105 0.04276315789473684
0 0.4934210526315789 0.45394736842105265 0.03782894736842105 0.04276315789473684
0 0.4243421052631579 0.5953947368421053 0.05592105263157895 0.06743421052631579
0 0.6529605263157895 0.4588815789473684 0.04276315789473684 0.044407894736842105