0 0.6741228070175439 0.44879385964912283 0.04349415204678365 0.04997563352826505
0 0.309880604288499 0.5051656920077973 0.051742202729044874 0.051742202729044874
0 0.5603801169590643 0.35674951267056526 0.03848684210526312 0.04496832358674471
0 0.3809088693957115 0.5945540935672515 0.05508040935672522 0.055080409356725035
0 0.4761574074074074 0.38101851851851853 0.041751949317738735 0.04337231968810908
0 0.6270833333333333 0.6270833333333333 0.05014619883040925 0.05500730994152049
0 0.44355506822612084 0.583759746588694 0.0582724171539961 0.04855019493177381
0 0.38927875243664717 0.3625730994152047 0.036769005847953215 0.04000974658869401
0 0.4881457115009746 0.6817616959064328 0.06330409356725135 0.0552022417153996
0 0.4254264132553606 0.4754995126705652 0.04673489278752435 0.04673489278752454
0 0.5240131578947369 0.4806164717348928 0.043542884990253286 0.05326510721247558
0 0.3558235867446394 0.4008893762183236 0.04675925925925926 0.04837962962962961