0 0.6466496101364523 0.4127071150097466 0.03981481481481471 0.046345029239766126
0 0.5743055555555556 0.6309332358674464 0.051486354775828296 0.06781189083820674
0 0.5037889863547759 0.38039717348927876 0.03319931773879148 0.04136208576998052
0 0.41916423001949316 0.4801047758284601 0.04971978557504866 0.05135233918128647
0 0.38674463937621834 0.4157163742690059 0.043092105263157876 0.04472465886939568
0 0.6150462962962963 0.46017300194931776 0.04147173489278762 0.048001949317738844
0 0.34751461988304094 0.6045808966861599 0.06626461988304094 0.06463206627680314
0 0.49131335282651073 0.5102461013645223 0.044822124756335235 0.05625000000000008
0 0.571125730994152 0.39405458089668616 0.033174951267056565 0.03807261208576999
0 0.6506335282651072 0.5410331384015594 0.049756335282651026 0.05628654970760225
0 0.33367446393762185 0.474537037037037 0.05465399610136445 0.05138888888888902
0 0.5001218323586745 0.431359649122807 0.036513157894736914 0.04467592592592595