0 0.3881578947368421 0.37664473684210525 0.049342105263157895 0.05098684210526316
0 0.5164473684210527 0.2993421052631579 0.04276315789473684 0.05592105263157895
0 0.5608552631578947 0.3881578947368421 0.04111842105263158 0.049342105263157895
0 0.31743421052631576 0.5115131578947368 0.05098684210526316 0.05263157894736842
0 0.4029605263157895 0.5263157894736842 0.05098684210526316 0.05098684210526316
0 0.6414473684210527 0.4309210526315789 0.04276315789473684 0.044407894736842105
0 0.5296052631578947 0.5082236842105263 0.049342105263157895 0.049342105263157895
0 0.4588815789473684 0.3519736842105263 0.039473684210526314 0.049342105263157895
0 0.4407894736842105 0.43914473684210525 0.049342105263157895 0.05263157894736842
0 0.6677631578947368 0.5674342105263158 0.054276315789473686 0.044407894736842105
0 0.5279605263157895 0.6957236842105263 0.05263157894736842 0.06085526315789474
0 0.36348684210526316 0.631578947368421 0.05592105263157895 0.05098684210526316