0 0.4506578947368421 0.6264498050682261 0.0625 0.06764132553606235
0 0.5789473684210527 0.3742933723196881 0.03782894736842105 0.038949805068226075
0 0.6167763157894737 0.5688961988304094 0.05921052631578947 0.06754385964912271
0 0.6266447368421053 0.4863669590643275 0.054276315789473686 0.05423976608187132
0 0.3026315789473684 0.5206384015594542 0.06085526315789474 0.05936890838206622
0 0.4506578947368421 0.4109892787524366 0.03618421052631579 0.042190545808966876
0 0.7072368421052632 0.4362816764132553 0.05098684210526316 0.0475633528265108
0 0.48848684210526316 0.487171052631579 0.04276315789473684 0.055543372319688
0 0.4506578947368421 0.36822612085769985 0.03289473684210526 0.04044834307992205
0 0.3569078947368421 0.40883284600389863 0.03782894736842105 0.04059454191033134
0 0.625 0.40911306042884993 0.046052631578947366 0.04906189083820659
0 0.5345394736842105 0.41508284600389866 0.03618421052631579 0.04383528265107204