0 0.33223684210526316 0.4292763157894737 0.049342105263157895 0.047697368421052634
0 0.47368421052631576 0.35526315789473684 0.04276315789473684 0.046052631578947366
0 0.5542763157894737 0.5148026315789473 0.044407894736842105 0.05098684210526316
0 0.5822368421052632 0.4276315789473684 0.046052631578947366 0.05098684210526316
0 0.44901315789473684 0.5855263157894737 0.049342105263157895 0.05756578947368421
0 0.6365131578947368 0.44243421052631576 0.047697368421052634 0.049342105263157895
0 0.34210526315789475 0.569078947368421 0.054276315789473686 0.05921052631578947
0 0.5296052631578947 0.6710526315789473 0.05263157894736842 0.06414473684210527
0 0.6776315789473685 0.5394736842105263 0.05263157894736842 0.049342105263157895
0 0.5789473684210527 0.3684210526315789 0.03782894736842105 0.04111842105263158
0 0.5953947368421053 0.6348684210526315 0.0625 0.06743421052631579
0 0.47368421052631576 0.46710526315789475 0.04111842105263158 0.047697368421052634