1 0.31085526315789475 0.5131578947368421 0.05921052631578947 0.054276315789473686
1 0.3996710526315789 0.42269736842105265 0.03782894736842105 0.039473684210526314
1 0.6924342105263158 0.5296052631578947 0.054276315789473686 0.05756578947368421
1 0.3190789473684211 0.4555921052631579 0.05098684210526316 0.047697368421052634
1 0.4819078947368421 0.6167763157894737 0.07401315789473684 0.07401315789473684
1 0.3651315789473684 0.5674342105263158 0.0625 0.06085526315789474
1 0.6578947368421053 0.46875 0.046052631578947366 0.047697368421052634
1 0.45723684210526316 0.47039473684210525 0.049342105263157895 0.049342105263157895
1 0.6365131578947368 0.43256578947368424 0.03782894736842105 0.04111842105263158
1 0.5328947368421053 0.42598684210526316 0.039473684210526314 0.039473684210526314
1 0.44901315789473684 0.43914473684210525 0.04276315789473684 0.039473684210526314
1 0.587171052631579 0.3963815789473684 0.03289473684210526 0.03453947368421053
1 0.5 0.41118421052631576 0.03618421052631579 0.03618421052631579