1 0.6726973684210527 0.5230263157894737 0.05263157894736842 0.054276315789473686
1 0.6101973684210527 0.4095394736842105 0.039473684210526314 0.039473684210526314
1 0.4128289473684211 0.7088815789473685 0.08223684210526316 0.08388157894736842
1 0.3338815789473684 0.5049342105263158 0.05592105263157895 0.05263157894736842
1 0.3338815789473684 0.44243421052631576 0.047697368421052634 0.04276315789473684
1 0.4934210526315789 0.5592105263157895 0.054276315789473686 0.05756578947368421
1 0.5674342105263158 0.5921052631578947 0.06085526315789474 0.06743421052631579
1 0.537828947368421 0.46381578947368424 0.04276315789473684 0.046052631578947366
1 0.5822368421052632 0.5032894736842105 0.049342105263157895 0.049342105263157895
1 0.6842105263157895 0.4555921052631579 0.047697368421052634 0.047697368421052634
1 0.3404605263157895 0.5740131578947368 0.06414473684210527 0.0625
1 0.4605263157894737 0.3832236842105263 0.03618421052631579 0.03782894736842105
1 0.5328947368421053 0.3881578947368421 0.03453947368421053 0.03782894736842105