1 0.3544956140350877 0.6157285575048733 0.07061403508771931 0.071125730994152
1 0.6378654970760234 0.5120004873294347 0.057127192982456165 0.055933235867446404
1 0.43201754385964913 0.5296052631578947 0.057127192982456165 0.055933235867446404
1 0.5623172514619883 0.5832724171539961 0.06228070175438579 0.06594785575048727
1 0.26407163742690054 0.5427997076023392 0.06052631578947361 0.06096491228070165
1 0.4237207602339181 0.38520955165692006 0.04038742690058478 0.04228801169590643
1 0.3397295321637427 0.46659356725146195 0.05208333333333327 0.05085282651072133
1 0.6566520467836257 0.40625 0.047039473684210374 0.04577241715399607
1 0.6602704678362573 0.4653143274853802 0.052046783625730904 0.04920808966861606
1 0.3199926900584795 0.3932139376218324 0.04203216374269004 0.042336744639376256
1 0.2495614035087719 0.45611598440545814 0.052046783625730994 0.04920808966861606
1 0.5091374269005847 0.4615740740740741 0.04382309941520459 0.04896442495126713
1 0.5140350877192982 0.38910818713450296 0.03870614035087714 0.04059454191033134