1 0.5015960038986355 0.6914595516569201 0.06463206627680314 0.0681652046783626
1 0.32171052631578945 0.5449561403508772 0.05628654970760235 0.05141325536062393
1 0.6367933723196881 0.4299463937621832 0.044749025341130504 0.047697368421052634
1 0.6252680311890838 0.6532651072124757 0.05800438596491225 0.06134259259259261
1 0.40419103313840155 0.5151072124756335 0.051327972709551646 0.04794103313840157
1 0.5482090643274854 0.3954069200779727 0.03977826510721253 0.04258040935672519
1 0.3570175438596491 0.44261695906432746 0.04803849902534112 0.04781920077972719
1 0.3587231968810916 0.6565545808966862 0.06293859649122804 0.06152534113060426
1 0.4146686159844054 0.43323586744639375 0.044736842105263235 0.046052631578947366
1 0.4781067251461988 0.5310063352826511 0.04969541910331393 0.04952485380116955
1 0.7096369395711501 0.590582358674464 0.05628654970760225 0.051413255360623744
1 0.37408625730994155 0.3593445419103314 0.041410818713450336 0.040996588693957114
1 0.4809210526315789 0.3731725146198831 0.03976608187134489 0.04093567251461992