1 0.5580287524366472 0.6244517543859649 0.061318226120857695 0.06475389863547769
1 0.28378411306042883 0.556712962962963 0.061281676413255326 0.059819688109161905
1 0.5906554580896686 0.4397538986354776 0.043104288499025235 0.04763645224171535
1 0.42956871345029246 0.6427266081871346 0.06624025341130603 0.06329191033138408
1 0.38927875243664717 0.5293615984405458 0.05300925925925928 0.052936159844054635
1 0.5095394736842105 0.5074926900584795 0.04476120857699815 0.049342105263157895
1 0.6371954191033138 0.5977704678362573 0.05962475633528261 0.058114035087719174
1 0.29100877192982455 0.46978557504873303 0.052984892787524364 0.04964668615984411
1 0.38665935672514623 0.43877923976608185 0.043092105263157966 0.04599171539961009
1 0.5169468810916179 0.39589424951267055 0.03481968810916183 0.03910818713450291
1 0.711708089668616 0.5330774853801169 0.05138888888888884 0.056164717348927695
1 0.34254385964912276 0.39766081871345027 0.04142300194931779 0.042641325536062376
1 0.4365618908382066 0.3649488304093567 0.034795321637426914 0.03581871345029239