1 0.6678118908382067 0.4358918128654971 0.0497076023391812 0.050438596491228005
1 0.5139376218323587 0.3159356725146199 0.043092105263157966 0.04535818713450293
1 0.5882066276803118 0.5709064327485379 0.05138888888888884 0.055409356725146165
1 0.6501705653021442 0.7192251461988304 0.061318226120857695 0.06385233918128651
1 0.6193957115009747 0.3399122807017544 0.04805068226120867 0.04875730994152047
1 0.3200292397660819 0.5653508771929825 0.05467836257309936 0.055482456140350904
1 0.5230994152046784 0.4423976608187134 0.04806286549707594 0.05040204678362564
1 0.5939936647173489 0.4638523391812866 0.0497076023391812 0.05043859649122819
1 0.6523026315789474 0.5629020467836257 0.054666179337231904 0.053837719298245636
1 0.5018518518518519 0.6830409356725147 0.05637183235867445 0.062097953216374326
1 0.4203094541910331 0.33446637426900583 0.044736842105263235 0.0453947368421053
1 0.4175804093567252 0.6322733918128655 0.05467836257309936 0.055482456140350904
1 0.33673245614035086 0.37744883040935673 0.04640594541910331 0.04872076023391819