1 0.5723684210526315 0.6611842105263158 0.054276315789473686 0.05756578947368421
1 0.6842105263157895 0.48026315789473684 0.049342105263157895 0.047697368421052634
1 0.4029605263157895 0.3470394736842105 0.047697368421052634 0.049342105263157895
1 0.6825657894736842 0.5953947368421053 0.05592105263157895 0.054276315789473686
1 0.5411184210526315 0.506578947368421 0.049342105263157895 0.05263157894736842
1 0.4144736842105263 0.5822368421052632 0.05263157894736842 0.05263157894736842
1 0.6414473684210527 0.3881578947368421 0.046052631578947366 0.044407894736842105
1 0.5296052631578947 0.5773026315789473 0.047697368421052634 0.049342105263157895
1 0.27960526315789475 0.6578947368421053 0.054276315789473686 0.05592105263157895
1 0.34868421052631576 0.4375 0.049342105263157895 0.046052631578947366
1 0.3092105263157895 0.5148026315789473 0.05592105263157895 0.05098684210526316
1 0.4292763157894737 0.649671052631579 0.05756578947368421 0.05756578947368421
1 0.5789473684210527 0.32401315789473684 0.044407894736842105 0.047697368421052634