1 0.6092227095516569 0.5802022417153996 0.05800438596491225 0.059636939571150065
1 0.3080531189083821 0.6026437621832358 0.06786062378167639 0.058065302144249535
1 0.40884502923976607 0.5408869395711501 0.05632309941520462 0.05469054580896682
1 0.5611720272904485 0.40549463937621827 0.03814571150097454 0.04304337231968815
1 0.270906432748538 0.5102582846003898 0.05794346978557507 0.05141325536062393
1 0.5128654970760234 0.4873781676413256 0.04476120857699815 0.04802631578947376
1 0.5018884015594542 0.6369761208576998 0.059673489278752434 0.06293859649122804
1 0.4708576998050682 0.3850877192982456 0.03813352826510727 0.04139863547758288
1 0.6638401559454191 0.534551656920078 0.05137670565302138 0.053009259259259374
1 0.36014863547758286 0.45335038986354786 0.04640594541910331 0.048038499025341026
1 0.6956262183235866 0.46241471734892786 0.048038499025341026 0.04640594541910341
1 0.29294590643274854 0.4216008771929825 0.04967105263157893 0.044773391812865417
1 0.3755847953216374 0.36793372319688106 0.0380969785575049 0.036464424951267095