1 0.6875 0.5 0.049342105263157895 0.047697368421052634
1 0.5361842105263158 0.6990131578947368 0.0625 0.06743421052631579
1 0.5197368421052632 0.587171052631579 0.05098684210526316 0.05592105263157895
1 0.6447368421052632 0.5805921052631579 0.054276315789473686 0.05592105263157895
1 0.43914473684210525 0.36019736842105265 0.039473684210526314 0.04276315789473684
1 0.3651315789473684 0.41118421052631576 0.04276315789473684 0.044407894736842105
1 0.37993421052631576 0.5575657894736842 0.054276315789473686 0.05098684210526316
1 0.2582236842105263 0.5921052631578947 0.05756578947368421 0.05756578947368421
1 0.5361842105263158 0.5016447368421053 0.047697368421052634 0.047697368421052634
1 0.6529605263157895 0.41776315789473684 0.04276315789473684 0.04111842105263158
1 0.39473684210526316 0.6200657894736842 0.06085526315789474 0.05921052631578947
1 0.27960526315789475 0.47368421052631576 0.05098684210526316 0.049342105263157895
1 0.600328947368421 0.35855263157894735 0.04111842105263158 0.04276315789473684