1 0.6982090643274854 0.49209307992202733 0.053728070175438535 0.05012183235867434
1 0.5762061403508772 0.625109649122807 0.0654605263157894 0.060160818713450304
1 0.7017909356725146 0.5792884990253411 0.06542397660818722 0.058516081871345035
1 0.4410818713450293 0.38963206627680314 0.03870614035087714 0.04003411306042883
1 0.5486476608187134 0.4948099415204678 0.048793859649122744 0.05004873294346979
1 0.41114766081871346 0.5963572124756336 0.06710526315789475 0.06018518518518521
1 0.6491593567251461 0.4305311890838207 0.04374999999999985 0.045041423001949445
1 0.24641812865497076 0.5824074074074074 0.07200292397660818 0.05861354775828469
1 0.4082236842105263 0.5387670565302144 0.055445906432748535 0.05343567251461996
1 0.5367324561403508 0.5505360623781677 0.04886695906432748 0.05333820662768032
1 0.3246710526315789 0.4783382066276803 0.05208333333333327 0.050097465886939425
1 0.38125000000000003 0.43478313840155947 0.0453947368421053 0.04506578947368417
1 0.595687134502924 0.39192251461988303 0.03870614035087714 0.04003411306042883