1 0.32967836257309946 0.5580409356725147 0.06377923976608195 0.058954678362573086
1 0.44740497076023394 0.6033991228070176 0.06721491228070177 0.06560672514619888
1 0.5566154970760234 0.6354166666666666 0.0655701754385965 0.0655701754385965
1 0.6460891812865497 0.44506578947368425 0.04371345029239767 0.04371345029239767
1 0.49053362573099407 0.3988669590643275 0.03541666666666662 0.04024122807017549
1 0.6168859649122808 0.5364766081871345 0.055555555555555636 0.05877192982456143
1 0.5198830409356724 0.4619883040935673 0.04378654970760241 0.04700292397660819
1 0.6757675438596491 0.5229897660818713 0.05380116959064327 0.05380116959064327
1 0.5889985380116959 0.4651681286549707 0.04539473684210511 0.04539473684210511
1 0.34016812865497076 0.43826754385964917 0.04707602339181284 0.04707602339181293
1 0.7476242690058479 0.6495248538011696 0.07229532163742684 0.07229532163742684
1 0.4135599415204679 0.41195175438596493 0.04038742690058478 0.04199561403508776
1 0.581030701754386 0.40252192982456136 0.037024853801169696 0.0386330409356725