1 0.45540935672514626 0.6097587719298246 0.07281920077972708 0.07177144249512679
1 0.5883528265107213 0.5617568226120857 0.06265838206627675 0.06175682261208574
1 0.3591861598440546 0.41719054580896686 0.039047270955165726 0.041678849902533996
1 0.4636208576998051 0.4435916179337232 0.04572368421052624 0.04506578947368417
1 0.737609649122807 0.4625487329434697 0.05409356725146203 0.05012183235867434
1 0.5998416179337231 0.45143762183235864 0.04741715399610133 0.04673489278752435
1 0.6683723196881092 0.5244030214424951 0.052595029239766056 0.055031676413255216
1 0.3035940545808967 0.4624025341130604 0.05409356725146203 0.050121832358674526
1 0.5260355750487329 0.39005847953216377 0.03880360623781679 0.03345516569200787
1 0.2655092592592593 0.5270833333333333 0.06420565302144254 0.05849171539961012
1 0.43905945419103315 0.38477095516569204 0.03715886939571153 0.03343079922027296
1 0.5168859649122807 0.42143031189083824 0.04393274853801169 0.04010721247563347
1 0.6122319688109161 0.4216617933723197 0.04388401559454205 0.038462475633528205