1 0.5625730994152047 0.639985380116959 0.05512914230019486 0.05957602339181278
1 0.6770955165692009 0.4549220272904484 0.05004873294346979 0.04952485380116955
1 0.3978192007797271 0.3321150097465887 0.04842836257309944 0.051108674463937624
1 0.6737451267056531 0.570114522417154 0.056725146198830304 0.056347465886939535
1 0.5336135477582846 0.4865375243664717 0.050121832358674526 0.05445906432748534
1 0.4058479532163743 0.5668859649122806 0.05341130604288496 0.0545808966861599
1 0.6356968810916179 0.3644005847953216 0.04671052631578944 0.04611354775828465
1 0.5210526315789474 0.5576876218323585 0.04842836257309944 0.05110867446393772
1 0.26985867446393763 0.6475389863547758 0.055104775828460045 0.05793128654970752
1 0.3422027290448343 0.42458576998050684 0.050024366471734874 0.04788011695906429
1 0.30158382066276807 0.5033503898635479 0.056676413255360665 0.0530579922027292
1 0.419651559454191 0.6337719298245613 0.05841861598440539 0.05969785575048734
1 0.5741471734892788 0.3025706627680312 0.045114522417153996 0.049342105263157895