1 0.38907163742690054 0.6221125730994151 0.06388888888888887 0.06435185185185183
1 0.527266081871345 0.6196637426900585 0.06231725146198835 0.06759259259259254
1 0.6074561403508771 0.3769980506822612 0.04042397660818714 0.04393274853801169
1 0.43432017543859647 0.3623781676413255 0.04203216374269004 0.042336744639376256
1 0.6406432748538012 0.6113669590643275 0.06392543859649125 0.0659965886939571
1 0.5049707602339182 0.4310550682261209 0.04210526315789459 0.04562621832358678
1 0.5704678362573099 0.41594785575048726 0.04042397660818714 0.04393274853801169
1 0.63125 0.4849171539961013 0.05040204678362564 0.04915935672514624
1 0.5227339181286549 0.34165448343079924 0.0387426900584797 0.042239278752436604
1 0.6717105263157894 0.45409356725146194 0.05208333333333346 0.05085282651072133
1 0.7759502923976608 0.5530458089668615 0.06366959064327485 0.05448343079922025
1 0.30332602339181286 0.46665448343079924 0.055372807017543796 0.05095029239766079
1 0.3596125730994152 0.4073830409356725 0.04378654970760231 0.047319688109161775