1 0.6778752436647174 0.4669834307992203 0.05299707602339173 0.050121832358674526
1 0.5554824561403509 0.3766812865497076 0.036464424951267095 0.03836500974658875
1 0.6374512670565302 0.5613425925925926 0.05962475633528261 0.056798245614035035
1 0.3610745614035088 0.5572124756335283 0.05962475633528261 0.056798245614035035
1 0.30955165692007797 0.4855994152046783 0.051364522417154015 0.05174220272904469
1 0.5958333333333333 0.7165813840155945 0.0795199805068225 0.07847222222222222
1 0.561708089668616 0.5509502923976608 0.056347465886939535 0.05839424951267048
1 0.5956749512670566 0.47313596491228066 0.0513401559454192 0.048452729044834164
1 0.6428606237816764 0.40335038986354776 0.046381578947368496 0.04509015594541908
1 0.5280336257309942 0.44617446393762183 0.041447368421052705 0.04501705653021454
1 0.39597953216374265 0.383979044834308 0.039766081871345074 0.04005847953216374
1 0.4257309941520468 0.6253411306042885 0.06792153996101366 0.06678849902534117
1 0.4748659844054581 0.3745857699805068 0.036464424951267095 0.03836500974658865