1 0.34868421052631576 0.4621710526315789 0.047697368421052634 0.047697368421052634
1 0.537828947368421 0.6134868421052632 0.05592105263157895 0.05921052631578947
1 0.6595394736842105 0.5723684210526315 0.05263157894736842 0.05592105263157895
1 0.4753289473684211 0.4819078947368421 0.047697368421052634 0.047697368421052634
1 0.49835526315789475 0.40131578947368424 0.04276315789473684 0.044407894736842105
1 0.5049342105263158 0.34539473684210525 0.03618421052631579 0.039473684210526314
1 0.618421052631579 0.42598684210526316 0.04111842105263158 0.046052631578947366
1 0.3338815789473684 0.6398026315789473 0.06743421052631579 0.05921052631578947
1 0.39144736842105265 0.39473684210526316 0.04276315789473684 0.04276315789473684
1 0.7023026315789473 0.4128289473684211 0.044407894736842105 0.04276315789473684
1 0.7631578947368421 0.5115131578947368 0.05756578947368421 0.05263157894736842
1 0.600328947368421 0.3618421052631579 0.039473684210526314 0.039473684210526314
1 0.32894736842105265 0.524671052631579 0.054276315789473686 0.05263157894736842
1 0.725328947368421 0.23355263157894737 0.027960526315789474 0.02631578947368421