1 0.6509502923976608 0.618396686159844 0.05058479532163748 0.05665204678362575
1 0.4017909356725146 0.650901559454191 0.05891812865497072 0.06170808966861591
1 0.5284722222222222 0.3549829434697856 0.04038742690058478 0.041703216374269006
1 0.43991228070175437 0.5642665692007797 0.057090643274853796 0.05346003898635469
1 0.4358918128654971 0.375 0.04374999999999985 0.045041423001949354
1 0.5032529239766081 0.5273635477582846 0.050475146198830374 0.05171783625730996
1 0.36414473684210524 0.49404239766081876 0.050438596491228005 0.0500730994152047
1 0.6777412280701754 0.5233674463937622 0.05211988304093564 0.051742202729044874
1 0.3597587719298246 0.39526072124756334 0.04375000000000004 0.045041423001949354
1 0.3219663742690058 0.541130604288499 0.04883040935672511 0.05169346978557505
1 0.6779605263157895 0.43946150097465886 0.04546783625730985 0.0483552631578947
1 0.535672514619883 0.6973075048732943 0.06235380116959053 0.06833576998050679
1 0.24652777777777776 0.45610380116959065 0.05208333333333336 0.050097465886939425