1 0.7060185185185185 0.5152777777777778 0.05110867446393772 0.048793859649122744
1 0.5620735867446394 0.7109283625730993 0.06499756335282644 0.06882309941520466
1 0.5414839181286549 0.5987207602339182 0.05305799220272901 0.05705409356725143
1 0.666240253411306 0.5949195906432748 0.056347465886939535 0.057127192982456165
1 0.45248538011695905 0.3699561403508772 0.04105750487329449 0.04364035087719293
1 0.3803606237816764 0.4192982456140351 0.044407894736842105 0.04535818713450293
1 0.40058479532163743 0.5660087719298246 0.05616471734892788 0.052192982456140374
1 0.28015350877192985 0.597843567251462 0.05969785575048734 0.058845029239766165
1 0.5547636452241715 0.5135599415204678 0.04946393762183245 0.048757309941520374
1 0.6684332358674464 0.43227339181286545 0.04428606237816755 0.04206871345029241
1 0.4177022417153996 0.6288377192982457 0.06304824561403506 0.060562865497076165
1 0.29714912280701755 0.47989766081871343 0.05281432748538008 0.050475146198830374
1 0.6136086744639376 0.3718932748538012 0.04270224171539956 0.0436769005847953