1 0.6132309941520467 0.6634746588693957 0.05888157894736835 0.06006335282651065
1 0.37200292397660817 0.6105750487329434 0.055482456140350904 0.055080409356725035
1 0.5985380116959064 0.37223440545808967 0.04046052631578951 0.04499269005847953
1 0.48249269005847956 0.6993542884990254 0.06399853801169597 0.0683601364522417
1 0.43629385964912276 0.5441154970760234 0.05211988304093564 0.05174220272904469
1 0.5014619883040936 0.36915204678362573 0.04042397660818714 0.04334795321637427
1 0.5132309941520469 0.5288133528265108 0.05211988304093564 0.051742202729044874
1 0.30961257309941526 0.3926169590643275 0.04375000000000004 0.045041423001949354
1 0.6936038011695906 0.5808114035087719 0.05208333333333327 0.05009746588693961
1 0.42415935672514626 0.3680068226120858 0.0436769005847953 0.041751949317738825
1 0.34462719298245614 0.4884990253411306 0.05032894736842109 0.04513888888888891
1 0.3932748538011696 0.4579800194931774 0.04546783625730994 0.04835526315789489
1 0.7213450292397661 0.4973684210526315 0.053728070175438535 0.05012183235867434