1 0.31743421052631576 0.5509868421052632 0.0625 0.05756578947368421
1 0.4342105263157895 0.59375 0.06578947368421052 0.06414473684210527
1 0.5427631578947368 0.6233552631578947 0.06414473684210527 0.06414473684210527
1 0.6365131578947368 0.4309210526315789 0.04276315789473684 0.04276315789473684
1 0.4819078947368421 0.3881578947368421 0.03453947368421053 0.039473684210526314
1 0.6052631578947368 0.5230263157894737 0.054276315789473686 0.05756578947368421
1 0.5098684210526315 0.4506578947368421 0.04276315789473684 0.046052631578947366
1 0.6644736842105263 0.5082236842105263 0.05263157894736842 0.05263157894736842
1 0.5789473684210527 0.45230263157894735 0.044407894736842105 0.044407894736842105
1 0.3305921052631579 0.4309210526315789 0.046052631578947366 0.046052631578947366
1 0.7335526315789473 0.6332236842105263 0.07072368421052631 0.07072368421052631
1 0.40460526315789475 0.4029605263157895 0.039473684210526314 0.04111842105263158
1 0.5723684210526315 0.38980263157894735 0.03618421052631579 0.03782894736842105