1 0.6114766081871345 0.5193713450292398 0.0681652046783626 0.06658138401559462
1 0.641264619883041 0.424646686159844 0.04763645224171554 0.04446881091617939
1 0.6872563352826511 0.46893274853801165 0.057992202729044796 0.057992202729044984
1 0.4100268031189083 0.5038377192982456 0.05975877192982453 0.06134259259259261
1 0.4448099415204679 0.5403265107212476 0.06664230019493171 0.06980994152046786
1 0.23970516569200778 0.5791301169590642 0.08187134502923976 0.08187134502923984
1 0.37560916179337234 0.4131335282651072 0.04093567251461992 0.04093567251461992
1 0.532285575048733 0.4845272904483431 0.05628654970760225 0.05628654970760225
1 0.576388888888889 0.4024122807017544 0.04093567251461992 0.04093567251461983
1 0.525462962962963 0.4470029239766082 0.0508650097465886 0.042945906432748496
1 0.28581871345029236 0.48708576998050684 0.0629264132553606 0.05817495126705664
1 0.516020955165692 0.3915082846003899 0.03581871345029248 0.03581871345029239
1 0.3299829434697856 0.4476730019493178 0.04775828460038991 0.04775828460038972