1 0.6678118908382067 0.47034600389863546 0.0497076023391812 0.050804093567251504
1 0.5139376218323587 0.34245857699805066 0.043092105263157966 0.04567495126705651
1 0.5882066276803118 0.6011817738791422 0.05138888888888884 0.055787037037037114
1 0.6501705653021442 0.7526559454191034 0.061318226120857695 0.064303118908382
1 0.6193957115009747 0.3718932748538012 0.04805068226120867 0.04911062378167642
1 0.3200292397660819 0.5817251461988304 0.05467836257309936 0.055884502923976766
1 0.5230994152046784 0.4693469785575049 0.04806286549707594 0.05075536062378168
1 0.5939936647173489 0.49446881091617934 0.0497076023391812 0.050804093567251504
1 0.6523026315789474 0.5965034113060428 0.054666179337231904 0.054239766081871504
1 0.5018518518518519 0.7087962962962964 0.05637183235867445 0.06251218323586745
1 0.4203094541910331 0.35612816764132554 0.044736842105263235 0.04572368421052633
1 0.4175804093567252 0.6536793372319688 0.05467836257309936 0.05588450292397658
1 0.33673245614035086 0.3947612085769981 0.04640594541910331 0.04906189083820659