1 0.5919590643274854 0.6484649122807017 0.05598196881091623 0.05877192982456143
1 0.6984405458089669 0.4650584795321638 0.05075536062378168 0.04879385964912293
1 0.41324317738791416 0.33808479532163743 0.04915935672514624 0.05040204678362573
1 0.7002071150097466 0.5802266081871345 0.05752923976608184 0.05551900584795327
1 0.5561281676413256 0.49455409356725144 0.05090155945419115 0.05372807017543872
1 0.4317251461988304 0.5730263157894736 0.05419103313840149 0.05380116959064327
1 0.652948343079922 0.3739035087719298 0.047368421052631504 0.04543128654970767
1 0.5467105263157894 0.5655336257309941 0.04915935672514624 0.05040204678362564
1 0.299098440545809 0.6516812865497076 0.055933235867446404 0.057127192982456165
1 0.3616471734892788 0.4297514619883041 0.05070662768031185 0.04714912280701748
1 0.32446393762183234 0.5079312865497075 0.057431773879142285 0.052229532163742556
1 0.44852582846003897 0.6401315789473685 0.05927144249512675 0.058845029239766165
1 0.5885477582846004 0.3111476608187134 0.04582115009746589 0.04868421052631583