1 0.6282894736842105 0.40460526315789475 0.039473684210526314 0.04276315789473684
1 0.6875 0.5904605263157895 0.05756578947368421 0.05263157894736842
1 0.3503289473684211 0.42598684210526316 0.044407894736842105 0.046052631578947366
1 0.59375 0.5328947368421053 0.05263157894736842 0.05098684210526316
1 0.38651315789473684 0.7220394736842105 0.07236842105263158 0.07401315789473684
1 0.537828947368421 0.6299342105263158 0.05756578947368421 0.06578947368421052
1 0.32401315789473684 0.5016447368421053 0.054276315789473686 0.05098684210526316
1 0.47039473684210525 0.5986842105263158 0.05921052631578947 0.05756578947368421
1 0.5411184210526315 0.47039473684210525 0.046052631578947366 0.047697368421052634
1 0.6677631578947368 0.46710526315789475 0.047697368421052634 0.049342105263157895
1 0.2944078947368421 0.6101973684210527 0.06578947368421052 0.05756578947368421
1 0.5526315789473685 0.37006578947368424 0.03782894736842105 0.039473684210526314
1 0.4769736842105263 0.35526315789473684 0.03782894736842105 0.04111842105263158