1 0.6644736842105263 0.4506578947368421 0.049342105263157895 0.049342105263157895
1 0.5115131578947368 0.32730263157894735 0.04276315789473684 0.044407894736842105
1 0.5838815789473685 0.5838815789473685 0.05098684210526316 0.054276315789473686
1 0.6447368421052632 0.7335526315789473 0.06085526315789474 0.0625
1 0.6167763157894737 0.3536184210526316 0.047697368421052634 0.047697368421052634
1 0.3157894736842105 0.5723684210526315 0.054276315789473686 0.054276315789473686
1 0.5197368421052632 0.45394736842105265 0.047697368421052634 0.049342105263157895
1 0.5904605263157895 0.4769736842105263 0.049342105263157895 0.049342105263157895
1 0.6480263157894737 0.5773026315789473 0.054276315789473686 0.05263157894736842
1 0.4967105263157895 0.694078947368421 0.05592105263157895 0.06085526315789474
1 0.41776315789473684 0.34375 0.044407894736842105 0.044407894736842105
1 0.4128289473684211 0.6414473684210527 0.054276315789473686 0.054276315789473686
1 0.3338815789473684 0.3848684210526316 0.046052631578947366 0.047697368421052634