1 0.44667397660818714 0.5935307017543859 0.06410818713450289 0.0552022417153996
1 0.5843567251461989 0.6350268031189085 0.06425438596491218 0.06013645224171539
1 0.4150462962962963 0.413864522417154 0.039047270955165726 0.04167884990253418
1 0.6166179337231968 0.3921905458089669 0.0389985380116959 0.04003411306042892
1 0.7510599415204678 0.6572246588693957 0.07267300194931779 0.066837231968811
1 0.7770589668615985 0.5359527290448343 0.059173976608187295 0.05512914230019486
1 0.4881335282651072 0.3837110136452242 0.0389985380116959 0.04003411306042892
1 0.6625 0.4980872319688109 0.04911062378167642 0.048403996101364526
1 0.5699439571150097 0.4260233918128655 0.04238547758284589 0.04337231968810908
1 0.49415204678362573 0.47586500974658874 0.05075536062378168 0.04842836257309925
1 0.7052509746588693 0.44282407407407404 0.04078947368421045 0.044992690058479626
1 0.3633893762183236 0.4459795321637427 0.04577241715399607 0.04671052631578944
1 0.29805068226120857 0.5157041910331384 0.05588450292397658 0.055080409356725035