1 0.6965521442495127 0.5153143274853802 0.05169346978557505 0.04883040935672511
1 0.5541301169590643 0.6683479532163743 0.06175682261208574 0.06220760233918124
1 0.6833576998050683 0.6235380116959064 0.06165935672514609 0.055628654970760374
1 0.5485258284600389 0.5120248538011696 0.05004873294346979 0.04879385964912293
1 0.44111842105263155 0.3649488304093568 0.04010721247563347 0.04364035087719293
1 0.40392300194931774 0.6288377192982457 0.061732456140350826 0.060562865497076165
1 0.37294103313840155 0.4242690058479532 0.045041423001949354 0.04374999999999985
1 0.6607456140350877 0.4290204678362573 0.04506578947368417 0.0453947368421053
1 0.5400706627680312 0.6072002923976608 0.05341130604288505 0.05380116959064346
1 0.2522904483430799 0.604093567251462 0.06330409356725145 0.055665204678362556
1 0.40454434697855746 0.5597953216374268 0.051742202729044874 0.05211988304093564
1 0.6089303118908381 0.37196637426900586 0.04339668615984418 0.04371345029239767
1 0.32116228070175434 0.48066520467836255 0.05171783625730996 0.050475146198830374