1 0.5921052631578947 0.6118421052631579 0.06578947368421052 0.06578947368421052
1 0.6578947368421053 0.53125 0.05592105263157895 0.05756578947368421
1 0.3223684210526316 0.45723684210526316 0.047697368421052634 0.046052631578947366
1 0.46381578947368424 0.4605263157894737 0.046052631578947366 0.047697368421052634
1 0.6891447368421053 0.48026315789473684 0.05263157894736842 0.047697368421052634
1 0.6907894736842105 0.4194078947368421 0.04276315789473684 0.04276315789473684
1 0.4753289473684211 0.3930921052631579 0.03618421052631579 0.03289473684210526
1 0.3305921052631579 0.600328947368421 0.06907894736842106 0.06743421052631579
1 0.3815789473684211 0.40625 0.039473684210526314 0.03782894736842105
1 0.30756578947368424 0.5213815789473685 0.05592105263157895 0.05592105263157895
1 0.5855263157894737 0.4342105263157895 0.039473684210526314 0.044407894736842105
1 0.4934210526315789 0.42598684210526316 0.039473684210526314 0.04111842105263158
1 0.5756578947368421 0.40789473684210525 0.03782894736842105 0.03453947368421053