1 0.3315667641325536 0.45700536062378166 0.04946393762183236 0.048403996101364526
1 0.5151072124756336 0.6055190058479533 0.058114035087719174 0.06003898635477574
1 0.6383406432748537 0.5625974658869396 0.05470272904483446 0.05670077972709558
1 0.4574805068226121 0.4748659844054581 0.04946393762183245 0.048403996101364526
1 0.4834917153996101 0.3939327485380117 0.044407894736842105 0.045041423001949264
1 0.4921418128654971 0.3379142300194932 0.0376461988304094 0.04000974658869401
1 0.6026437621832358 0.41682504873294346 0.04282407407407394 0.04666179337231961
1 0.31018518518518523 0.6348562378167641 0.0696271929824562 0.06020955165692012
1 0.3768274853801169 0.38893762183235864 0.04434697855750482 0.043396686159843996
1 0.6870126705653021 0.4024244639376219 0.04599171539961009 0.04342105263157891
1 0.744212962962963 0.5002071150097466 0.05951510721247569 0.0534844054580896
1 0.58692738791423 0.352948343079922 0.04093567251461992 0.04005847953216374
1 0.3095151072124756 0.5197977582846004 0.056225633528265165 0.053435672514619774
1 0.7166788499025342 0.22280701754385965 0.028935185185185213 0.026730019493177343