1 0.29565058479532164 0.5154605263157894 0.06081871345029237 0.05471491228070173
1 0.38714668615984404 0.4256578947368421 0.0389985380116959 0.03975389863547762
1 0.6767422027290448 0.5347344054580896 0.05598196881091604 0.05796783625731008
1 0.30557992202729045 0.45795565302144253 0.05240009746588694 0.04807504873294358
1 0.46363304093567254 0.6203460038986355 0.07620614035087707 0.0745614035087718
1 0.34831871345029236 0.5701388888888889 0.064303118908382 0.061318226120857695
1 0.6440058479532164 0.47362329434697853 0.047465886939571156 0.048038499025341026
1 0.4432992202729044 0.4737816764132554 0.050804093567251504 0.0497076023391812
1 0.6236963937621832 0.437280701754386 0.039047270955165726 0.04139863547758288
1 0.5202729044834308 0.42993421052631575 0.04064327485380117 0.039766081871345074
1 0.43600146198830414 0.4424707602339182 0.04393274853801169 0.0397904483430798
1 0.5754264132553606 0.40073099415204677 0.033918128654970826 0.034783138401559464
1 0.48781676413255365 0.41488791423001947 0.037256335282651175 0.03645224171539964