1 0.6935672514619883 0.5791666666666666 0.04883040935672511 0.05169346978557505
1 0.4986111111111111 0.6847953216374268 0.057200292397660904 0.05839424951267048
1 0.6928362573099416 0.47228313840155944 0.04886695906432748 0.05333820662768032
1 0.39188596491228067 0.5434576023391813 0.050475146198830374 0.05171783625730996
1 0.4890350877192983 0.3278630604288499 0.04543128654970767 0.04671052631578944
1 0.6267543859649124 0.6801169590643275 0.053910818713450374 0.05834551656920084
1 0.49491959064327484 0.5926656920077974 0.05380116959064327 0.05341130604288486
1 0.40149853801169594 0.3841130604288499 0.04711257309941521 0.04837962962962961
1 0.335233918128655 0.4357456140350877 0.04714912280701757 0.050024366471734874
1 0.5429093567251462 0.5325414230019493 0.05208333333333346 0.05009746588693961
1 0.25376461988304094 0.5430555555555556 0.060343567251461956 0.05186403508771925
1 0.6645833333333333 0.3847222222222222 0.04378654970760241 0.046686159844054526
1 0.37686403508771926 0.6073586744639377 0.055482456140350904 0.055080409356725035