1 0.375 0.555921052631579 0.054276315789473686 0.05592105263157895
1 0.6644736842105263 0.4161184210526316 0.04111842105263158 0.04111842105263158
1 0.46710526315789475 0.6430921052631579 0.06414473684210527 0.06414473684210527
1 0.45723684210526316 0.38651315789473684 0.039473684210526314 0.04111842105263158
1 0.600328947368421 0.6694078947368421 0.06578947368421052 0.06414473684210527
1 0.6348684210526315 0.5411184210526315 0.05098684210526316 0.05098684210526316
1 0.48519736842105265 0.46381578947368424 0.047697368421052634 0.049342105263157895
1 0.7171052631578947 0.4967105263157895 0.047697368421052634 0.05098684210526316
1 0.5394736842105263 0.375 0.039473684210526314 0.039473684210526314
1 0.7384868421052632 0.625 0.06578947368421052 0.0625
1 0.3963815789473684 0.40131578947368424 0.04276315789473684 0.04276315789473684
1 0.5904605263157895 0.43914473684210525 0.04276315789473684 0.044407894736842105
1 0.3059210526315789 0.4473684210526316 0.049342105263157895 0.047697368421052634