1 0.6649488304093567 0.4981115984405458 0.05343567251461996 0.056225633528265165
1 0.6041301169590644 0.3869395711500974 0.040058479532163835 0.04093567251461992
1 0.4023269980506822 0.6935916179337231 0.08347953216374275 0.08692738791423
1 0.3264010721247564 0.49256822612085766 0.05670077972709558 0.054702729044834274
1 0.32732699805068227 0.43006822612085777 0.04833089668615979 0.04452972709551667
1 0.48513645224171537 0.5409356725146199 0.05512914230019486 0.05957602339181278
1 0.5586622807017543 0.5710891812865496 0.06185428849902539 0.06968810916179348
1 0.5309576023391812 0.44389619883040937 0.04344541910331401 0.04763645224171535
1 0.574780701754386 0.48172514619883045 0.05007309941520451 0.05116959064327481
1 0.6774610136452242 0.4302509746588694 0.048403996101364526 0.04946393762183245
1 0.3319566276803119 0.5614035087719298 0.06507066276803118 0.06487573099415207
1 0.4548489278752436 0.36616715399610134 0.03674463937621839 0.0391691033138401
1 0.5271442495126706 0.3684210526315789 0.03509990253411313 0.03910818713450291