1 0.30110867446393763 0.548635477582846 0.06420565302144254 0.058028752436647166
1 0.4166179337231969 0.5905336257309941 0.06769005847953218 0.06463206627680314
1 0.5242933723196881 0.6193347953216374 0.06604532163742692 0.06461988304093567
1 0.623745126705653 0.42620614035087717 0.044030214424951156 0.04307992202729052
1 0.47040692007797275 0.38458820662768034 0.03570906432748538 0.039729532163742705
1 0.589766081871345 0.5185428849902534 0.05598196881091623 0.05796783625730989
1 0.49651559454191035 0.4468810916179337 0.0441276803118908 0.04636939571150085
1 0.6494152046783626 0.503301656920078 0.05419103313840168 0.05302144249512664
1 0.5655458089668616 0.44801413255360617 0.04572368421052624 0.044736842105263235
1 0.3178240740740741 0.42847222222222225 0.04741715399610133 0.046393762183235765
1 0.7147904483430799 0.6277899610136451 0.07281920077972708 0.07124756335282656
1 0.39266569200779733 0.3999634502923977 0.04069200779727099 0.041410818713450336
1 0.5608187134502923 0.385562865497076 0.037305068226121 0.0380969785575049