1 0.35863791423001945 0.5634502923976609 0.05176656920077979 0.05300925925925919
1 0.6349780701754386 0.567141812865497 0.05171783625730996 0.049719785575048844
1 0.3935185185185185 0.3647173489278752 0.041751949317738735 0.04306773879142296
1 0.6780214424951266 0.47536549707602344 0.046710526315789626 0.044749025341130504
1 0.49091130604288497 0.5002923976608188 0.05004873294346979 0.04806286549707594
1 0.4403752436647174 0.4193347953216374 0.04509015594541908 0.046381578947368406
1 0.5516569200779727 0.38233430799220275 0.04172758284600401 0.04142300194931779
1 0.3342714424951267 0.47281920077972717 0.05169346978557505 0.04807504873294358
1 0.402375730994152 0.6295565302144249 0.05839424951267048 0.056347465886939535
1 0.5986232943469785 0.3333455165692008 0.038486842105263305 0.04468810916179341
1 0.6947977582846004 0.3866837231968811 0.045041423001949264 0.043092105263157876
1 0.4868299220272904 0.33580653021442497 0.04172758284600401 0.04142300194931779
1 0.5154361598440546 0.7126218323586745 0.06516812865497083 0.06955409356725147