1 0.36726364522417154 0.40841861598440543 0.041751949317738735 0.04306773879142296
1 0.5849537037037037 0.5893518518518519 0.06170808966861591 0.0580165692007799
1 0.45438596491228067 0.633077485380117 0.0700779727095517 0.06794590643274857
1 0.6710891812865497 0.547599902534113 0.05341130604288486 0.05302144249512664
1 0.47194200779727097 0.4471125730994152 0.04509015594541908 0.046381578947368496
1 0.27499999999999997 0.5307992202729045 0.0616837231968811 0.05637183235867445
1 0.31220760233918127 0.4614522417153996 0.05171783625730996 0.049719785575048844
1 0.6099049707602339 0.4592470760233917 0.0500487329434696 0.04806286549707594
1 0.5386574074074074 0.38412524366471734 0.03836500974658875 0.036464424951267095
1 0.7477948343079922 0.47631578947368425 0.056676413255360665 0.05140107212475629
1 0.526608187134503 0.42039473684210527 0.04337231968810927 0.04143518518518516
1 0.4483430799220273 0.37492690058479533 0.03674463937621839 0.0380969785575049
1 0.6251949317738791 0.42624269005847953 0.04501705653021454 0.041447368421052705