1 0.47368421052631576 0.6167763157894737 0.07072368421052631 0.07072368421052631
1 0.6052631578947368 0.5707236842105263 0.06085526315789474 0.06085526315789474
1 0.3717105263157895 0.42269736842105265 0.03782894736842105 0.04111842105263158
1 0.4769736842105263 0.4506578947368421 0.044407894736842105 0.044407894736842105
1 0.7516447368421053 0.47368421052631576 0.05263157894736842 0.049342105263157895
1 0.6134868421052632 0.4605263157894737 0.046052631578947366 0.046052631578947366
1 0.6842105263157895 0.5345394736842105 0.05098684210526316 0.054276315789473686
1 0.31743421052631576 0.46710526315789475 0.05263157894736842 0.049342105263157895
1 0.537828947368421 0.3980263157894737 0.03782894736842105 0.03289473684210526
1 0.28125 0.53125 0.0625 0.05756578947368421
1 0.4506578947368421 0.39144736842105265 0.03618421052631579 0.03289473684210526
1 0.5296052631578947 0.4292763157894737 0.04276315789473684 0.039473684210526314
1 0.625 0.4309210526315789 0.04276315789473684 0.03782894736842105