1 0.6092227095516569 0.5665692007797272 0.05800438596491225 0.06006335282651065
1 0.3080531189083821 0.5956993177387915 0.06786062378167639 0.05856481481481486
1 0.40884502923976607 0.531712962962963 0.05632309941520462 0.05510477582845995
1 0.5611720272904485 0.39295808966861595 0.03814571150097454 0.04332358674463945
1 0.270906432748538 0.5041544834307992 0.05794346978557507 0.05183966861598434
1 0.5128654970760234 0.47590155945419105 0.04476120857699815 0.0483552631578947
1 0.5018884015594542 0.6257188109161793 0.059673489278752434 0.06337719298245609
1 0.4708576998050682 0.37456140350877193 0.03813352826510727 0.04167884990253418
1 0.6638401559454191 0.5197124756335283 0.05137670565302138 0.053386939571150135
1 0.36014863547758286 0.4452729044834308 0.04640594541910331 0.04837962962962961
1 0.6956262183235866 0.4468810916179337 0.048038499025341026 0.04675925925925926
1 0.29294590643274854 0.4150219298245614 0.04967105263157893 0.04513888888888891
1 0.3755847953216374 0.3595272904483431 0.0380969785575049 0.03674463937621839