1 0.6083820662768031 0.6413011695906433 0.058442982456140304 0.06048976608187143
1 0.3675194931773879 0.5972953216374269 0.05508040935672513 0.055482456140350904
1 0.5958455165692008 0.35036549707602344 0.040131578947368386 0.0452850877192982
1 0.47736354775828455 0.6820540935672514 0.06349902534113065 0.06882309941520466
1 0.4323099415204678 0.5283991228070175 0.051742202729044874 0.05211988304093564
1 0.4987816764132553 0.3508771929824561 0.04010721247563366 0.04364035087719293
1 0.5093689083820663 0.5102339181286549 0.051742202729044874 0.05211988304093564
1 0.30673732943469784 0.38146929824561404 0.04342105263157891 0.04535818713450293
1 0.6893762183235868 0.5555921052631579 0.05171783625730996 0.050475146198830374
1 0.421479044834308 0.3525950292397661 0.04337231968810927 0.04206871345029241
1 0.3410453216374269 0.4761330409356725 0.04999999999999996 0.04550438596491222
1 0.3899244639376218 0.4437865497076023 0.045114522417153996 0.04868421052631583
1 0.7177387914230019 0.47105263157894733 0.053362573099415035 0.050511695906432744