1 0.569078947368421 0.631578947368421 0.06085526315789474 0.05756578947368421
1 0.6858552631578947 0.4769736842105263 0.05263157894736842 0.049342105263157895
1 0.6891447368421053 0.5740131578947368 0.0625 0.054276315789473686
1 0.537828947368421 0.4901315789473684 0.047697368421052634 0.049342105263157895
1 0.40131578947368424 0.5476973684210527 0.05263157894736842 0.054276315789473686
1 0.40789473684210525 0.6118421052631579 0.06414473684210527 0.05921052631578947
1 0.24177631578947367 0.6052631578947368 0.06743421052631579 0.05756578947368421
1 0.6365131578947368 0.41118421052631576 0.044407894736842105 0.04276315789473684
1 0.4243421052631579 0.37664473684210525 0.03782894736842105 0.04111842105263158
1 0.5197368421052632 0.5526315789473685 0.047697368421052634 0.05098684210526316
1 0.3618421052631579 0.4292763157894737 0.044407894736842105 0.044407894736842105
1 0.31085526315789475 0.48519736842105265 0.054276315789473686 0.049342105263157895
1 0.5822368421052632 0.3684210526315789 0.04111842105263158 0.04111842105263158