1 0.5986842105263158 0.6546052631578947 0.05756578947368421 0.05921052631578947
1 0.35855263157894735 0.6052631578947368 0.054276315789473686 0.054276315789473686
1 0.5904605263157895 0.36348684210526316 0.039473684210526314 0.044407894736842105
1 0.46710526315789475 0.6924342105263158 0.0625 0.06743421052631579
1 0.4243421052631579 0.537828947368421 0.05098684210526316 0.05098684210526316
1 0.4934210526315789 0.3618421052631579 0.039473684210526314 0.04276315789473684
1 0.5016447368421053 0.5213815789473685 0.05098684210526316 0.05098684210526316
1 0.30098684210526316 0.3881578947368421 0.04276315789473684 0.044407894736842105
1 0.680921052631579 0.5707236842105263 0.05098684210526316 0.049342105263157895
1 0.4161184210526316 0.3618421052631579 0.04276315789473684 0.04111842105263158
1 0.3338815789473684 0.48355263157894735 0.049342105263157895 0.044407894736842105
1 0.3832236842105263 0.45230263157894735 0.044407894736842105 0.047697368421052634
1 0.7105263157894737 0.4868421052631579 0.05263157894736842 0.049342105263157895