1 0.3503289473684211 0.5608552631578947 0.05098684210526316 0.05263157894736842
1 0.6266447368421053 0.5625 0.05098684210526316 0.049342105263157895
1 0.3881578947368421 0.3618421052631579 0.04111842105263158 0.04276315789473684
1 0.6710526315789473 0.47039473684210525 0.046052631578947366 0.044407894736842105
1 0.48355263157894735 0.4967105263157895 0.049342105263157895 0.047697368421052634
1 0.4342105263157895 0.4161184210526316 0.044407894736842105 0.046052631578947366
1 0.5460526315789473 0.3782894736842105 0.04111842105263158 0.04111842105263158
1 0.32730263157894735 0.47039473684210525 0.05098684210526316 0.047697368421052634
1 0.3930921052631579 0.6266447368421053 0.05756578947368421 0.05592105263157895
1 0.59375 0.32894736842105265 0.03782894736842105 0.044407894736842105
1 0.6891447368421053 0.3815789473684211 0.044407894736842105 0.04276315789473684
1 0.4819078947368421 0.33223684210526316 0.04111842105263158 0.04111842105263158
1 0.5049342105263158 0.7088815789473685 0.06414473684210527 0.06907894736842106