1 0.555921052631579 0.65625 0.0625 0.06414473684210527
1 0.3338815789473684 0.4407894736842105 0.046052631578947366 0.047697368421052634
1 0.6430921052631579 0.569078947368421 0.05756578947368421 0.05592105263157895
1 0.46710526315789475 0.45723684210526316 0.047697368421052634 0.046052631578947366
1 0.4917763157894737 0.375 0.03782894736842105 0.04111842105263158
1 0.6924342105263158 0.506578947368421 0.05098684210526316 0.049342105263157895
1 0.30756578947368424 0.5180921052631579 0.05592105263157895 0.05263157894736842
1 0.31743421052631576 0.6101973684210527 0.06414473684210527 0.06414473684210527
1 0.3980263157894737 0.3832236842105263 0.04111842105263158 0.04111842105263158
1 0.7171052631578947 0.4243421052631579 0.046052631578947366 0.047697368421052634
1 0.5016447368421053 0.41776315789473684 0.04111842105263158 0.044407894736842105
1 0.5953947368421053 0.3996710526315789 0.044407894736842105 0.039473684210526314
1 0.5970394736842105 0.4342105263157895 0.046052631578947366 0.044407894736842105