1 0.3914717348927875 0.5670321637426902 0.055933235867446404 0.05752923976608203
1 0.6768031189083821 0.4358065302144249 0.042336744639376256 0.042336744639376256
1 0.4861598440545809 0.656932261208577 0.06604532163742692 0.06604532163742692
1 0.4686890838206627 0.40006091617933726 0.0406920077972708 0.04228801169590643
1 0.6201632553606238 0.6871954191033138 0.06769005847953218 0.06609405458089675
1 0.650901559454191 0.5599293372319688 0.05249756335282659 0.05249756335282659
1 0.49894005847953216 0.478192007797271 0.04915935672514624 0.05075536062378168
1 0.7318226120857699 0.517958089668616 0.04920808966861606 0.05240009746588694
1 0.5505847953216374 0.39098440545808966 0.04064327485380117 0.04064327485380117
1 0.7570053606237817 0.6468810916179337 0.06764132553606235 0.06444931773879148
1 0.4082724171539961 0.4130604288499025 0.044030214424951246 0.04403021442495134
1 0.6034722222222223 0.45663986354775826 0.044078947368420975 0.045674951267056604
1 0.3191764132553606 0.4564327485380117 0.05075536062378168 0.04915935672514624