1 0.32730263157894735 0.5608552631578947 0.06578947368421052 0.06085526315789474
1 0.5740131578947368 0.6019736842105263 0.06578947368421052 0.06743421052631579
1 0.6233552631578947 0.4276315789473684 0.04276315789473684 0.04276315789473684
1 0.4605263157894737 0.5888157894736842 0.06578947368421052 0.06578947368421052
1 0.46381578947368424 0.3963815789473684 0.03453947368421053 0.03618421052631579
1 0.7582236842105263 0.5953947368421053 0.07236842105263158 0.06907894736842106
1 0.5049342105263158 0.44901315789473684 0.03782894736842105 0.044407894736842105
1 0.6151315789473685 0.5082236842105263 0.05263157894736842 0.05263157894736842
1 0.3190789473684211 0.4440789473684211 0.046052631578947366 0.046052631578947366
1 0.6661184210526315 0.4901315789473684 0.05098684210526316 0.05098684210526316
1 0.5707236842105263 0.4473684210526316 0.039473684210526314 0.04111842105263158
1 0.3881578947368421 0.4144736842105263 0.04111842105263158 0.04276315789473684
1 0.5509868421052632 0.39144736842105265 0.03289473684210526 0.03289473684210526