1 0.3157894736842105 0.5411184210526315 0.06578947368421052 0.05592105263157895
1 0.6907894736842105 0.5197368421052632 0.05098684210526316 0.05756578947368421
1 0.3782894736842105 0.4243421052631579 0.039473684210526314 0.04111842105263158
1 0.649671052631579 0.4555921052631579 0.046052631578947366 0.044407894736842105
1 0.5328947368421053 0.6381578947368421 0.07401315789473684 0.07236842105263158
1 0.40460526315789475 0.600328947368421 0.06907894736842106 0.06414473684210527
1 0.3059210526315789 0.4720394736842105 0.054276315789473686 0.049342105263157895
1 0.45723684210526316 0.4753289473684211 0.05098684210526316 0.05098684210526316
1 0.6200657894736842 0.41776315789473684 0.03782894736842105 0.04111842105263158
1 0.5164473684210527 0.4161184210526316 0.039473684210526314 0.03782894736842105
1 0.4375 0.4407894736842105 0.04276315789473684 0.04111842105263158
1 0.48026315789473684 0.4029605263157895 0.03618421052631579 0.03782894736842105
1 0.5608552631578947 0.3782894736842105 0.03453947368421053 0.03453947368421053