1 0.4292763157894737 0.587171052631579 0.0625 0.054276315789473686
1 0.5657894736842105 0.6266447368421053 0.0625 0.05921052631578947
1 0.4029605263157895 0.40789473684210525 0.03782894736842105 0.04111842105263158
1 0.6052631578947368 0.3832236842105263 0.03782894736842105 0.039473684210526314
1 0.7319078947368421 0.6463815789473685 0.07072368421052631 0.06578947368421052
1 0.7615131578947368 0.524671052631579 0.05756578947368421 0.054276315789473686
1 0.4769736842105263 0.37664473684210525 0.03782894736842105 0.039473684210526314
1 0.6480263157894737 0.48848684210526316 0.047697368421052634 0.047697368421052634
1 0.5575657894736842 0.41776315789473684 0.04111842105263158 0.04276315789473684
1 0.48026315789473684 0.46875 0.049342105263157895 0.047697368421052634
1 0.6924342105263158 0.43256578947368424 0.039473684210526314 0.044407894736842105
1 0.3503289473684211 0.4407894736842105 0.044407894736842105 0.046052631578947366
1 0.28289473684210525 0.5115131578947368 0.054276315789473686 0.054276315789473686