1 0.30777290448343075 0.5387792397660819 0.0666179337231968 0.05640838206627682
1 0.6830896686159844 0.5146198830409358 0.05183966861598434 0.057943469785575165
1 0.37200292397660817 0.4215399610136452 0.04008284600389865 0.041410818713450336
1 0.6429215399610136 0.45077972709551656 0.046710526315789626 0.04474902534113069
1 0.5234405458089668 0.6342105263157896 0.07508528265107223 0.07291666666666655
1 0.3957115009746589 0.5973318713450293 0.07002923976608189 0.06465643274853805
1 0.2989278752436647 0.46977339181286554 0.05500730994152049 0.04974415204678376
1 0.45019493177387915 0.47194200779727086 0.051742202729044874 0.05136452241715411
1 0.6138767056530213 0.41317007797270955 0.038438109161793486 0.04139863547758288
1 0.5102826510721247 0.4122928849902534 0.04003411306042892 0.038121345029239716
1 0.4309697855750488 0.4375487329434698 0.04337231968810927 0.04143518518518506
1 0.47429337231968804 0.3994030214424951 0.03674463937621839 0.0380969785575049
1 0.5552509746588694 0.3741349902534113 0.035051169590643305 0.034795321637426914