1 0.7017787524366471 0.47172270955165685 0.05409356725146203 0.05012183235867434
1 0.5807748538011696 0.6084429824561404 0.06589912280701744 0.060160818713450304
1 0.706006335282651 0.558869395711501 0.06585038986354762 0.058516081871345035
1 0.44392056530214424 0.3768153021442495 0.0389985380116959 0.04003411306042883
1 0.5522538986354776 0.47887426900584795 0.04915935672514624 0.05004873294346979
1 0.4155214424951267 0.5845638401559454 0.06754385964912289 0.06018518518518521
1 0.6522782651072125 0.4115740740740741 0.044078947368420975 0.045041423001949264
1 0.2507066276803119 0.5754873294346979 0.07242933723196886 0.05861354775828469
1 0.41217105263157894 0.5270224171539961 0.05583576998050685 0.05343567251461996
1 0.5407529239766081 0.534990253411306 0.0492568226120857 0.05333820662768032
1 0.32817982456140354 0.4690302144249513 0.052448830409356766 0.050097465886939425
1 0.3844298245614035 0.42376949317738793 0.04572368421052624 0.04506578947368417
1 0.598525828460039 0.37452485380116957 0.0389985380116959 0.04003411306042883