1 0.6644736842105263 0.6085526315789473 0.049342105263157895 0.05592105263157895
1 0.4161184210526316 0.6447368421052632 0.05756578947368421 0.06085526315789474
1 0.5361842105263158 0.3470394736842105 0.039473684210526314 0.04111842105263158
1 0.45230263157894735 0.5575657894736842 0.05592105263157895 0.05263157894736842
1 0.4440789473684211 0.3684210526315789 0.04276315789473684 0.044407894736842105
1 0.5148026315789473 0.5197368421052632 0.049342105263157895 0.05098684210526316
1 0.375 0.48848684210526316 0.049342105263157895 0.049342105263157895
1 0.6891447368421053 0.5131578947368421 0.05098684210526316 0.05098684210526316
1 0.3684210526315789 0.38980263157894735 0.04276315789473684 0.044407894736842105
1 0.3338815789473684 0.5361842105263158 0.047697368421052634 0.05098684210526316
1 0.6875 0.4292763157894737 0.044407894736842105 0.047697368421052634
1 0.5509868421052632 0.6891447368421053 0.06085526315789474 0.06743421052631579
1 0.2565789473684211 0.45230263157894735 0.05098684210526316 0.049342105263157895