1 0.6677631578947368 0.53125 0.05098684210526316 0.054276315789473686
1 0.618421052631579 0.41118421052631576 0.03782894736842105 0.03782894736842105
1 0.4868421052631579 0.5608552631578947 0.054276315789473686 0.05756578947368421
1 0.33881578947368424 0.4375 0.046052631578947366 0.044407894736842105
1 0.39473684210526316 0.7088815789473685 0.08223684210526316 0.08223684210526316
1 0.6875 0.4621710526315789 0.046052631578947366 0.049342105263157895
1 0.5575657894736842 0.5970394736842105 0.05921052631578947 0.06578947368421052
1 0.33223684210526316 0.5 0.054276315789473686 0.05098684210526316
1 0.5789473684210527 0.506578947368421 0.05098684210526316 0.049342105263157895
1 0.3338815789473684 0.5707236842105263 0.0625 0.06085526315789474
1 0.5411184210526315 0.46381578947368424 0.04276315789473684 0.047697368421052634
1 0.537828947368421 0.38980263157894735 0.03618421052631579 0.03782894736842105
1 0.46710526315789475 0.3782894736842105 0.03453947368421053 0.03453947368421053