1 0.45051169590643275 0.6055555555555556 0.06385233918128651 0.06178118908382065
1 0.2873172514619883 0.4715155945419103 0.04883040935672511 0.05169346978557505
1 0.33442982456140347 0.5725755360623781 0.05888157894736835 0.06006335282651065
1 0.6214546783625731 0.4649488304093567 0.04378654970760241 0.04668615984405471
1 0.5440423976608187 0.616812865497076 0.06059941520467835 0.06337719298245609
1 0.37766812865497074 0.47778996101364524 0.050438596491228005 0.0500730994152047
1 0.4907529239766082 0.49756335282651076 0.052156432748538005 0.053386939571150135
1 0.5782529239766082 0.41001461988304094 0.04042397660818714 0.04334795321637417
1 0.34459064327485384 0.41148879142300193 0.04042397660818714 0.04334795321637427
1 0.4350877192982456 0.41118421052631576 0.04042397660818714 0.04334795321637436
1 0.6811038011695906 0.5941642300194931 0.06209795321637414 0.05682261208576995
1 0.5249634502923977 0.3648026315789474 0.03369883040935662 0.03667153996101366
1 0.4293859649122807 0.3716130604288499 0.03702485380116951 0.03836500974658875