1 0.33841374269005847 0.4699195906432749 0.04875730994152047 0.048757309941520374
1 0.5241959064327485 0.625438596491228 0.057236842105263086 0.06045321637426887
1 0.6468201754385965 0.5870248538011695 0.05387426900584782 0.057090643274853796
1 0.46461988304093577 0.4924707602339181 0.048757309941520374 0.048757309941520374
1 0.489437134502924 0.412390350877193 0.04375000000000004 0.04535818713450293
1 0.49725877192982465 0.3566154970760234 0.03706140350877188 0.040277777777777767
1 0.608954678362573 0.43972953216374266 0.04214181286549714 0.04696637426900583
1 0.3196637426900585 0.6472222222222221 0.06875000000000002 0.06070906432748526
1 0.3826754385964912 0.40343567251461987 0.04371345029239767 0.04371345029239767
1 0.6931286549707603 0.4284356725146199 0.04535818713450293 0.04375000000000004
1 0.7517909356725146 0.5284722222222222 0.05873538011695906 0.053910818713450374
1 0.5922880116959064 0.37518274853801165 0.04035087719298241 0.04035087719298241
1 0.3172880116959064 0.5319809941520468 0.055445906432748535 0.053837719298245636
1 0.7201388888888889 0.24967105263157896 0.02854532163742699 0.02693713450292391