1 0.43706140350877193 0.6544103313840156 0.06609405458089675 0.06626461988304094
1 0.34303118908382063 0.4777655945419104 0.05085282651072123 0.05135233918128647
1 0.69432261208577 0.45734649122807025 0.049013157894736765 0.04476120857699815
1 0.612171052631579 0.4041179337231969 0.04572368421052624 0.044736842105263235
1 0.32960526315789473 0.5796174463937621 0.060867446393762195 0.05635964912280699
1 0.5721734892787524 0.6636330409356725 0.0644980506822613 0.06789717348927875
1 0.4218323586744639 0.47341617933723196 0.05075536062378168 0.04806286549707594
1 0.4819688109161794 0.50510477582846 0.052448830409356766 0.049719785575048844
1 0.46588693957115007 0.40632309941520467 0.04398148148148133 0.04143518518518525
1 0.41475389863547757 0.40101120857699807 0.04407894736842107 0.04472465886939568
1 0.6864278752436647 0.634880604288499 0.061062378167641304 0.06293859649122804
1 0.5535818713450292 0.36915204678362573 0.039047270955165726 0.04139863547758288
1 0.46045321637426895 0.33393031189083827 0.03894980506822626 0.038109161793372356