1 0.32730263157894735 0.5657041910331384 0.06578947368421052 0.06182992202729048
1 0.5740131578947368 0.610477582846004 0.06578947368421052 0.06840886939571153
1 0.6233552631578947 0.43686647173489285 0.04276315789473684 0.04339668615984418
1 0.4605263157894737 0.5956384015594542 0.06578947368421052 0.06676413255360626
1 0.46381578947368424 0.4032529239766081 0.03453947368421053 0.03669590643274857
1 0.7582236842105263 0.6066276803118908 0.07236842105263158 0.07015107212475644
1 0.5049342105263158 0.4564936647173489 0.03782894736842105 0.04496832358674471
1 0.6151315789473685 0.5173367446393762 0.05263157894736842 0.05341130604288486
1 0.3190789473684211 0.44880604288499026 0.046052631578947366 0.04673489278752435
1 0.6661184210526315 0.5 0.05098684210526316 0.051742202729044874
1 0.5707236842105263 0.45582358674463935 0.039473684210526314 0.041703216374269096
1 0.3881578947368421 0.420224171539961 0.04111842105263158 0.04337231968810908
1 0.5509868421052632 0.3996101364522417 0.03289473684210526 0.03338206627680313