1 0.31085526315789475 0.5200657894736843 0.05921052631578947 0.05559210526315782
1 0.3996710526315789 0.431578947368421 0.03782894736842105 0.040314327485380226
1 0.6924342105263158 0.5449926900584795 0.054276315789473686 0.05877192982456143
1 0.3190789473684211 0.4626827485380117 0.05098684210526316 0.04883040935672511
1 0.4819078947368421 0.6274853801169591 0.07401315789473684 0.0756578947368421
1 0.3651315789473684 0.5755482456140351 0.0625 0.06224415204678361
1 0.6578947368421053 0.4833698830409357 0.046052631578947366 0.04872076023391819
1 0.45723684210526316 0.4805555555555556 0.049342105263157895 0.05043859649122819
1 0.6365131578947368 0.4467105263157895 0.03782894736842105 0.04195906432748549
1 0.5328947368421053 0.43782894736842104 0.039473684210526314 0.04035087719298241
1 0.44901315789473684 0.44912280701754387 0.04276315789473684 0.04042397660818714
1 0.587171052631579 0.40942982456140353 0.03289473684210526 0.035270467836257334
1 0.5 0.42229532163742695 0.03618421052631579 0.03698830409356715