1 0.6677631578947368 0.5164108187134503 0.05098684210526316 0.055409356725146165
1 0.618421052631579 0.39744152046783626 0.03782894736842105 0.03866959064327487
1 0.4868421052631579 0.5500365497076023 0.054276315789473686 0.05877192982456143
1 0.33881578947368424 0.4299707602339181 0.046052631578947366 0.04543128654970767
1 0.39473684210526316 0.7001096491228069 0.08223684210526316 0.08406432748538008
1 0.6875 0.44689327485380115 0.046052631578947366 0.05036549707602346
1 0.5575657894736842 0.5846491228070176 0.05921052631578947 0.06710526315789467
1 0.33223684210526316 0.4926169590643275 0.054276315789473686 0.052192982456140374
1 0.5789473684210527 0.4937134502923977 0.05098684210526316 0.050475146198830374
1 0.3338815789473684 0.5633040935672514 0.0625 0.06224415204678361
1 0.5411184210526315 0.4517909356725146 0.04276315789473684 0.04864766081871346
1 0.537828947368421 0.3778508771929825 0.03618421052631579 0.038633040935672595
1 0.46710526315789475 0.3679093567251462 0.03453947368421053 0.035307017543859696