1 0.33223684210526316 0.5534356725146199 0.06414473684210527 0.06228070175438598
1 0.36348684210526316 0.4472222222222222 0.04111842105263158 0.0436769005847953
1 0.29605263157894735 0.4934210526315789 0.054276315789473686 0.052192982456140374
1 0.4457236842105263 0.5987207602339182 0.07236842105263158 0.06739766081871341
1 0.6365131578947368 0.4598684210526316 0.044407894736842105 0.04539473684210511
1 0.7006578947368421 0.5089912280701755 0.049342105263157895 0.05537280701754398
1 0.5970394736842105 0.43103070175438596 0.03782894736842105 0.04031432748538004
1 0.5855263157894737 0.62156432748538 0.07236842105263158 0.07562134502923974
1 0.4276315789473684 0.46016081871345027 0.044407894736842105 0.0453947368421053
1 0.5 0.43545321637426904 0.039473684210526314 0.04199561403508767
1 0.4588815789473684 0.48717105263157895 0.05098684210526316 0.05211988304093564
1 0.4588815789473684 0.424671052631579 0.03782894736842105 0.040314327485380226
1 0.53125 0.4016081871345029 0.03289473684210526 0.033625730994152066