1 0.6907529239766081 0.4783260233918128 0.05419103313840168 0.05419103313840168
1 0.5443835282651072 0.5386330409356725 0.06101364522417148 0.06260964912280692
1 0.6050316764132554 0.47428118908382066 0.05419103313840149 0.05419103313840149
1 0.3311769005847953 0.4544103313840156 0.04915935672514624 0.05075536062378168
1 0.6757431773879142 0.4162158869395712 0.04572368421052624 0.04572368421052633
1 0.3544590643274854 0.5179215399610136 0.06256091617933728 0.05936890838206622
1 0.5925316764132553 0.38575779727095516 0.03735380116959064 0.04054580896686161
1 0.5481359649122807 0.44304337231968804 0.0441276803118908 0.04731968810916168
1 0.6223196881091618 0.557724171539961 0.06440058479532165 0.0659965886939571
1 0.5225999025341131 0.6923732943469785 0.07964181286549707 0.08123781676413251
1 0.39094785575048735 0.5826876218323587 0.06783625730994156 0.07102826510721254
1 0.43923001949317736 0.3787768031189084 0.0389985380116959 0.04059454191033134
1 0.511598440545809 0.3766325536062378 0.035611598440545914 0.037207602339181356