1 0.6166301169590644 0.6434941520467836 0.06783625730994165 0.07102826510721254
1 0.6929215399610137 0.44039961013645224 0.050804093567251504 0.050804093567251504
1 0.5626705653021442 0.544675925925926 0.055787037037037114 0.052595029239766056
1 0.6819078947368421 0.5131578947368421 0.05912524366471747 0.05433723196881096
1 0.28825536062378165 0.6170077972709551 0.06928606237816762 0.0644980506822613
1 0.4225877192982456 0.37268518518518523 0.04228801169590643 0.04069200779727099
1 0.41638645224171544 0.5523026315789474 0.057577972709551666 0.057577972709551666
1 0.5554946393762183 0.46916423001949314 0.04906189083820659 0.047465886939571156
1 0.44924463937621834 0.6056530214424951 0.06594785575048727 0.06275584795321638
1 0.36005116959064326 0.42886208576998053 0.0441276803118908 0.04731968810916168
1 0.6336013645224172 0.3828947368421053 0.04393274853801169 0.04074074074074081
1 0.2864400584795322 0.5001827485380117 0.05419103313840149 0.05419103313840168
1 0.5700292397660819 0.3485623781676413 0.038949805068226075 0.038949805068226075