1 0.35863791423001945 0.5504751461988304 0.05176656920077979 0.05414230019493185
1 0.6349780701754386 0.5439327485380117 0.05171783625730996 0.05085282651072133
1 0.3935185185185185 0.3503411306042885 0.041751949317738735 0.04398148148148152
1 0.6780214424951266 0.45051169590643275 0.046710526315789626 0.04577241715399607
1 0.49091130604288497 0.4823830409356725 0.05004873294346979 0.04915935672514624
1 0.4403752436647174 0.40325292397660817 0.04509015594541908 0.047368421052631594
1 0.5516569200779727 0.3621101364522417 0.04172758284600401 0.042336744639376256
1 0.3342714424951267 0.4606968810916179 0.05169346978557505 0.04920808966861606
1 0.402375730994152 0.6149975633528265 0.05839424951267048 0.05762670565302149
1 0.5986232943469785 0.31135477582846005 0.038486842105263305 0.045528752436647134
1 0.6947977582846004 0.3611598440545809 0.045041423001949264 0.044078947368420975
1 0.4868299220272904 0.31795808966861605 0.04172758284600401 0.042336744639376256
1 0.5154361598440546 0.6939205653021442 0.06516812865497083 0.07097953216374271