2 0.4276315789473684 0.6282894736842105 0.06907894736842106 0.06085526315789474
2 0.3930921052631579 0.47368421052631576 0.05098684210526316 0.05263157894736842
2 0.6463815789473685 0.4621710526315789 0.044407894736842105 0.046052631578947366
2 0.5921052631578947 0.5296052631578947 0.05098684210526316 0.054276315789473686
2 0.49506578947368424 0.48519736842105265 0.049342105263157895 0.047697368421052634
2 0.5148026315789473 0.42598684210526316 0.044407894736842105 0.04276315789473684
2 0.5921052631578947 0.37993421052631576 0.04111842105263158 0.04111842105263158
2 0.30098684210526316 0.41776315789473684 0.044407894736842105 0.047697368421052634
2 0.2993421052631579 0.5115131578947368 0.05592105263157895 0.054276315789473686
2 0.3815789473684211 0.3717105263157895 0.039473684210526314 0.044407894736842105
2 0.743421052631579 0.5625 0.06085526315789474 0.05756578947368421
2 0.4621710526315789 0.3618421052631579 0.03782894736842105 0.044407894736842105
2 0.6085526315789473 0.6759868421052632 0.07072368421052631 0.07730263157894737