2 0.5468689083820663 0.5502558479532164 0.05798001949317735 0.056347465886939535
2 0.6728801169590642 0.4637914230019493 0.04969541910331393 0.04806286549707594
2 0.44206871345029236 0.391483918128655 0.04306773879142306 0.04143518518518525
2 0.42793615984405464 0.4820540935672514 0.05298489278752446 0.04808723196881085
2 0.5134015594541911 0.4731968810916179 0.04805068226120867 0.04805068226120867
2 0.5309941520467836 0.4056286549707602 0.043092105263157966 0.04472465886939578
2 0.3552387914230019 0.660233918128655 0.0663011695906433 0.06956627680311893
2 0.5020955165692008 0.7232943469785575 0.07296539961013637 0.08112816764132559
2 0.5157529239766082 0.34652777777777777 0.03650097465886946 0.04303118908382069
2 0.6476851851851851 0.6153021442495127 0.06460769980506822 0.06297514619883042
2 0.6344663742690059 0.38512426900584795 0.03977826510721253 0.041410818713450336
2 0.31014863547758287 0.5684576023391813 0.06129385964912278 0.05966130604288498
2 0.3256578947368421 0.4416910331384015 0.04803849902534112 0.04640594541910341