2 0.47032163742690064 0.6475389863547758 0.0650950292397661 0.06604532163742692
2 0.3924098440545809 0.38657407407407407 0.04342105263157891 0.04567495126705651
2 0.6262792397660819 0.6231725146198831 0.056798245614035035 0.060867446393762195
2 0.48062865497076024 0.4547149122807018 0.0500730994152047 0.050804093567251504
2 0.4108796296296296 0.5225999025341131 0.05503167641325531 0.05259502923976624
2 0.295443469785575 0.6165204678362572 0.06671539961013644 0.06444931773879148
2 0.5388401559454191 0.3855263157894737 0.04506578947368436 0.04572368421052633
2 0.28343079922027287 0.47207602339181287 0.058321150097465926 0.05269249512670551
2 0.6304093567251462 0.34661306042884993 0.041703216374269096 0.04069200779727099
2 0.5084551656920078 0.3337719298245614 0.04010721247563347 0.04393274853801169
2 0.6986476608187134 0.3988913255360624 0.04509015594541908 0.047368421052631594
2 0.6917641325536062 0.48959551656920075 0.04675925925925926 0.04906189083820659
2 0.5799463937621833 0.49455409356725144 0.051717836257309774 0.05085282651072133