2 0.6604897660818714 0.551254873294347 0.06052631578947361 0.060087719298245565
2 0.5467105263157894 0.391703216374269 0.04042397660818714 0.04334795321637427
2 0.44908625730994156 0.4408625730994152 0.04883040935672511 0.05169346978557505
2 0.5172149122807017 0.4711135477582846 0.04886695906432748 0.05333820662768032
2 0.46096491228070174 0.5311769005847953 0.06213450292397669 0.058467348927875216
2 0.6019736842105263 0.4353070175438597 0.04872076023391819 0.04675925925925926
2 0.2832236842105263 0.6029117933723197 0.07214912280701756 0.06519249512670573
2 0.6535818713450293 0.38847465886939575 0.04038742690058478 0.041703216374269006
2 0.42971491228070174 0.3835648148148148 0.04038742690058478 0.041703216374269006
2 0.7277777777777777 0.4696393762183235 0.052156432748538005 0.05338693957114995
2 0.4648026315789474 0.6298367446393762 0.07558479532163737 0.07182017543859642
2 0.2728801169590643 0.5076388888888889 0.05873538011695906 0.0534844054580896
2 0.32415935672514623 0.4460038986354776 0.05032894736842109 0.04513888888888891