2 0.4128289473684211 0.5986842105263158 0.05921052631578947 0.054276315789473686
2 0.6463815789473685 0.4506578947368421 0.047697368421052634 0.04276315789473684
2 0.4128289473684211 0.46710526315789475 0.046052631578947366 0.044407894736842105
2 0.5115131578947368 0.4309210526315789 0.044407894736842105 0.049342105263157895
2 0.7006578947368421 0.5180921052631579 0.05592105263157895 0.05263157894736842
2 0.587171052631579 0.5263157894736842 0.047697368421052634 0.047697368421052634
2 0.5328947368421053 0.6233552631578947 0.06085526315789474 0.06085526315789474
2 0.5904605263157895 0.38651315789473684 0.03782894736842105 0.03782894736842105
2 0.3207236842105263 0.4276315789473684 0.047697368421052634 0.04111842105263158
2 0.3059210526315789 0.5016447368421053 0.049342105263157895 0.046052631578947366
2 0.39144736842105265 0.3815789473684211 0.03782894736842105 0.039473684210526314
2 0.49835526315789475 0.4868421052631579 0.044407894736842105 0.04276315789473684
2 0.46710526315789475 0.3667763157894737 0.03618421052631579 0.03453947368421053
2 0.5148026315789473 0.618421052631579 0.023026315789473683 0.044407894736842105