2 0.45255847953216377 0.5147051656920079 0.06585038986354781 0.058516081871345035
2 0.6329556530214425 0.5551900584795322 0.064303118908382 0.06178118908382065
2 0.2994639376218324 0.563401559454191 0.07446393762183234 0.0717958089668617
2 0.2875487329434698 0.49417641325536066 0.06415692007797272 0.05684697855750486
2 0.541837231968811 0.4206749512670565 0.038949805068226075 0.03838937621832366
2 0.3373172514619883 0.4538133528265107 0.050657894736842034 0.04513888888888891
2 0.6021686159844054 0.4593810916179337 0.044176413255360626 0.048330896686159974
2 0.43371101364522413 0.5999147173489279 0.07964181286549707 0.08009259259259276
2 0.6873172514619883 0.5033869395711501 0.05254629629629642 0.053386939571150135
2 0.45409356725146194 0.45554337231968806 0.047368421052631504 0.04509015594541927
2 0.6208820662768031 0.425134015594542 0.043884015594541866 0.03846247563352839
2 0.5238060428849902 0.47794834307992207 0.04582115009746589 0.04835526315789489
2 0.44963450292397655 0.416020955165692 0.03890107212475644 0.0367446393762183