2 0.6252558479532164 0.45137670565302146 0.04883040935672511 0.05240009746588694
2 0.38168859649122805 0.5248050682261208 0.05705409356725143 0.052643762183235875
2 0.47361111111111115 0.6838815789473683 0.06224415204678361 0.064303118908382
2 0.48406432748538014 0.4356725146198831 0.04711257309941511 0.04906189083820659
2 0.4872807017543859 0.5131213450292398 0.05208333333333346 0.05085282651072133
2 0.25281432748538013 0.4732577972709552 0.055336257309941524 0.04930555555555571
2 0.5468201754385965 0.3519493177387914 0.04546783625730985 0.049013157894736765
2 0.5952119883040936 0.5442982456140351 0.04879385964912293 0.05075536062378168
2 0.31882309941520465 0.39127680311890833 0.05040204678362573 0.04915935672514624
2 0.30113304093567256 0.5948343079922026 0.062097953216374326 0.057724171539960956
2 0.7317616959064327 0.5466983430799219 0.05705409356725143 0.05264376218323569
2 0.40021929824561403 0.35748050682261207 0.04714912280701757 0.05070662768031185
2 0.6347953216374268 0.6886574074074074 0.060562865497076165 0.06260964912280692