2 0.5986842105263158 0.5625 0.05592105263157895 0.054276315789473686
2 0.3404605263157895 0.4588815789473684 0.04111842105263158 0.04276315789473684
2 0.5657894736842105 0.46710526315789475 0.047697368421052634 0.046052631578947366
2 0.4769736842105263 0.4194078947368421 0.04111842105263158 0.04111842105263158
2 0.5427631578947368 0.6644736842105263 0.06414473684210527 0.06743421052631579
2 0.6710526315789473 0.4917763157894737 0.046052631578947366 0.047697368421052634
2 0.4407894736842105 0.5855263157894737 0.05756578947368421 0.05592105263157895
2 0.49506578947368424 0.4786184210526316 0.044407894736842105 0.046052631578947366
2 0.3815789473684211 0.5296052631578947 0.049342105263157895 0.05098684210526316
2 0.38651315789473684 0.3832236842105263 0.04111842105263158 0.03782894736842105
2 0.48848684210526316 0.3536184210526316 0.03453947368421053 0.03453947368421053
2 0.5542763157894737 0.3667763157894737 0.03618421052631579 0.03782894736842105
2 0.6299342105263158 0.4144736842105263 0.039473684210526314 0.04111842105263158