2 0.5000121832358675 0.606359649122807 0.06275584795321638 0.06459551656920076
2 0.2911184210526316 0.6638157894736842 0.08607456140350873 0.07463450292397654
2 0.6770955165692008 0.4570540935672515 0.05085282651072133 0.05135233918128647
2 0.34467592592592594 0.4101851851851852 0.042531676413255365 0.048001949317738754
2 0.5595882066276803 0.4825901559454191 0.05090155945419115 0.05299707602339173
2 0.6555921052631579 0.5723196881091618 0.06096491228070165 0.05964912280701752
2 0.6424220272904484 0.4063352826510721 0.04243421052631571 0.04471247563352832
2 0.4822124756335282 0.3746345029239766 0.03735380116959064 0.03974171539961016
2 0.39887914230019494 0.5232456140350877 0.05752923976608184 0.05469054580896682
2 0.5088572124756334 0.4188352826510721 0.04078947368421045 0.044700292397660865
2 0.24650341130604292 0.504641812865497 0.05927144249512675 0.057992202729044984
2 0.47290448343079916 0.4667884990253411 0.047368421052631504 0.044749025341130504
2 0.5693835282651073 0.37398879142300195 0.035611598440545914 0.03644005847953218