2 0.46381578947368424 0.631578947368421 0.06578947368421052 0.06578947368421052
2 0.3881578947368421 0.4934210526315789 0.05263157894736842 0.05263157894736842
2 0.6513157894736842 0.4342105263157895 0.04276315789473684 0.049342105263157895
2 0.6019736842105263 0.5115131578947368 0.05098684210526316 0.049342105263157895
2 0.4934210526315789 0.42269736842105265 0.046052631578947366 0.047697368421052634
2 0.7401315789473685 0.5394736842105263 0.0625 0.05592105263157895
2 0.5674342105263158 0.37335526315789475 0.03782894736842105 0.04276315789473684
2 0.2944078947368421 0.4473684210526316 0.05263157894736842 0.044407894736842105
2 0.31085526315789475 0.5542763157894737 0.0625 0.05592105263157895
2 0.5016447368421053 0.49835526315789475 0.05263157894736842 0.05263157894736842
2 0.3503289473684211 0.38980263157894735 0.04111842105263158 0.044407894736842105
2 0.4506578947368421 0.37335526315789475 0.04111842105263158 0.04276315789473684
2 0.6480263157894737 0.6644736842105263 0.05921052631578947 0.06578947368421052