2 0.5180921052631579 0.6101973684210527 0.06085526315789474 0.06414473684210527
2 0.31085526315789475 0.6661184210526315 0.08388157894736842 0.07401315789473684
2 0.6907894736842105 0.4621710526315789 0.049342105263157895 0.05098684210526316
2 0.3569078947368421 0.4128289473684211 0.04111842105263158 0.047697368421052634
2 0.5740131578947368 0.4868421052631579 0.049342105263157895 0.05263157894736842
2 0.6726973684210527 0.5773026315789473 0.05921052631578947 0.05921052631578947
2 0.6546052631578947 0.41118421052631576 0.04111842105263158 0.044407894736842105
2 0.4934210526315789 0.3782894736842105 0.03618421052631579 0.039473684210526314
2 0.4144736842105263 0.5263157894736842 0.05592105263157895 0.054276315789473686
2 0.5213815789473685 0.42269736842105265 0.039473684210526314 0.044407894736842105
2 0.26151315789473684 0.506578947368421 0.05756578947368421 0.05756578947368421
2 0.4868421052631579 0.47039473684210525 0.046052631578947366 0.044407894736842105
2 0.5805921052631579 0.3782894736842105 0.03453947368421053 0.03618421052631579