2 0.41776315789473684 0.5263157894736842 0.05921052631578947 0.054276315789473686
2 0.59375 0.587171052631579 0.05921052631578947 0.06578947368421052
2 0.5756578947368421 0.40131578947368424 0.039473684210526314 0.04111842105263158
2 0.5197368421052632 0.48519736842105265 0.047697368421052634 0.047697368421052634
2 0.45230263157894735 0.43914473684210525 0.044407894736842105 0.04276315789473684
2 0.6924342105263158 0.43585526315789475 0.04276315789473684 0.047697368421052634
2 0.600328947368421 0.4605263157894737 0.046052631578947366 0.044407894736842105
2 0.2713815789473684 0.537828947368421 0.0625 0.05921052631578947
2 0.39473684210526316 0.6134868421052632 0.06743421052631579 0.06743421052631579
2 0.4753289473684211 0.38651315789473684 0.039473684210526314 0.039473684210526314
2 0.28125 0.46710526315789475 0.05592105263157895 0.046052631578947366
2 0.37006578947368424 0.42105263157894735 0.04111842105263158 0.04111842105263158
2 0.7335526315789473 0.53125 0.06743421052631579 0.054276315789473686