2 0.4778508771929824 0.6384502923976608 0.06725146198830413 0.06676413255360626
2 0.3991228070175439 0.49917153996101365 0.05380116959064327 0.05341130604288505
2 0.6609649122807018 0.443859649122807 0.04385964912280695 0.04997563352826505
2 0.6133406432748538 0.5204312865497076 0.05208333333333346 0.05009746588693961
2 0.5028143274853801 0.4300073099415205 0.04711257309941511 0.04837962962962961
2 0.7521198830409357 0.5504385964912281 0.06374269005847959 0.05684697855750486
2 0.5757309941520468 0.3817616959064328 0.03877923976608188 0.043323586744639354
2 0.30434941520467834 0.4517300194931774 0.053618421052631614 0.045187621832358735
2 0.323172514619883 0.5588815789473685 0.06374269005847959 0.05684697855750486
2 0.512719298245614 0.505787037037037 0.05380116959064327 0.05341130604288486
2 0.3589912280701754 0.39499269005847953 0.04210526315789478 0.04501705653021435
2 0.4589546783625731 0.38003167641325536 0.04206871345029241 0.04337231968810908
2 0.6627923976608187 0.674074074074074 0.06067251461988308 0.06666666666666661