2 0.4128289473684211 0.5838815789473685 0.06907894736842106 0.06743421052631579
2 0.40460526315789475 0.46710526315789475 0.049342105263157895 0.049342105263157895
2 0.6463815789473685 0.4457236842105263 0.04276315789473684 0.046052631578947366
2 0.712171052631579 0.5 0.054276315789473686 0.05592105263157895
2 0.4588815789473684 0.3848684210526316 0.03782894736842105 0.04111842105263158
2 0.5986842105263158 0.5115131578947368 0.05263157894736842 0.05098684210526316
2 0.3092105263157895 0.4375 0.049342105263157895 0.046052631578947366
2 0.37993421052631576 0.3963815789473684 0.03782894736842105 0.03618421052631579
2 0.5855263157894737 0.3963815789473684 0.03782894736842105 0.04111842105263158
2 0.5476973684210527 0.6019736842105263 0.06907894736842106 0.06743421052631579
2 0.506578947368421 0.4309210526315789 0.04276315789473684 0.046052631578947366
2 0.2911184210526316 0.5 0.05756578947368421 0.054276315789473686
2 0.5 0.4786184210526316 0.047697368421052634 0.046052631578947366