2 0.4194078947368421 0.4643640350877193 0.05263157894736842 0.05380116959064327
2 0.662828947368421 0.47704678362573094 0.05263157894736842 0.052156432748538005
2 0.4375 0.3965277777777778 0.03782894736842105 0.0419590643274853
2 0.4654605263157895 0.6491959064327485 0.07894736842105263 0.08399122807017534
2 0.5115131578947368 0.45738304093567245 0.047697368421052634 0.048757309941520374
2 0.33881578947368424 0.42832602339181286 0.04276315789473684 0.04864766081871346
2 0.5131578947368421 0.5214912280701754 0.05921052631578947 0.05559210526315782
2 0.32401315789473684 0.598062865497076 0.0756578947368421 0.07240497076023394
2 0.5361842105263158 0.4124269005847953 0.04276315789473684 0.04371345029239767
2 0.6365131578947368 0.4233552631578947 0.046052631578947366 0.04378654970760241
2 0.2944078947368421 0.523062865497076 0.05756578947368421 0.06048976608187143
2 0.5016447368421053 0.3753654970760234 0.03453947368421053 0.04024122807017549
2 0.6233552631578947 0.5996345029239766 0.07072368421052631 0.06900584795321632