2 0.3847222222222222 0.5868908382066277 0.06385233918128651 0.06270711500974657
2 0.554751461988304 0.40598196881091614 0.04385964912280695 0.050609161793372395
2 0.4176535087719298 0.3623781676413255 0.04378654970760241 0.047319688109161775
2 0.24247076023391811 0.5533016569200779 0.05877192982456143 0.05598196881091604
2 0.3738304093567251 0.48530701754385963 0.04886695906432748 0.05404483430799221
2 0.4846125730994152 0.4557261208576998 0.04707602339181293 0.04741715399610133
2 0.30471491228070174 0.4150341130604288 0.05201023391812872 0.0475633528265108
2 0.5441885964912281 0.659417641325536 0.06571637426900578 0.07262426900584797
2 0.535891812865497 0.5150219298245614 0.04883040935672511 0.05240009746588694
2 0.5659722222222222 0.34483430799220277 0.04049707602339188 0.04722222222222222
2 0.7146198830409357 0.4604166666666667 0.05208333333333327 0.05085282651072133
2 0.6851973684210527 0.3791057504873294 0.04042397660818714 0.04393274853801169
2 0.6865131578947368 0.5417884990253411 0.05380116959064327 0.05419103313840168