2 0.37335526315789475 0.6118421052631579 0.05098684210526316 0.054276315789473686
2 0.587171052631579 0.4588815789473684 0.047697368421052634 0.054276315789473686
2 0.3881578947368421 0.48355263157894735 0.05098684210526316 0.049342105263157895
2 0.24342105263157895 0.5296052631578947 0.05592105263157895 0.049342105263157895
2 0.4934210526315789 0.48519736842105265 0.05263157894736842 0.05098684210526316
2 0.5279605263157895 0.5674342105263158 0.05098684210526316 0.049342105263157895
2 0.48355263157894735 0.3059210526315789 0.044407894736842105 0.049342105263157895
2 0.4786184210526316 0.7023026315789473 0.05592105263157895 0.0625
2 0.7154605263157895 0.45394736842105265 0.047697368421052634 0.047697368421052634
2 0.3256578947368421 0.3618421052631579 0.049342105263157895 0.049342105263157895
2 0.7171052631578947 0.5641447368421053 0.054276315789473686 0.049342105263157895
2 0.6414473684210527 0.3684210526315789 0.04111842105263158 0.049342105263157895
2 0.6430921052631579 0.6447368421052632 0.049342105263157895 0.05263157894736842