2 0.3667763157894737 0.4375 0.04111842105263158 0.046052631578947366
2 0.4457236842105263 0.5180921052631579 0.05592105263157895 0.05263157894736842
2 0.6085526315789473 0.40625 0.04111842105263158 0.04111842105263158
2 0.5953947368421053 0.5148026315789473 0.05098684210526316 0.049342105263157895
2 0.30098684210526316 0.5427631578947368 0.05756578947368421 0.05756578947368421
2 0.5098684210526315 0.46875 0.049342105263157895 0.047697368421052634
2 0.4621710526315789 0.4128289473684211 0.044407894736842105 0.04276315789473684
2 0.3930921052631579 0.3684210526315789 0.04111842105263158 0.039473684210526314
2 0.5230263157894737 0.36019736842105265 0.03782894736842105 0.04111842105263158
2 0.6990131578947368 0.6480263157894737 0.0625 0.06743421052631579
2 0.5608552631578947 0.694078947368421 0.06907894736842106 0.07730263157894737
2 0.4309210526315789 0.6578947368421053 0.07236842105263158 0.06743421052631579
2 0.7039473684210527 0.5131578947368421 0.05592105263157895 0.049342105263157895