2 0.4194078947368421 0.47368421052631576 0.05263157894736842 0.05263157894736842
2 0.662828947368421 0.4917763157894737 0.05263157894736842 0.05098684210526316
2 0.4375 0.40625 0.03782894736842105 0.04111842105263158
2 0.4654605263157895 0.6595394736842105 0.07894736842105263 0.08223684210526316
2 0.5115131578947368 0.46875 0.047697368421052634 0.047697368421052634
2 0.33881578947368424 0.43585526315789475 0.04276315789473684 0.047697368421052634
2 0.5131578947368421 0.5328947368421053 0.05921052631578947 0.054276315789473686
2 0.32401315789473684 0.6052631578947368 0.0756578947368421 0.07072368421052631
2 0.5361842105263158 0.4243421052631579 0.04276315789473684 0.04276315789473684
2 0.6365131578947368 0.4375 0.046052631578947366 0.04276315789473684
2 0.2944078947368421 0.5296052631578947 0.05756578947368421 0.05921052631578947
2 0.5016447368421053 0.38651315789473684 0.03453947368421053 0.039473684210526314
2 0.6233552631578947 0.6134868421052632 0.07072368421052631 0.06743421052631579