2 0.5707236842105263 0.6057383040935672 0.0625 0.06882309941520466
2 0.59375 0.39963450292397656 0.044407894736842105 0.0453947368421053
2 0.46875 0.4221491228070175 0.046052631578947366 0.04872076023391819
2 0.7154605263157895 0.4281798245614036 0.05098684210526316 0.04554093567251458
2 0.40625 0.5107090643274854 0.05592105263157895 0.052229532163742744
2 0.24835526315789475 0.5158625730994152 0.06578947368421052 0.055738304093567295
2 0.5 0.47079678362573096 0.047697368421052634 0.052046783625730904
2 0.6085526315789473 0.4618055555555555 0.046052631578947366 0.04707602339181293
2 0.34210526315789475 0.5976608187134502 0.06743421052631579 0.06728801169590631
2 0.29605263157894735 0.4375 0.05263157894736842 0.04722222222222222
2 0.4934210526315789 0.36074561403508776 0.03618421052631579 0.040277777777777767
2 0.7171052631578947 0.5465643274853802 0.06085526315789474 0.06385233918128669
2 0.3667763157894737 0.3948099415204678 0.044407894736842105 0.04375000000000004