2 0.4129142300194932 0.6866959064327486 0.0712353801169591 0.07065058479532157
2 0.5826023391812865 0.5062865497076023 0.05136452241715411 0.05211988304093564
2 0.5195053606237817 0.42430555555555555 0.04147173489278762 0.04861111111111109
2 0.49037524366471735 0.4877923976608187 0.051364522417153925 0.05211988304093564
2 0.37642543859649125 0.42277046783625727 0.04310428849902533 0.04700292397660819
2 0.6787646198830409 0.6120248538011696 0.05471491228070173 0.060416666666666695
2 0.4251096491228071 0.5570540935672514 0.05467836257309955 0.055482456140350904
2 0.32928849902534113 0.4973684210526315 0.05138888888888884 0.055409356725146165
2 0.5766081871345029 0.36308479532163745 0.03812134502923981 0.04031432748538013
2 0.4861598440545809 0.36271929824561405 0.043092105263157966 0.04535818713450293
2 0.5343445419103314 0.6515716374269006 0.05805311890838208 0.06706871345029249
2 0.6958089668615985 0.47097953216374266 0.04643031189083832 0.05201023391812872
2 0.6607821637426902 0.4044225146198831 0.03981481481481471 0.04692982456140346