2 0.36067251461988303 0.6127923976608187 0.0530336257309941 0.05583576998050675
2 0.3879385964912281 0.4852826510721248 0.05299707602339182 0.05090155945419115
2 0.5221734892787525 0.5748050682261209 0.05469054580896682 0.05752923976608184
2 0.5837841130604288 0.47463450292397663 0.04478557504873306 0.052302631578947295
2 0.49153265107212474 0.49164230019493177 0.05300925925925919 0.05254629629629623
2 0.48773148148148143 0.33853557504873294 0.0397904483430798 0.04393274853801169
2 0.4668615984405458 0.7129995126705653 0.06133040935672515 0.06594785575048727
2 0.23961988304093568 0.5203703703703703 0.057919103313840155 0.04940302144249499
2 0.712962962962963 0.580458089668616 0.0562987329434699 0.052643762183235875
2 0.6370004873294347 0.3972465886939571 0.041459551656919974 0.04727095516569204
2 0.3361111111111111 0.37517056530214427 0.04803849902534112 0.047465886939571156
2 0.7120979532163743 0.47514619883040937 0.048038499025341026 0.047465886939571156
2 0.6465643274853801 0.6607456140350877 0.05471491228070173 0.06081871345029237