2 0.38425925925925924 0.425 0.046052631578947366 0.0453947368421053
2 0.41185428849902533 0.5243786549707602 0.05287524366471735 0.05211988304093564
2 0.3055555555555555 0.5055555555555555 0.05287524366471735 0.05211988304093564
2 0.5238182261208577 0.5680190058479532 0.05287524366471735 0.05211988304093564
2 0.4853801169590643 0.4947368421052632 0.04617446393762193 0.04868421052631583
2 0.6419956140350876 0.48834064327485377 0.04276315789473684 0.04532163742690056
2 0.42635233918128657 0.3551535087719298 0.04270224171539956 0.0436769005847953
2 0.568530701754386 0.4274488304093568 0.04276315789473684 0.04532163742690056
2 0.5459917153996101 0.724890350877193 0.06000243664717356 0.06706871345029249
2 0.6601486354775828 0.6204312865497076 0.05281432748538008 0.050475146198830374
2 0.5072490253411306 0.3931652046783625 0.04111842105263158 0.0452850877192982
2 0.33114035087719296 0.6147660818713451 0.05305799220272901 0.05705409356725143
2 0.4412768031189084 0.7077485380116959 0.0614035087719297 0.06052631578947361