2 0.6414473684210527 0.5888157894736842 0.05756578947368421 0.05263157894736842
2 0.4555921052631579 0.4128289473684211 0.049342105263157895 0.047697368421052634
2 0.32894736842105265 0.506578947368421 0.05263157894736842 0.049342105263157895
2 0.4868421052631579 0.4917763157894737 0.049342105263157895 0.05098684210526316
2 0.3618421052631579 0.6069078947368421 0.06085526315789474 0.05592105263157895
2 0.49835526315789475 0.5888157894736842 0.054276315789473686 0.05263157894736842
2 0.5921052631578947 0.6891447368421053 0.06578947368421052 0.06743421052631579
2 0.5394736842105263 0.3256578947368421 0.04111842105263158 0.046052631578947366
2 0.7006578947368421 0.48355263157894735 0.05098684210526316 0.05098684210526316
2 0.5674342105263158 0.45394736842105265 0.046052631578947366 0.047697368421052634
2 0.3667763157894737 0.375 0.044407894736842105 0.046052631578947366
2 0.4457236842105263 0.32401315789473684 0.04276315789473684 0.047697368421052634
2 0.6151315789473685 0.3651315789473684 0.04111842105263158 0.04276315789473684