2 0.48011695906432744 0.6714181286549707 0.06604532163742692 0.0655701754385965
2 0.3983065302144249 0.4066154970760234 0.04407894736842107 0.04535818713450293
2 0.63578216374269 0.6551535087719299 0.05767543859649113 0.06045321637426887
2 0.4875730994152047 0.47927631578947366 0.050804093567251504 0.05043859649122819
2 0.41879873294346975 0.5434941520467836 0.055787037037037114 0.052192982456140374
2 0.30470272904483425 0.6313596491228071 0.06764132553606235 0.06396198830409361
2 0.5447855750487328 0.4131578947368421 0.04572368421052624 0.0453947368421053
2 0.2905458089668616 0.48640350877192984 0.059076510721247553 0.05226608187134511
2 0.6358187134502924 0.3790204678362573 0.04228801169590643 0.04038742690058478
2 0.513620857699805 0.3598684210526316 0.04074074074074081 0.04364035087719293
2 0.704861111111111 0.4347953216374269 0.04577241715399607 0.04703947368421056
2 0.699317738791423 0.5250730994152046 0.047465886939571156 0.04872076023391819
2 0.5875243664717349 0.5242324561403509 0.052448830409356766 0.050475146198830374