2 0.3788255360623781 0.6241837231968811 0.061732456140350826 0.06011208576998048
2 0.6716130604288499 0.39621101364522415 0.04175194931773892 0.04337231968810918
2 0.3840643274853801 0.4925560428849902 0.05009746588693961 0.05171783625730996
2 0.42531676413255365 0.37190545808966863 0.04172758284600382 0.04172758284600392
2 0.5579312865497076 0.41105019493177386 0.041849415204678386 0.04995126705653032
2 0.536135477582846 0.6613182261208577 0.06507066276803118 0.06345029239766083
2 0.7165692007797271 0.469541910331384 0.048452729044834164 0.05169346978557505
2 0.2534722222222222 0.5388888888888889 0.06327972709551653 0.05355750487329434
2 0.4717714424951267 0.4550804093567251 0.045163255360623634 0.05164473684210541
2 0.6593810916179338 0.555896686159844 0.05179093567251451 0.055031676413255404
2 0.5497197855750486 0.521345029239766 0.0517665692007796 0.05338693957114995
2 0.5538499025341131 0.35355750487329435 0.0401559454191033 0.04663742690058479
2 0.30132797270955164 0.4164961013645224 0.04842836257309944 0.05004873294346979