2 0.4800804093567252 0.6509990253411306 0.06381578947368413 0.06013645224171539
2 0.5552631578947369 0.4063840155945419 0.04868421052631564 0.045114522417153996
2 0.39119152046783623 0.35287524366471734 0.04543128654970767 0.04671052631578944
2 0.41154970760233917 0.5286184210526316 0.055482456140350904 0.055080409356725035
2 0.3010233918128655 0.6635233918128655 0.06388888888888887 0.06342592592592591
2 0.5468567251461988 0.32424463937621834 0.0453947368421053 0.04506578947368417
2 0.6315423976608187 0.6553362573099415 0.05888157894736835 0.06006335282651065
2 0.7085526315789473 0.4189205653021442 0.04872076023391819 0.04675925925925926
2 0.6427631578947368 0.3458576998050682 0.04206871345029241 0.04337231968810918
2 0.7154970760233919 0.509307992202729 0.05043859649122819 0.0500730994152047
2 0.2835891812865497 0.47128411306042883 0.052046783625730994 0.048452729044834164
2 0.49755116959064327 0.4746954191033138 0.04714912280701748 0.050024366471734874
2 0.5807748538011696 0.5178849902534113 0.050475146198830374 0.05171783625730996