2 0.3782894736842105 0.5230263157894737 0.05263157894736842 0.05263157894736842
2 0.45394736842105265 0.600328947368421 0.0625 0.06414473684210527
2 0.5805921052631579 0.4621710526315789 0.044407894736842105 0.046052631578947366
2 0.3059210526315789 0.48026315789473684 0.047697368421052634 0.044407894736842105
2 0.5115131578947368 0.5180921052631579 0.046052631578947366 0.054276315789473686
2 0.524671052631579 0.40131578947368424 0.03289473684210526 0.03618421052631579
2 0.712171052631579 0.47368421052631576 0.05098684210526316 0.046052631578947366
2 0.39144736842105265 0.44243421052631576 0.04111842105263158 0.039473684210526314
2 0.7039473684210527 0.524671052631579 0.05098684210526316 0.05098684210526316
2 0.4506578947368421 0.41776315789473684 0.03618421052631579 0.03782894736842105
2 0.6085526315789473 0.5888157894736842 0.06085526315789474 0.06085526315789474
2 0.6348684210526315 0.4128289473684211 0.03618421052631579 0.03618421052631579
2 0.49506578947368424 0.46875 0.04276315789473684 0.044407894736842105