2 0.3584917153996101 0.5509868421052632 0.05849171539961012 0.0625
2 0.401583820662768 0.4621710526315789 0.050097465886939516 0.05098684210526316
2 0.4699317738791423 0.6348684210526315 0.07346491228070169 0.07401315789473684
2 0.2522538986354776 0.48519736842105265 0.05672514619883049 0.054276315789473686
2 0.5019615009746589 0.4654605263157895 0.0500730994152047 0.049342105263157895
2 0.538998538011696 0.5230263157894737 0.05341130604288505 0.05263157894736842
2 0.5007188109161793 0.3815789473684211 0.03838937621832366 0.03782894736842105
2 0.3644736842105263 0.3996710526315789 0.041703216374269006 0.039473684210526314
2 0.590582358674464 0.45230263157894735 0.045041423001949264 0.04276315789473684
2 0.7172758284600389 0.4555921052631579 0.050097465886939425 0.05098684210526316
2 0.7364156920077973 0.5263157894736842 0.06170808966861591 0.05756578947368421
2 0.6748659844054581 0.5904605263157895 0.06178118908382065 0.0625
2 0.6343567251461988 0.4095394736842105 0.038438109161793486 0.04111842105263158