2 0.5427631578947368 0.5542763157894737 0.05756578947368421 0.05592105263157895
2 0.6694078947368421 0.46875 0.049342105263157895 0.047697368421052634
2 0.43914473684210525 0.39473684210526316 0.04276315789473684 0.04111842105263158
2 0.4243421052631579 0.48519736842105265 0.05263157894736842 0.047697368421052634
2 0.5098684210526315 0.4769736842105263 0.047697368421052634 0.047697368421052634
2 0.5279605263157895 0.4095394736842105 0.04276315789473684 0.044407894736842105
2 0.3503289473684211 0.662828947368421 0.06578947368421052 0.06907894736842106
2 0.4967105263157895 0.7269736842105263 0.07236842105263158 0.0805921052631579
2 0.5131578947368421 0.3503289473684211 0.03618421052631579 0.04276315789473684
2 0.6430921052631579 0.6200657894736842 0.06414473684210527 0.0625
2 0.631578947368421 0.38980263157894735 0.039473684210526314 0.04111842105263158
2 0.3059210526315789 0.5707236842105263 0.06085526315789474 0.05921052631578947
2 0.3223684210526316 0.4440789473684211 0.047697368421052634 0.046052631578947366