2 0.4334429824561403 0.47368421052631576 0.05419103313840168 0.05263157894736842
2 0.6774000974658869 0.4917763157894737 0.05414230019493185 0.05098684210526316
2 0.44953703703703707 0.40625 0.03904727095516554 0.04111842105263158
2 0.4850024366471735 0.6595394736842105 0.08138401559454198 0.08223684210526316
2 0.5254020467836258 0.46875 0.04911062378167642 0.047697368421052634
2 0.3517300194931774 0.43585526315789475 0.044176413255360626 0.047697368421052634
2 0.5289473684210527 0.5328947368421053 0.06081871345029256 0.054276315789473686
2 0.3419468810916179 0.6052631578947368 0.07775341130604287 0.07072368421052631
2 0.5487573099415205 0.4243421052631579 0.04403021442495134 0.04276315789473684
2 0.6494761208576998 0.4375 0.04731968810916168 0.04276315789473684
2 0.31009990253411307 0.5296052631578947 0.05932017543859649 0.05921052631578947
2 0.5130969785575048 0.38651315789473684 0.035709064327485565 0.039473684210526314
2 0.6415326510721249 0.6134868421052632 0.07272173489278762 0.06743421052631579