2 0.5608552631578947 0.5855263157894737 0.05756578947368421 0.05592105263157895
2 0.4243421052631579 0.5115131578947368 0.05263157894736842 0.05098684210526316
2 0.5575657894736842 0.40460526315789475 0.03618421052631579 0.03618421052631579
2 0.6381578947368421 0.41776315789473684 0.04111842105263158 0.03618421052631579
2 0.2845394736842105 0.5411184210526315 0.054276315789473686 0.05098684210526316
2 0.4555921052631579 0.4407894736842105 0.044407894736842105 0.04276315789473684
2 0.2993421052631579 0.47039473684210525 0.05098684210526316 0.046052631578947366
2 0.3684210526315789 0.5986842105263158 0.06085526315789474 0.06085526315789474
2 0.5921052631578947 0.4621710526315789 0.044407894736842105 0.046052631578947366
2 0.47039473684210525 0.3881578947368421 0.03289473684210526 0.03289473684210526
2 0.6546052631578947 0.5328947368421053 0.054276315789473686 0.05263157894736842
2 0.35526315789473684 0.42269736842105265 0.04111842105263158 0.039473684210526314
2 0.5049342105263158 0.4753289473684211 0.039473684210526314 0.039473684210526314