2 0.3418615984405458 0.4872076023391813 0.04973196881091621 0.05409356725146203
2 0.601693469785575 0.4998416179337233 0.05298489278752446 0.04925682261208589
2 0.33764619883040936 0.6121101364522418 0.06296296296296296 0.06435185185185183
2 0.5530458089668615 0.4046296296296296 0.04306773879142306 0.042385477582845985
2 0.47140594541910336 0.5436890838206627 0.053045808966861556 0.05748050682261202
2 0.4998294346978558 0.4820175438596491 0.04476120857699815 0.049013157894736765
2 0.42283138401559456 0.4386086744639376 0.04307992202729052 0.044030214424951156
2 0.45123050682261207 0.3802266081871345 0.03648879142300201 0.042190545808966876
2 0.7458455165692008 0.5830774853801169 0.07116228070175436 0.06130604288499024
2 0.3259502923976608 0.41435185185185186 0.04306773879142296 0.042385477582846075
2 0.537853313840156 0.6789108187134503 0.06468079922027296 0.07426900584795323
2 0.6712231968810916 0.6631213450292398 0.07783869395711507 0.07465886939571145
2 0.6808357699805068 0.47586500974658874 0.05131578947368429 0.04591861598440554