2 0.39509015594541913 0.5864522417153996 0.06081871345029237 0.05603070175438587
2 0.6330287524366472 0.4315058479532164 0.04896442495126694 0.044176413255360626
2 0.398988791423002 0.45487329434697854 0.047368421052631504 0.04577241715399607
2 0.49874512670565296 0.4157651072124756 0.04586988304093571 0.050657894736842034
2 0.6853070175438596 0.49733187134502926 0.05748050682261221 0.05428849902534114
2 0.5715765107212476 0.5089181286549708 0.04911062378167642 0.04911062378167642
2 0.5144249512670566 0.6075657894736842 0.06265838206627675 0.06265838206627675
2 0.5790082846003899 0.36901803118908383 0.03894980506822626 0.038949805068226075
2 0.3080531189083821 0.41812865497076024 0.04891569200779731 0.042531676413255365
2 0.29105750487329435 0.49258040935672515 0.05070662768031185 0.047514619883040975
2 0.38014132553606234 0.36998050682261213 0.0389985380116959 0.04059454191033134
2 0.4839303118908381 0.47207602339181287 0.04567495126705642 0.044078947368420975
2 0.4562378167641325 0.3529361598440546 0.037207602339181356 0.035611598440545726
2 0.496479044834308 0.6031676413255361 0.02434210526315782 0.04509015594541908