2 0.3536184210526316 0.5723684210526315 0.05592105263157895 0.05756578947368421
2 0.524671052631579 0.5394736842105263 0.05263157894736842 0.054276315789473686
2 0.4605263157894737 0.6710526315789473 0.06907894736842106 0.06743421052631579
2 0.3930921052631579 0.46381578947368424 0.05098684210526316 0.049342105263157895
2 0.4934210526315789 0.46875 0.05098684210526316 0.049342105263157895
2 0.2450657894736842 0.4917763157894737 0.05756578947368421 0.05263157894736842
2 0.49506578947368424 0.35526315789473684 0.03618421052631579 0.039473684210526314
2 0.5855263157894737 0.45394736842105265 0.044407894736842105 0.046052631578947366
2 0.3536184210526316 0.3832236842105263 0.04276315789473684 0.04276315789473684
2 0.7105263157894737 0.45394736842105265 0.047697368421052634 0.05098684210526316
2 0.7236842105263158 0.5444078947368421 0.05921052631578947 0.05592105263157895
2 0.6348684210526315 0.39473684210526316 0.03782894736842105 0.04111842105263158
2 0.6611842105263158 0.6200657894736842 0.05756578947368421 0.06414473684210527