2 0.6426535087719298 0.4199439571150097 0.04906189083820659 0.04675925925925926
2 0.4081505847953216 0.502400097465887 0.057431773879142285 0.051815302144249425
2 0.5178484405458089 0.6505116959064328 0.06440058479532165 0.06507066276803118
2 0.5129264132553606 0.4843932748538012 0.052448830409356766 0.05009746588693961
2 0.3389985380116959 0.3898879142300195 0.04906189083820659 0.04675925925925926
2 0.4186159844054581 0.35579922027290445 0.04577241715399607 0.04671052631578944
2 0.32965399610136453 0.574317738791423 0.06256091617933728 0.058467348927875216
2 0.27709551656920073 0.4664961013645225 0.05748050682261202 0.05346003898635469
2 0.5026072124756336 0.4137914230019493 0.04906189083820659 0.04675925925925926
2 0.5547880116959064 0.3422636452241715 0.04243421052631571 0.04501705653021444
2 0.7567860623781676 0.49558966861598447 0.05409356725146203 0.05012183235867434
2 0.6220151072124757 0.5008771929824561 0.04915935672514624 0.05004873294346979
2 0.6837231968810916 0.6398269980506823 0.05941764132553604 0.06335282651072117