2 0.3980263157894737 0.5986842105263158 0.0625 0.06085526315789474
2 0.5641447368421053 0.42269736842105265 0.04276315789473684 0.049342105263157895
2 0.42598684210526316 0.375 0.04276315789473684 0.046052631578947366
2 0.25493421052631576 0.5608552631578947 0.05756578947368421 0.054276315789473686
2 0.3848684210526316 0.4967105263157895 0.047697368421052634 0.05263157894736842
2 0.49506578947368424 0.47039473684210525 0.046052631578947366 0.046052631578947366
2 0.31414473684210525 0.4243421052631579 0.05098684210526316 0.046052631578947366
2 0.5592105263157895 0.6759868421052632 0.06414473684210527 0.07072368421052631
2 0.5476973684210527 0.53125 0.047697368421052634 0.05098684210526316
2 0.5740131578947368 0.3618421052631579 0.039473684210526314 0.046052631578947366
2 0.725328947368421 0.4819078947368421 0.05098684210526316 0.049342105263157895
2 0.694078947368421 0.3996710526315789 0.039473684210526314 0.04276315789473684
2 0.6990131578947368 0.5625 0.05263157894736842 0.05263157894736842