2 0.3815789473684211 0.5789473684210527 0.06085526315789474 0.05756578947368421
2 0.6233552631578947 0.45394736842105265 0.044407894736842105 0.04276315789473684
2 0.4161184210526316 0.46381578947368424 0.044407894736842105 0.04276315789473684
2 0.6990131578947368 0.5148026315789473 0.049342105263157895 0.047697368421052634
2 0.5148026315789473 0.4342105263157895 0.044407894736842105 0.04111842105263158
2 0.5986842105263158 0.5493421052631579 0.05098684210526316 0.05263157894736842
2 0.5098684210526315 0.5756578947368421 0.05592105263157895 0.05592105263157895
2 0.2878289473684211 0.506578947368421 0.049342105263157895 0.049342105263157895
2 0.5 0.4786184210526316 0.044407894736842105 0.04276315789473684
2 0.3256578947368421 0.42269736842105265 0.04111842105263158 0.03782894736842105
2 0.5773026315789473 0.3996710526315789 0.03453947368421053 0.03618421052631579
2 0.38980263157894735 0.3980263157894737 0.03618421052631579 0.03618421052631579
2 0.48848684210526316 0.38651315789473684 0.03289473684210526 0.03453947368421053