2 0.6508893762183237 0.41375487329434696 0.04958576998050683 0.05240009746588694
2 0.41209795321637427 0.5015107212475634 0.057809454191033144 0.052643762183235875
2 0.5132797270955166 0.6549342105263158 0.06317007797270953 0.064303118908382
2 0.5090155945419104 0.4064327485380117 0.04781920077972719 0.04906189083820669
2 0.5168128654970761 0.48358918128654976 0.05281432748538008 0.05085282651072133
2 0.2803971734892788 0.45766325536062374 0.056042884990253415 0.04930555555555571
2 0.566703216374269 0.31910331384015594 0.04617446393762193 0.049013157894736765
2 0.6264010721247564 0.5083333333333333 0.04952485380116955 0.05075536062378168
2 0.3414351851851852 0.37188109161793376 0.051108674463937624 0.04915935672514624
2 0.3358308966861598 0.5762183235867447 0.0629264132553606 0.057724171539960956
2 0.762853313840156 0.5026437621832359 0.057809454191033144 0.05264376218323569
2 0.42068713450292394 0.33330896686159844 0.04788011695906429 0.05070662768031185
2 0.6744639376218323 0.6501583820662769 0.06146442495126698 0.06260964912280692