2 0.3955287524366472 0.5930555555555556 0.07107699805068227 0.06896929824561414
2 0.39076510721247565 0.47609649122807024 0.050804093567251504 0.05043859649122819
2 0.6331749512670565 0.46008771929824566 0.0441276803118908 0.04700292397660819
2 0.6973562378167641 0.5158260233918128 0.055933235867446404 0.057127192982456165
2 0.4474780701754386 0.3950657894736842 0.039047270955165726 0.0419590643274853
2 0.5835282651072125 0.5248172514619883 0.05414230019493185 0.052156432748538005
2 0.2962475633528265 0.4443713450292398 0.05070662768031185 0.04714912280701767
2 0.3681895711500975 0.40482456140350875 0.038901072124756346 0.037024853801169696
2 0.5737816764132554 0.40939327485380117 0.039047270955165726 0.0419590643274854
2 0.5298611111111111 0.6141447368421052 0.07107699805068235 0.06896929824561414
2 0.49381091617933714 0.4421783625730994 0.0441276803118908 0.04700292397660819
2 0.27630360623781675 0.5064692982456139 0.05917397660818711 0.055555555555555636
2 0.4858187134502924 0.48972953216374276 0.04906189083820659 0.04711257309941511