2 0.36949317738791426 0.6414351851851852 0.06260964912280702 0.06101364522417148
2 0.6655945419103313 0.42632797270955164 0.04238547758284589 0.04398148148148152
2 0.3766812865497076 0.5099537037037036 0.05085282651072133 0.052448830409356766
2 0.4197124756335282 0.3910575048732943 0.042336744639376256 0.042336744639376256
2 0.55171783625731 0.4361232943469786 0.04258040935672519 0.05056042884990257
2 0.5262183235867447 0.6855872319688109 0.0659965886939571 0.06440058479532165
2 0.7094541910331384 0.5017056530214424 0.04920808966861606 0.05240009746588694
2 0.2454312865497076 0.5505116959064328 0.06405945419103307 0.05448343079922025
2 0.46492446393762177 0.4763523391812866 0.04591861598440554 0.052302631578947295
2 0.6509990253411306 0.5855750487329435 0.052595029239766056 0.055787037037037114
2 0.5418737816764133 0.5461257309941521 0.05254629629629642 0.05414230019493185
2 0.5484892787524366 0.378411306042885 0.04083820662768028 0.04722222222222222
2 0.2950901559454191 0.43016569200779725 0.04915935672514624 0.05075536062378168