2 0.41776315789473684 0.5873659844054581 0.07401315789473684 0.0745614035087718
2 0.23519736842105263 0.5640472709551657 0.06907894736842106 0.0663011695906433
2 0.5838815789473685 0.6157407407407408 0.07072368421052631 0.07453703703703708
2 0.4901315789473684 0.46347465886939565 0.047697368421052634 0.04476120857699815
2 0.39144736842105265 0.4872319688109161 0.054276315789473686 0.04974415204678376
2 0.5575657894736842 0.4317251461988304 0.046052631578947366 0.04639376218323595
2 0.5592105263157895 0.5024366471734893 0.054276315789473686 0.05632309941520481
2 0.4276315789473684 0.38827972709551656 0.039473684210526314 0.039766081871345074
2 0.2993421052631579 0.44021686159844053 0.046052631578947366 0.046393762183235765
2 0.6513157894736842 0.40635964912280703 0.044407894736842105 0.041447368421052705
2 0.7105263157894737 0.45526315789473676 0.05098684210526316 0.049719785575048844
2 0.5641447368421053 0.38726851851851857 0.03782894736842105 0.038109161793372356
2 0.7055921052631579 0.5161549707602339 0.05592105263157895 0.05798001949317735