2 0.33223684210526316 0.524671052631579 0.05921052631578947 0.05756578947368421
2 0.6759868421052632 0.5328947368421053 0.05756578947368421 0.054276315789473686
2 0.42598684210526316 0.4342105263157895 0.044407894736842105 0.046052631578947366
2 0.4786184210526316 0.4819078947368421 0.05098684210526316 0.049342105263157895
2 0.6710526315789473 0.44901315789473684 0.049342105263157895 0.044407894736842105
2 0.6118421052631579 0.662828947368421 0.07236842105263158 0.07894736842105263
2 0.5509868421052632 0.44243421052631576 0.046052631578947366 0.047697368421052634
2 0.5263157894736842 0.5444078947368421 0.05592105263157895 0.06085526315789474
2 0.38651315789473684 0.6513157894736842 0.07894736842105263 0.07730263157894737
2 0.34210526315789475 0.4342105263157895 0.044407894736842105 0.047697368421052634
2 0.42269736842105265 0.3848684210526316 0.03618421052631579 0.039473684210526314
2 0.49835526315789475 0.37664473684210525 0.03618421052631579 0.03782894736842105
2 0.5723684210526315 0.40131578947368424 0.03782894736842105 0.039473684210526314