2 0.34539473684210525 0.4769736842105263 0.049342105263157895 0.05263157894736842
2 0.6052631578947368 0.4819078947368421 0.05263157894736842 0.047697368421052634
2 0.34210526315789475 0.6019736842105263 0.0625 0.0625
2 0.555921052631579 0.3881578947368421 0.04276315789473684 0.04111842105263158
2 0.4753289473684211 0.5296052631578947 0.05263157894736842 0.05592105263157895
2 0.5032894736842105 0.46710526315789475 0.044407894736842105 0.047697368421052634
2 0.42598684210526316 0.42598684210526316 0.04276315789473684 0.04276315789473684
2 0.45394736842105265 0.3667763157894737 0.03618421052631579 0.04111842105263158
2 0.75 0.5608552631578947 0.07072368421052631 0.05921052631578947
2 0.32894736842105265 0.40460526315789475 0.04276315789473684 0.04111842105263158
2 0.5427631578947368 0.662828947368421 0.06414473684210527 0.07236842105263158
2 0.6759868421052632 0.6430921052631579 0.07730263157894737 0.07236842105263158
2 0.6842105263157895 0.4555921052631579 0.05098684210526316 0.044407894736842105