2 0.3881578947368421 0.6299342105263158 0.06085526315789474 0.05921052631578947
2 0.6776315789473685 0.40625 0.04111842105263158 0.04276315789473684
2 0.39144736842105265 0.49835526315789475 0.049342105263157895 0.05098684210526316
2 0.4309210526315789 0.3782894736842105 0.04111842105263158 0.04111842105263158
2 0.5641447368421053 0.4194078947368421 0.04111842105263158 0.049342105263157895
2 0.5460526315789473 0.6694078947368421 0.06414473684210527 0.0625
2 0.7236842105263158 0.48026315789473684 0.047697368421052634 0.05098684210526316
2 0.26151315789473684 0.5427631578947368 0.0625 0.05263157894736842
2 0.4786184210526316 0.4621710526315789 0.044407894736842105 0.05098684210526316
2 0.6677631578947368 0.5657894736842105 0.05098684210526316 0.054276315789473686
2 0.5575657894736842 0.5296052631578947 0.05098684210526316 0.05263157894736842
2 0.5592105263157895 0.3618421052631579 0.039473684210526314 0.046052631578947366
2 0.30756578947368424 0.42105263157894735 0.047697368421052634 0.049342105263157895