2 0.3503289473684211 0.5509868421052632 0.05756578947368421 0.0625
2 0.39473684210526316 0.4621710526315789 0.049342105263157895 0.05098684210526316
2 0.4605263157894737 0.6348684210526315 0.07236842105263158 0.07401315789473684
2 0.2450657894736842 0.48519736842105265 0.05592105263157895 0.054276315789473686
2 0.49506578947368424 0.4654605263157895 0.049342105263157895 0.049342105263157895
2 0.53125 0.5230263157894737 0.05263157894736842 0.05263157894736842
2 0.49506578947368424 0.3815789473684211 0.03782894736842105 0.03782894736842105
2 0.35855263157894735 0.3996710526315789 0.04111842105263158 0.039473684210526314
2 0.5838815789473685 0.45230263157894735 0.044407894736842105 0.04276315789473684
2 0.7105263157894737 0.4555921052631579 0.049342105263157895 0.05098684210526316
2 0.7286184210526315 0.5263157894736842 0.06085526315789474 0.05756578947368421
2 0.6661184210526315 0.5904605263157895 0.06085526315789474 0.0625
2 0.6282894736842105 0.4095394736842105 0.03782894736842105 0.04111842105263158