2 0.5981359649122806 0.554422514619883 0.06231725146198835 0.06714181286549703
2 0.5843567251461989 0.45270467836257305 0.04718567251461985 0.05201023391812872
2 0.339437134502924 0.4647295321637427 0.050438596491228005 0.05043859649122819
2 0.46922514619883043 0.529312865497076 0.05877192982456143 0.055555555555555636
2 0.4723318713450293 0.6691154970760234 0.0808114035087721 0.08563596491228061
2 0.49894005847953216 0.4595394736842105 0.04883040935672511 0.052046783625730904
2 0.48311403508771933 0.41381578947368425 0.04203216374269004 0.04203216374269004
2 0.3038011695906433 0.5642543859649123 0.07225877192982456 0.07065058479532157
2 0.594188596491228 0.37679093567251465 0.03863304093567241 0.03702485380116951
2 0.425 0.3904239766081872 0.037024853801169696 0.038633040935672595
2 0.6524122807017543 0.4051169590643275 0.03706140350877188 0.040277777777777767
2 0.5149122807017544 0.36374269005847953 0.033662280701754435 0.035270467836257334
2 0.7183845029239766 0.48592836257309946 0.053874269005848005 0.057090643274853796