2 0.33881578947368424 0.5394736842105263 0.06414473684210527 0.06578947368421052
2 0.6529605263157895 0.5032894736842105 0.05263157894736842 0.05592105263157895
2 0.3305921052631579 0.4440789473684211 0.044407894736842105 0.046052631578947366
2 0.4194078947368421 0.4440789473684211 0.046052631578947366 0.047697368421052634
2 0.5411184210526315 0.3980263157894737 0.03782894736842105 0.03782894736842105
2 0.48848684210526316 0.4720394736842105 0.049342105263157895 0.049342105263157895
2 0.5460526315789473 0.5328947368421053 0.06085526315789474 0.06414473684210527
2 0.6529605263157895 0.4342105263157895 0.04111842105263158 0.04276315789473684
2 0.4720394736842105 0.38980263157894735 0.03618421052631579 0.03782894736842105
2 0.5460526315789473 0.4440789473684211 0.046052631578947366 0.046052631578947366
2 0.44901315789473684 0.631578947368421 0.08388157894736842 0.07894736842105263
2 0.694078947368421 0.6134868421052632 0.06907894736842106 0.07730263157894737
2 0.3881578947368421 0.3980263157894737 0.03782894736842105 0.03782894736842105