2 0.6348684210526315 0.43256578947368424 0.047697368421052634 0.05098684210526316
2 0.3930921052631579 0.5131578947368421 0.05592105263157895 0.05098684210526316
2 0.48848684210526316 0.6694078947368421 0.06085526315789474 0.0625
2 0.4934210526315789 0.42105263157894735 0.046052631578947366 0.047697368421052634
2 0.49835526315789475 0.49835526315789475 0.05098684210526316 0.049342105263157895
2 0.2631578947368421 0.4654605263157895 0.054276315789473686 0.047697368421052634
2 0.5542763157894737 0.3355263157894737 0.044407894736842105 0.047697368421052634
2 0.6069078947368421 0.5263157894736842 0.047697368421052634 0.049342105263157895
2 0.32730263157894735 0.3815789473684211 0.049342105263157895 0.047697368421052634
2 0.31414473684210525 0.5855263157894737 0.06085526315789474 0.05592105263157895
2 0.743421052631579 0.524671052631579 0.05592105263157895 0.05098684210526316
2 0.40789473684210525 0.34539473684210525 0.046052631578947366 0.049342105263157895
2 0.649671052631579 0.6694078947368421 0.05921052631578947 0.06085526315789474