2 0.6023391812865497 0.554422514619883 0.06280458089668621 0.06714181286549703
2 0.5878045808966861 0.45270467836257305 0.0475633528265108 0.05201023391812872
2 0.3429337231968811 0.4647295321637427 0.050804093567251504 0.05043859649122819
2 0.4732212475633528 0.529312865497076 0.05917397660818711 0.055555555555555636
2 0.47736354775828455 0.6691154970760234 0.0814327485380118 0.08563596491228061
2 0.5024244639376219 0.4595394736842105 0.04920808966861606 0.052046783625730904
2 0.48625730994152044 0.41381578947368425 0.042336744639376256 0.04203216374269004
2 0.3080287524366472 0.5642543859649123 0.07277046783625725 0.07065058479532157
2 0.5970760233918129 0.37679093567251465 0.03890107212475644 0.03702485380116951
2 0.42796052631578946 0.3904239766081872 0.03730506822612081 0.038633040935672595
2 0.6555190058479532 0.4051169590643275 0.03735380116959064 0.040277777777777767
2 0.5176900584795322 0.36374269005847953 0.033918128654970826 0.035270467836257334
2 0.7221003898635479 0.48592836257309946 0.054288499025340956 0.057090643274853796