2 0.3772904483430799 0.5789473684210527 0.061281676413255326 0.05756578947368421
2 0.6199926900584795 0.45394736842105265 0.04472465886939559 0.04276315789473684
2 0.4126827485380117 0.46381578947368424 0.04472465886939578 0.04276315789473684
2 0.6951998050682261 0.5148026315789473 0.04969541910331393 0.047697368421052634
2 0.5115862573099416 0.4342105263157895 0.04471247563352832 0.04111842105263158
2 0.5946150097465887 0.5493421052631579 0.05137670565302138 0.05263157894736842
2 0.5056042884990253 0.5756578947368421 0.05633528265107208 0.05592105263157895
2 0.28407651072124757 0.506578947368421 0.0497076023391813 0.049342105263157895
2 0.49645467836257307 0.4786184210526316 0.04472465886939559 0.04276315789473684
2 0.3225268031189084 0.42269736842105265 0.04139863547758288 0.03782894736842105
2 0.5743421052631579 0.3996710526315789 0.03480750487329437 0.03618421052631579
2 0.3868542884990253 0.3980263157894737 0.03645224171539964 0.03618421052631579
2 0.48562378167641324 0.38651315789473684 0.03315058479532165 0.03453947368421053