2 0.3642909356725146 0.6035453216374268 0.0517909356725146 0.055409356725146165
2 0.5803728070175439 0.4458333333333333 0.04850146198830398 0.055336257309941614
2 0.3809941520467836 0.47492690058479536 0.05171783625730996 0.050475146198830374
2 0.2355750487329435 0.5241959064327485 0.05665204678362575 0.05058479532163748
2 0.4862329434697856 0.47423245614035087 0.053386939571150135 0.052156432748538005
2 0.5195540935672515 0.5557017543859649 0.051717836257309774 0.050475146198830374
2 0.47902046783625724 0.29517543859649126 0.04513888888888872 0.05032894736842109
2 0.4682139376218324 0.6916666666666667 0.05684697855750486 0.06374269005847939
2 0.708735380116959 0.43804824561403516 0.048403996101364526 0.048757309941520374
2 0.3202972709551657 0.35460526315789476 0.0500730994152047 0.050438596491228005
2 0.7087475633528265 0.5482090643274854 0.05500730994152049 0.05054824561403511
2 0.6359892787524366 0.35416666666666663 0.0418494152046782 0.05025584795321635
2 0.63354044834308 0.6304459064327486 0.05012183235867434 0.05372807017543872