2 0.5345394736842105 0.5838815789473685 0.054276315789473686 0.054276315789473686
2 0.6677631578947368 0.46381578947368424 0.047697368421052634 0.044407894736842105
2 0.3815789473684211 0.4194078947368421 0.039473684210526314 0.039473684210526314
2 0.6233552631578947 0.3963815789473684 0.03782894736842105 0.039473684210526314
2 0.6611842105263158 0.5526315789473685 0.05756578947368421 0.05263157894736842
2 0.4194078947368421 0.6447368421052632 0.07236842105263158 0.06414473684210527
2 0.4605263157894737 0.3684210526315789 0.03453947368421053 0.03618421052631579
2 0.5115131578947368 0.42269736842105265 0.04111842105263158 0.039473684210526314
2 0.38651315789473684 0.5411184210526315 0.054276315789473686 0.054276315789473686
2 0.49506578947368424 0.4769736842105263 0.046052631578947366 0.044407894736842105
2 0.5641447368421053 0.3684210526315789 0.03453947368421053 0.03289473684210526
2 0.3717105263157895 0.4819078947368421 0.04276315789473684 0.044407894736842105
2 0.569078947368421 0.48848684210526316 0.047697368421052634 0.044407894736842105