2 0.35166910331384016 0.5148269980506823 0.06134259259259261 0.05932017543859639
2 0.6957236842105263 0.5128654970760234 0.05957602339181278 0.05598196881091604
2 0.44206871345029236 0.42158869395711507 0.04611354775828465 0.047368421052631504
2 0.49646686159844056 0.46772660818713446 0.05281432748538008 0.05085282651072133
2 0.6876827485380117 0.4291301169590643 0.05098684210526316 0.04586988304093571
2 0.6363913255360625 0.6447002923976608 0.0752923976608188 0.08109161793372321
2 0.5673732943469785 0.42610867446393763 0.04781920077972719 0.04906189083820659
2 0.546479044834308 0.5288133528265108 0.05817495126705664 0.06251218323586745
2 0.4106359649122807 0.6398635477582847 0.08181042884990257 0.07964181286549707
2 0.35818713450292394 0.42407407407407405 0.04617446393762183 0.049013157894736765
2 0.43695175438596484 0.3723440545808967 0.0376461988304094 0.04054580896686161
2 0.5123050682261209 0.3618786549707602 0.03758528265107212 0.038901072124756346
2 0.5872319688109162 0.3843567251461988 0.03929093567251466 0.04059454191033134