2 0.3408991228070175 0.5749878167641326 0.057200292397660904 0.05798001949317735
2 0.5126827485380117 0.5433601364522417 0.053837719298245636 0.054666179337231904
2 0.4456140350877193 0.6744639376218323 0.07057748538011703 0.06794590643274857
2 0.38278508771929826 0.46672758284600396 0.05208333333333327 0.049719785575048844
2 0.48300438596491224 0.47240497076023386 0.05208333333333346 0.049719785575048844
2 0.23413742690058478 0.49359161793372314 0.05873538011695906 0.0530579922027292
2 0.48717105263157895 0.35893031189083824 0.03706140350877188 0.03974171539961016
2 0.5754385964912281 0.4582846003898635 0.04543128654970767 0.046381578947368496
2 0.3451023391812866 0.3858430799220273 0.04371345029239767 0.04307992202729052
2 0.7004385964912281 0.45921052631578957 0.04883040935672511 0.0513401559454192
2 0.7115862573099415 0.5497685185185185 0.06045321637426906 0.05635964912280699
2 0.6260964912280702 0.3994395711500975 0.03874269005847951 0.04139863547758288
2 0.6474049707602338 0.6249634502923976 0.05899122807017545 0.06457115009746585