2 0.6028508771929824 0.5669346978557505 0.05632309941520481 0.05469054580896682
2 0.34385964912280703 0.46140350877192976 0.04143518518518516 0.04306773879142306
2 0.5692495126705652 0.47129629629629627 0.048038499025341026 0.04640594541910341
2 0.4800804093567252 0.4229410331384016 0.04142300194931779 0.04142300194931779
2 0.5476851851851852 0.6684941520467836 0.06464424951267059 0.0679093567251462
2 0.6746954191033138 0.49674707602339185 0.04640594541910341 0.048038499025341026
2 0.4451267056530214 0.5887914230019493 0.05798001949317735 0.056347465886939535
2 0.4986111111111111 0.4822855750487329 0.044749025341130504 0.046381578947368496
2 0.3855019493177388 0.5324317738791423 0.049719785575048754 0.05135233918128647
2 0.3893518518518519 0.38608674463937626 0.04139863547758288 0.03813352826510727
2 0.49110623781676416 0.35723684210526313 0.034795321637426914 0.034795321637426914
2 0.5569931773879142 0.3708820662768031 0.036464424951267095 0.0380969785575049
2 0.6330043859649123 0.4191398635477583 0.03977826510721253 0.041410818713450336