2 0.44624756335282656 0.6219541910331384 0.07088206627680306 0.061878654970760304
2 0.40712719298245614 0.4678606237816765 0.05254629629629632 0.05338693957114995
2 0.6600755360623782 0.45259502923976613 0.04577241715399607 0.046710526315789626
2 0.6077972709551657 0.5208333333333333 0.05259502923976624 0.055031676413255216
2 0.509442007797271 0.47786306042884985 0.05075536062378168 0.04842836257309925
2 0.5274244639376218 0.41836013645224174 0.04567495126705642 0.04342105263157891
2 0.6033625730994152 0.37116228070175444 0.042336744639376256 0.04172758284600382
2 0.3133650097465887 0.41330409356725145 0.04582115009746589 0.0483552631578947
2 0.3144980506822612 0.5070784600389864 0.05752923976608184 0.05510477582845995
2 0.39259259259259255 0.36605750487329436 0.04078947368421045 0.04499269005847953
2 0.7600877192982456 0.5514863547758285 0.06256091617933728 0.058467348927875216
2 0.4728923001949317 0.354995126705653 0.03914473684210519 0.04496832358674471
2 0.6285818713450293 0.6669712475633528 0.07301413255360618 0.07835038986354785