2 0.5592105263157895 0.625 0.0625 0.06414473684210527
2 0.34868421052631576 0.4457236842105263 0.046052631578947366 0.049342105263157895
2 0.36348684210526316 0.6743421052631579 0.06907894736842106 0.07236842105263158
2 0.43585526315789475 0.5460526315789473 0.06085526315789474 0.05592105263157895
2 0.6842105263157895 0.5509868421052632 0.05592105263157895 0.05592105263157895
2 0.48848684210526316 0.41118421052631576 0.04111842105263158 0.04111842105263158
2 0.4720394736842105 0.47368421052631576 0.05098684210526316 0.046052631578947366
2 0.26973684210526316 0.5509868421052632 0.06743421052631579 0.05592105263157895
2 0.43914473684210525 0.37993421052631576 0.03618421052631579 0.03782894736842105
2 0.5460526315789473 0.3667763157894737 0.03782894736842105 0.039473684210526314
2 0.625 0.38651315789473684 0.03618421052631579 0.039473684210526314
2 0.6611842105263158 0.4457236842105263 0.044407894736842105 0.044407894736842105
2 0.5789473684210527 0.4769736842105263 0.044407894736842105 0.046052631578947366