2 0.4654605263157895 0.6578947368421053 0.0625 0.05921052631578947
2 0.5460526315789473 0.4144736842105263 0.047697368421052634 0.044407894736842105
2 0.3832236842105263 0.35855263157894735 0.044407894736842105 0.046052631578947366
2 0.3996710526315789 0.5345394736842105 0.054276315789473686 0.054276315789473686
2 0.28618421052631576 0.6677631578947368 0.0625 0.0625
2 0.5394736842105263 0.33223684210526316 0.044407894736842105 0.044407894736842105
2 0.6167763157894737 0.6644736842105263 0.05756578947368421 0.05921052631578947
2 0.6990131578947368 0.4292763157894737 0.047697368421052634 0.046052631578947366
2 0.6348684210526315 0.35526315789473684 0.04111842105263158 0.04276315789473684
2 0.7039473684210527 0.5197368421052632 0.049342105263157895 0.049342105263157895
2 0.2730263157894737 0.4753289473684211 0.05098684210526316 0.047697368421052634
2 0.4868421052631579 0.4819078947368421 0.046052631578947366 0.049342105263157895
2 0.569078947368421 0.5263157894736842 0.049342105263157895 0.05098684210526316