2 0.33661062378167644 0.5766325536062379 0.0626096491228071 0.05966130604288498
2 0.6657163742690059 0.5182017543859649 0.055787037037037114 0.05138888888888884
2 0.3930921052631579 0.4470882066276803 0.047514619883040975 0.049683235867446295
2 0.525109649122807 0.4332602339181286 0.047465886939571156 0.048038499025341214
2 0.46888401559454185 0.4986476608187135 0.05249756335282659 0.05136452241715411
2 0.5394493177387915 0.5600389863547758 0.05588450292397658 0.05467836257309936
2 0.6355506822612086 0.42585282651072126 0.047368421052631504 0.04474902534113069
2 0.6515594541910331 0.6628654970760234 0.06435185185185183 0.06296296296296296
2 0.36374269005847953 0.38271198830409353 0.04243421052631571 0.04471247563352832
2 0.30383771929824566 0.46123294346978555 0.0475633528265108 0.05132797270955174
2 0.5300073099415205 0.3790082846003899 0.04243421052631571 0.04471247563352832
2 0.4527777777777778 0.7091008771929824 0.07291666666666673 0.07453703703703708
2 0.443421052631579 0.358625730994152 0.03914473684210519 0.04468810916179341