2 0.39378654970760235 0.5146198830409358 0.05419103313840159 0.05380116959064327
2 0.4717348927875243 0.5902412280701754 0.06440058479532165 0.06553362573099414
2 0.5942860623781677 0.4492690058479532 0.04577241715399607 0.04703947368421056
2 0.32015107212475635 0.47346491228070176 0.049013157894736765 0.04546783625730985
2 0.5268640350877193 0.5067251461988304 0.047660818713450265 0.055299707602339244
2 0.5365618908382066 0.389656432748538 0.03396686159844065 0.036915204678362595
2 0.7262061403508772 0.45785818713450294 0.05235136452241712 0.04718567251461985
2 0.4045565302144249 0.43373538011695906 0.04228801169590643 0.04038742690058478
2 0.7194931773879143 0.5090277777777777 0.05249756335282659 0.05211988304093564
2 0.4630360623781676 0.40774853801169586 0.037305068226121 0.038633040935672595
2 0.6259990253411306 0.5752923976608187 0.06265838206627675 0.06220760233918124
2 0.6471003898635478 0.3987207602339181 0.037256335282651175 0.03698830409356724
2 0.5089546783625731 0.45774853801169596 0.044078947368420975 0.04535818713450293