2 0.6529605263157895 0.5542763157894737 0.05921052631578947 0.05921052631578947
2 0.2894736842105263 0.506578947368421 0.06085526315789474 0.05263157894736842
2 0.4555921052631579 0.4243421052631579 0.047697368421052634 0.044407894736842105
2 0.6891447368421053 0.4654605263157895 0.05263157894736842 0.049342105263157895
2 0.4868421052631579 0.4786184210526316 0.049342105263157895 0.05098684210526316
2 0.5641447368421053 0.44901315789473684 0.04111842105263158 0.04276315789473684
2 0.6069078947368421 0.71875 0.08223684210526316 0.08223684210526316
2 0.34210526315789475 0.6578947368421053 0.0756578947368421 0.07072368421052631
2 0.3717105263157895 0.40131578947368424 0.04276315789473684 0.044407894736842105
2 0.4457236842105263 0.3667763157894737 0.039473684210526314 0.039473684210526314
2 0.5296052631578947 0.36348684210526316 0.03453947368421053 0.039473684210526314
2 0.600328947368421 0.3881578947368421 0.03782894736842105 0.039473684210526314
2 0.5016447368421053 0.5575657894736842 0.05592105263157895 0.06085526315789474