2 0.5592105263157895 0.6332846003898636 0.0625 0.06507066276803118
2 0.34868421052631576 0.4508893762183236 0.046052631578947366 0.050024366471734874
2 0.36348684210526316 0.6797270955165692 0.06907894736842106 0.07339181286549715
2 0.43585526315789475 0.552509746588694 0.06085526315789474 0.05682261208576995
2 0.6842105263157895 0.5611232943469786 0.05592105263157895 0.056749512670565216
2 0.48848684210526316 0.41842105263157897 0.04111842105263158 0.04172758284600392
2 0.4720394736842105 0.48067738791423 0.05098684210526316 0.046807992202728896
2 0.26973684210526316 0.5549829434697856 0.06743421052631579 0.0569200779727096
2 0.43914473684210525 0.3864400584795322 0.03618421052631579 0.03836500974658875
2 0.5460526315789473 0.3748659844054581 0.03782894736842105 0.04003411306042892
2 0.625 0.3957724171539961 0.03618421052631579 0.04000974658869401
2 0.6611842105263158 0.4555190058479532 0.044407894736842105 0.04506578947368436
2 0.5789473684210527 0.48555068226120857 0.044407894736842105 0.04671052631578944