2 0.5444078947368421 0.5542763157894737 0.05592105263157895 0.05592105263157895
2 0.43256578947368424 0.3963815789473684 0.044407894736842105 0.04276315789473684
2 0.6694078947368421 0.46710526315789475 0.046052631578947366 0.049342105263157895
2 0.42269736842105265 0.48848684210526316 0.05263157894736842 0.047697368421052634
2 0.5115131578947368 0.4769736842105263 0.047697368421052634 0.047697368421052634
2 0.5230263157894737 0.4095394736842105 0.04276315789473684 0.044407894736842105
2 0.3190789473684211 0.44901315789473684 0.049342105263157895 0.046052631578947366
2 0.5115131578947368 0.725328947368421 0.07072368421052631 0.07894736842105263
2 0.3618421052631579 0.6710526315789473 0.06578947368421052 0.06907894736842106
2 0.506578947368421 0.3503289473684211 0.03618421052631579 0.04276315789473684
2 0.625 0.38651315789473684 0.04111842105263158 0.039473684210526314
2 0.649671052631579 0.6118421052631579 0.0625 0.0625
2 0.31085526315789475 0.5773026315789473 0.0625 0.06085526315789474