3 0.5972222222222222 0.3730506822612086 0.03904727095516554 0.04251949317738791
3 0.5071271929824562 0.49987816764132553 0.047368421052631504 0.04611354775828465
3 0.4604166666666667 0.3682383040935672 0.042336744639376256 0.042641325536062376
3 0.4294468810916179 0.5455653021442495 0.055787037037037114 0.05299707602339173
3 0.5278996101364521 0.5896686159844053 0.05593323586744622 0.05793128654970752
3 0.6323343079922028 0.5578094541910331 0.05090155945419115 0.05445906432748534
3 0.6732456140350878 0.49372563352826515 0.0441276803118908 0.04763645224171554
3 0.5702972709551657 0.4646076998050682 0.047465886939571156 0.04940302144249518
3 0.5289595516569201 0.3475877192982456 0.03899853801169609 0.04087475633528265
3 0.40735867446393764 0.41136695906432746 0.04896442495126704 0.04452972709551657
3 0.6301778752436648 0.4294590643274853 0.04582115009746589 0.049342105263157895
3 0.4771686159844054 0.4334795321637427 0.047465886939571156 0.04940302144249518
3 0.3717714424951267 0.4884259259259259 0.050657894736842124 0.046235380116959025