3 0.5164473684210527 0.5180921052631579 0.04382309941520459 0.047697368421052634
3 0.5496345029239766 0.3832236842105263 0.03877923976608188 0.04276315789473684
3 0.6452850877192983 0.5427631578947368 0.050475146198830374 0.05098684210526316
3 0.567580409356725 0.5986842105263158 0.05226608187134511 0.05756578947368421
3 0.4186038011695907 0.40789473684210525 0.04046052631578951 0.044407894736842105
3 0.4520102339181286 0.5789473684210527 0.05380116959064346 0.05263157894736842
3 0.6585891812865498 0.4753289473684211 0.04711257309941511 0.047697368421052634
3 0.5564327485380117 0.46710526315789475 0.04382309941520459 0.047697368421052634
3 0.38358918128654973 0.4605263157894737 0.04382309941520468 0.047697368421052634
3 0.4559576023391812 0.4605263157894737 0.04711257309941511 0.047697368421052634
3 0.378874269005848 0.5444078947368421 0.04879385964912284 0.049342105263157895
3 0.5966008771929825 0.4243421052631579 0.04217836257309932 0.047697368421052634
3 0.4770833333333333 0.375 0.035489766081871356 0.04276315789473684