3 0.38746345029239765 0.5899122807017543 0.05922270955165693 0.05634746588693972
3 0.5252558479532163 0.46760477582846005 0.0475633528265108 0.051327972709551556
3 0.5680555555555555 0.6356481481481481 0.06101364522417148 0.06129385964912278
3 0.5936038011695907 0.4434454191033139 0.04727095516569204 0.041459551656919974
3 0.5185672514619883 0.4083576998050682 0.04083820662768028 0.046345029239766126
3 0.4398635477582846 0.4159965886939571 0.042531676413255365 0.048001949317738844
3 0.38332115009746587 0.45010964912280693 0.04756335282651071 0.051327972709551556
3 0.46511939571150096 0.6579069200779727 0.06440058479532165 0.06460769980506822
3 0.6321393762183236 0.5785696881091619 0.0526924951267057 0.057943469785575165
3 0.45182748538011697 0.48679337231968806 0.05075536062378168 0.04806286549707594
3 0.37525584795321637 0.5108918128654971 0.05235136452241712 0.04643031189083832
3 0.5484892787524367 0.5302631578947368 0.05718810916179326 0.043177387914229974
3 0.6494395711500974 0.496479044834308 0.047660818713450265 0.054617446393762266