3 0.6055068226120858 0.5355750487329435 0.0526924951267057 0.04680799220272908
3 0.4442616959064327 0.4903996101364523 0.046052631578947366 0.04506578947368417
3 0.5720638401559454 0.416593567251462 0.0428849902534114 0.048306530214424874
3 0.3964424951267056 0.4485501949317739 0.04599171539961009 0.04342105263157891
3 0.5035940545808967 0.5324195906432748 0.05098684210526316 0.04513888888888891
3 0.40028021442495126 0.6115253411306042 0.05939327485380113 0.05019493177387907
3 0.3677509746588694 0.5567373294346979 0.05116959064327481 0.0500730994152047
3 0.5201023391812866 0.3977217348927875 0.04276315789473684 0.04501705653021444
3 0.5147417153996101 0.4535940545808967 0.04617446393762193 0.0483552631578947
3 0.6265229044834308 0.4568957115009747 0.04757553606237826 0.04180068226120856
3 0.4422514619883041 0.4113791423001949 0.04928118908382061 0.043469785575048735
3 0.5857090643274854 0.625791910331384 0.05470272904483446 0.05670077972709539
3 0.4642422027290448 0.6618421052631579 0.057992202729044984 0.056749512670565216