3 0.4680190058479532 0.526254873294347 0.04946393762183245 0.04946393762183245
3 0.50682261208577 0.41240253411306044 0.03782894736842105 0.045748050682261156
3 0.5523269980506822 0.6067860623781677 0.056225633528265165 0.05464181286549699
3 0.424646686159844 0.585587231968811 0.052936159844054635 0.054519980506822434
3 0.3909600389863548 0.42787524366471735 0.0459307992202729 0.04276315789473684
3 0.6085526315789473 0.5561647173489279 0.05287524366471735 0.05287524366471735
3 0.6271929824561404 0.49756335282651076 0.046235380116959025 0.05098684210526316
3 0.34959795321637427 0.4774000974658869 0.044407894736842105 0.04599171539961028
3 0.41697124756335285 0.4815423976608188 0.04952485380116955 0.05110867446393772
3 0.3469785575048733 0.5481237816764132 0.054276315789473686 0.04635721247563358
3 0.5276559454191032 0.4724658869395711 0.04459064327485376 0.05092592592592606
3 0.5648757309941521 0.4458455165692008 0.04428606237816755 0.04270224171539956
3 0.43664717348927873 0.3949805068226121 0.03618421052631579 0.045687134502923964