3 0.5207602339181286 0.5055555555555555 0.05009746588693961 0.05171783625730996
3 0.4123659844054581 0.40681042884990254 0.04332358674463945 0.0384624756335283
3 0.35476364522417153 0.5162402534113061 0.05171783625730996 0.05009746588693961
3 0.6421052631578947 0.4790813840155945 0.048403996101364526 0.048403996101364526
3 0.6132919103313841 0.42192982456140343 0.0401559454191033 0.04663742690058489
3 0.4066520467836257 0.5763401559454191 0.05012183235867443 0.05336257309941522
3 0.5774366471734893 0.5557139376218324 0.04845272904483435 0.05169346978557505
3 0.5519005847953217 0.38664717348927874 0.040131578947368386 0.04499269005847953
3 0.5148513645224172 0.4398391812865497 0.04663742690058489 0.0401559454191033
3 0.4419590643274854 0.5165935672514619 0.053240740740740665 0.04189814814814802
3 0.34394493177387914 0.45224171539961017 0.04833089668615979 0.043469785575048735
3 0.47941033138401556 0.3794956140350877 0.0401559454191033 0.04663742690058479
3 0.49607699805068234 0.6161427875243666 0.05841861598440539 0.05841861598440539