3 0.4706993177387915 0.495577485380117 0.05131578947368429 0.04554093567251458
3 0.6184941520467837 0.46761695906432754 0.04147173489278762 0.04861111111111109
3 0.44500487329434696 0.5788742690058479 0.057943469785575165 0.05226608187134511
3 0.519407894736842 0.41114766081871346 0.03977826510721253 0.04199561403508776
3 0.5241959064327485 0.6135233918128655 0.05473927875243664 0.06370614035087722
3 0.4016081871345029 0.4923976608187135 0.05131578947368419 0.04554093567251458
3 0.5852339181286549 0.41754385964912283 0.03977826510721253 0.04199561403508767
3 0.5480872319688108 0.5088084795321638 0.04479775828460033 0.053618421052631614
3 0.5997807017543859 0.6053362573099416 0.05963693957115025 0.05888157894736835
3 0.4635721247563353 0.42141812865497075 0.04147173489278762 0.04861111111111109
3 0.4983065302144249 0.44850146198830404 0.04636939571150085 0.04378654970760241
3 0.6501827485380117 0.5275219298245615 0.046454678362573235 0.055299707602339244
3 0.41119639376218325 0.45478801169590644 0.04147173489278743 0.04861111111111109