3 0.6025950292397662 0.42971491228070174 0.04535818713450293 0.04375000000000004
3 0.45255847953216377 0.5168859649122807 0.05040204678362564 0.04879385964912293
3 0.4737938596491228 0.37584064327485384 0.04210526315789478 0.04532163742690056
3 0.39923245614035086 0.5469663742690059 0.05040204678362573 0.04879385964912293
3 0.5396198830409356 0.5237573099415205 0.04714912280701767 0.05036549707602346
3 0.550219298245614 0.6391812865497076 0.052229532163742556 0.05705409356725143
3 0.6139619883040935 0.5846491228070175 0.053728070175438535 0.050511695906432744
3 0.41542397660818714 0.4107456140350877 0.04707602339181293 0.04707602339181284
3 0.46454678362573104 0.643859649122807 0.057090643274853796 0.05387426900584782
3 0.5529239766081872 0.3693713450292398 0.04049707602339188 0.04692982456140346
3 0.4607821637426901 0.44301900584795323 0.04700292397660819 0.04378654970760241
3 0.35639619883040935 0.4752558479532163 0.04543128654970767 0.047039473684210374
3 0.6305190058479532 0.5060307017543859 0.04543128654970767 0.047039473684210374