3 0.5044590643274853 0.5006944444444444 0.04809941520467831 0.05498294346978558
3 0.5780458089668616 0.5571637426900585 0.05471491228070173 0.060014619883040826
3 0.6295077972709552 0.49226364522417154 0.048099415204678496 0.05498294346978558
3 0.5003654970760234 0.38728070175438595 0.038145711500974726 0.043323586744639354
3 0.379995126705653 0.4301778752436647 0.04147173489278753 0.04830653021442506
3 0.46616715399610137 0.563754873294347 0.059600389863547695 0.05350877192982451
3 0.3582358674463938 0.4814814814814815 0.04808723196881085 0.05333820662768032
3 0.6200414230019493 0.43813352826510726 0.044773391812865417 0.04999999999999996
3 0.37741228070175437 0.5568469785575049 0.054702729044834274 0.058369883040935565
3 0.4312743664717349 0.38994883040935674 0.038145711500974726 0.04332358674463945
3 0.4340399610136453 0.4606237816764132 0.048038499025341026 0.04675925925925926
3 0.5311647173489278 0.4476730019493178 0.04311647173489288 0.048330896686159974
3 0.5561281676413256 0.407833820662768 0.03814571150097454 0.043323586744639354