3 0.38673245614035084 0.5652412280701754 0.057577972709551666 0.05633528265107208
3 0.5469298245614035 0.4776315789473684 0.047514619883040975 0.049683235867446295
3 0.5496223196881092 0.6240009746588694 0.05936890838206622 0.06128167641325551
3 0.4383162768031189 0.641264619883041 0.0626096491228071 0.059661306042885165
3 0.4545687134502924 0.4128167641325536 0.04398148148148152 0.04143518518518525
3 0.5234527290448343 0.4067495126705653 0.04059454191033153 0.038121345029239716
3 0.5939449317738791 0.45495857699805076 0.04896442495126694 0.04311647173489288
3 0.622027290448343 0.5702729044834308 0.06062378167641326 0.04813596491228068
3 0.40276559454191035 0.44038742690058486 0.044176413255360626 0.04801413255360611
3 0.46140350877192976 0.47699805068226125 0.047514619883040975 0.049683235867446295
3 0.5504751461988304 0.5417884990253411 0.05259502923976624 0.054653996101364635
3 0.36659356725146197 0.4960282651072125 0.05075536062378168 0.04806286549707594
3 0.659551656920078 0.5047758284600391 0.04586988304093571 0.049671052631579025