3 0.46008771929824566 0.5789961013645225 0.05906432748538 0.06828703703703697
3 0.5450657894736842 0.481603313840156 0.04886695906432748 0.05333820662768032
3 0.5421052631578948 0.5703460038986354 0.06542397660818722 0.058516081871345035
3 0.3825292397660819 0.49234892787524365 0.052192982456140374 0.055031676413255404
3 0.5687865497076023 0.43920565302144254 0.03885233918128662 0.046613060428849974
3 0.5125730994152047 0.425219298245614 0.03713450292397662 0.04329922027290454
3 0.3724780701754386 0.5579678362573098 0.06063596491228072 0.06502192982456136
3 0.6094298245614035 0.4924220272904483 0.04554093567251458 0.05164473684210541
3 0.4681286549707602 0.42291666666666666 0.03874269005847951 0.04167884990253418
3 0.47076023391812855 0.4673489278752437 0.04382309941520459 0.04833089668615979
3 0.5049342105263158 0.5254020467836258 0.053910818713450374 0.05834551656920065
3 0.6102704678362574 0.5302509746588694 0.05877192982456143 0.05512914230019486
3 0.38647660818713453 0.44801413255360617 0.04535818713450293 0.043421052631579096