3 0.40131578947368424 0.5467470760233918 0.049342105263157895 0.048793859649122744
3 0.6233552631578947 0.4299707602339181 0.049342105263157895 0.04057017543859643
3 0.4786184210526316 0.5237938596491228 0.049342105263157895 0.04550438596491241
3 0.4605263157894737 0.6171418128654971 0.05592105263157895 0.052229532163742744
3 0.5625 0.5190789473684211 0.044407894736842105 0.04868421052631564
3 0.48848684210526316 0.37434210526315786 0.04276315789473684 0.035489766081871356
3 0.5657894736842105 0.37605994152046784 0.04111842105263158 0.03709795321637425
3 0.42105263157894735 0.40080409356725144 0.046052631578947366 0.037207602339181356
3 0.5625 0.6259868421052632 0.05263157894736842 0.052156432748538005
3 0.6348684210526315 0.5815423976608187 0.05098684210526316 0.04883040935672511
3 0.6365131578947368 0.5075657894736842 0.046052631578947366 0.04707602339181293
3 0.48519736842105265 0.45321637426900585 0.046052631578947366 0.04543128654970767
3 0.36348684210526316 0.4653143274853802 0.046052631578947366 0.04049707602339188