3 0.46901803118908386 0.4940545808966861 0.04641812865497068 0.05070662768031185
3 0.6272782651072124 0.5480750487329434 0.05296052631578955 0.045967348927875365
3 0.42266081871345024 0.45157163742690054 0.043092105263157966 0.04567495126705642
3 0.41721491228070173 0.604337231968811 0.0579069200779727 0.04775828460038991
3 0.5968323586744639 0.43371101364522413 0.04311647173489288 0.04896442495126713
3 0.3905092592592593 0.5509259259259259 0.05135233918128656 0.05085282651072133
3 0.5440545808966861 0.41241471734892793 0.039802631578947444 0.04557748538011695
3 0.5236111111111111 0.5384259259259259 0.051291423001949374 0.04262914230019501
3 0.6481237816764134 0.47634015594541906 0.04801413255360611 0.044176413255360626
3 0.5362207602339182 0.4648026315789474 0.044773391812865417 0.050657894736842034
3 0.4651681286549707 0.4182992202729045 0.04471247563352832 0.04243421052631581
3 0.6065302144249513 0.6329678362573099 0.05469054580896682 0.05752923976608184
3 0.4817738791423002 0.6621588693957116 0.05633528265107208 0.057577972709551666