3 0.6414473684210527 0.4917763157894737 0.049342105263157895 0.05098684210526316
3 0.5740131578947368 0.37664473684210525 0.047697368421052634 0.046052631578947366
3 0.40625 0.4769736842105263 0.05263157894736842 0.047697368421052634
3 0.4144736842105263 0.5904605263157895 0.049342105263157895 0.05098684210526316
3 0.4654605263157895 0.49835526315789475 0.05098684210526316 0.046052631578947366
3 0.4769736842105263 0.6299342105263158 0.047697368421052634 0.049342105263157895
3 0.524671052631579 0.537828947368421 0.05098684210526316 0.047697368421052634
3 0.6447368421052632 0.3996710526315789 0.049342105263157895 0.046052631578947366
3 0.49835526315789475 0.36348684210526316 0.047697368421052634 0.049342105263157895
3 0.4161184210526316 0.3996710526315789 0.046052631578947366 0.049342105263157895
3 0.5476973684210527 0.6414473684210527 0.049342105263157895 0.049342105263157895
3 0.6299342105263158 0.5855263157894737 0.047697368421052634 0.049342105263157895
3 0.5082236842105263 0.42269736842105265 0.049342105263157895 0.049342105263157895