3 0.494761208576998 0.38903508771929823 0.044078947368420975 0.04535818713450293
3 0.3911549707602339 0.44261695906432746 0.04572368421052633 0.0453947368421053
3 0.6482334307992202 0.5206505847953217 0.050657894736842034 0.04550438596491241
3 0.5155945419103314 0.5374269005847954 0.04582115009746589 0.04868421052631564
3 0.6254142300194931 0.5826023391812866 0.05404483430799221 0.04886695906432748
3 0.49930555555555556 0.5978801169590643 0.05583576998050675 0.053837719298245636
3 0.373416179337232 0.5096125730994152 0.0506091617933723 0.04385964912280714
3 0.5467348927875243 0.4789473684210526 0.044078947368420975 0.04535818713450293
3 0.6381091617933723 0.4563230994152047 0.04586988304093571 0.05032894736842109
3 0.5804824561403509 0.3975146198830409 0.04078947368421045 0.0452850877192982
3 0.41198830409356724 0.5910087719298246 0.05743177387914238 0.052229532163742556
3 0.4355263157894737 0.49784356725146195 0.05070662768031185 0.04714912280701767
3 0.41412037037037036 0.3855994152046784 0.04243421052631571 0.04532163742690056