3 0.4705896686159844 0.4600146198830409 0.04478557504873306 0.051973684210526165
3 0.387037037037037 0.5062865497076023 0.05305799220272901 0.058735380116959245
3 0.5952850877192981 0.4161184210526316 0.041459551656919974 0.04696637426900583
3 0.6271442495126706 0.4976608187134503 0.054653996101364635 0.052192982456140374
3 0.42597465886939573 0.4330409356725146 0.04310428849902542 0.04700292397660819
3 0.40712719298245614 0.5535453216374269 0.061245126705653054 0.053983918128654926
3 0.6481359649122808 0.44455409356725145 0.048038499025341026 0.04711257309941511
3 0.47324561403508775 0.5964912280701754 0.061354775828460065 0.06878654970760248
3 0.536245126705653 0.44046052631578947 0.04314083820662779 0.05193713450292398
3 0.5201998050682262 0.4951023391812866 0.049683235867446295 0.04714912280701767
3 0.6079556530214425 0.5721125730994152 0.058028752436647166 0.06377923976608195
3 0.5441885964912281 0.40244883040935675 0.038145711500974726 0.04360380116959066
3 0.46856725146198835 0.40906432748538013 0.04470029239766068 0.04046052631578951