3 0.494761208576998 0.37470760233918127 0.044078947368420975 0.04472465886939568
3 0.3911549707602339 0.4314083820662768 0.04572368421052633 0.04473684210526305
3 0.6482334307992202 0.5018884015594542 0.050657894736842034 0.044773391812865417
3 0.5155945419103314 0.5226120857699805 0.04582115009746589 0.04802631578947376
3 0.6254142300194931 0.5645711500974658 0.05404483430799221 0.04808723196881085
3 0.49930555555555556 0.5836013645224171 0.05583576998050675 0.05303362573099429
3 0.373416179337232 0.4989887914230019 0.0506091617933723 0.04312865497076015
3 0.5467348927875243 0.46315789473684216 0.044078947368420975 0.04472465886939559
3 0.6381091617933723 0.4378045808966862 0.04586988304093571 0.049671052631579025
3 0.5804824561403509 0.38065302144249513 0.04078947368421045 0.044700292397660865
3 0.41198830409356724 0.5793128654970761 0.05743177387914238 0.05140107212475629
3 0.4355263157894737 0.4853679337231968 0.05070662768031185 0.04641812865497068
3 0.41412037037037036 0.37365984405458086 0.04243421052631571 0.04471247563352832