3 0.37335526315789475 0.53125 0.05098684210526316 0.054276315789473686
3 0.524671052631579 0.47039473684210525 0.046052631578947366 0.05098684210526316
3 0.4144736842105263 0.6101973684210527 0.06085526315789474 0.0625
3 0.5115131578947368 0.6069078947368421 0.05756578947368421 0.06578947368421052
3 0.5904605263157895 0.5641447368421053 0.054276315789473686 0.05592105263157895
3 0.41118421052631576 0.42105263157894735 0.03782894736842105 0.047697368421052634
3 0.4621710526315789 0.40789473684210525 0.04111842105263158 0.04111842105263158
3 0.5888157894736842 0.4654605263157895 0.04276315789473684 0.049342105263157895
3 0.5180921052631579 0.4144736842105263 0.039473684210526314 0.046052631578947366
3 0.45394736842105265 0.4720394736842105 0.047697368421052634 0.046052631578947366
3 0.5164473684210527 0.53125 0.05263157894736842 0.05592105263157895
3 0.6200657894736842 0.5 0.05098684210526316 0.046052631578947366
3 0.35526315789473684 0.4753289473684211 0.046052631578947366 0.049342105263157895