3 0.4839912280701754 0.49102095516569194 0.048940058479532034 0.05662768031189084
3 0.5852339181286549 0.522404970760234 0.05233918128654985 0.06161062378167627
3 0.37496345029239764 0.44002192982456134 0.04385964912280695 0.049975633528265236
3 0.44996345029239765 0.542495126705653 0.057236842105263086 0.06003898635477574
3 0.3626461988304093 0.4763767056530214 0.053728070175438535 0.050121832358674526
3 0.4825292397660819 0.40883284600389863 0.03877923976608188 0.04332358674463945
3 0.6271929824561404 0.4839668615984405 0.05372807017543872 0.05012183235867434
3 0.6247441520467836 0.44618664717348927 0.04714912280701767 0.050024366471734874
3 0.5631213450292398 0.4076388888888889 0.035489766081871356 0.043274853801169626
3 0.427046783625731 0.4639132553606238 0.05211988304093564 0.051742202729044874
3 0.4068347953216374 0.41159844054580896 0.03877923976608188 0.043323586744639354
3 0.3944444444444445 0.5252314814814815 0.06198830409356722 0.05188840155945416
3 0.5161549707602339 0.4494395711500974 0.04539473684210511 0.04506578947368436