3 0.5197368421052632 0.46710526315789475 0.04276315789473684 0.05098684210526316
3 0.3782894736842105 0.5263157894736842 0.05098684210526316 0.054276315789473686
3 0.6036184210526315 0.5444078947368421 0.05263157894736842 0.06085526315789474
3 0.5296052631578947 0.5838815789473685 0.05921052631578947 0.06743421052631579
3 0.4309210526315789 0.5953947368421053 0.0625 0.06414473684210527
3 0.4029605263157895 0.4309210526315789 0.04111842105263158 0.047697368421052634
3 0.45230263157894735 0.4194078947368421 0.04111842105263158 0.04111842105263158
3 0.5197368421052632 0.5180921052631579 0.05098684210526316 0.05756578947368421
3 0.5838815789473685 0.45723684210526316 0.044407894736842105 0.046052631578947366
3 0.5049342105263158 0.42105263157894735 0.03618421052631579 0.04276315789473684
3 0.45394736842105265 0.4720394736842105 0.049342105263157895 0.046052631578947366
3 0.6217105263157895 0.48848684210526316 0.046052631578947366 0.046052631578947366
3 0.3519736842105263 0.4819078947368421 0.046052631578947366 0.05098684210526316