3 0.5230263157894737 0.4764985380116959 0.044407894736842105 0.05164473684210522
3 0.3519736842105263 0.5496223196881092 0.05263157894736842 0.05670077972709539
3 0.3881578947368421 0.6291057504873294 0.054276315789473686 0.061659356725146275
3 0.4901315789473684 0.6470638401559454 0.05921052631578947 0.06337719298245609
3 0.5805921052631579 0.6171539961013645 0.05592105263157895 0.06003898635477574
3 0.5444078947368421 0.42089424951267057 0.04111842105263158 0.0466617933723197
3 0.5953947368421053 0.47428118908382066 0.047697368421052634 0.04675925925925926
3 0.44243421052631576 0.47530458089668615 0.046052631578947366 0.051669103313840135
3 0.46875 0.4066154970760234 0.039473684210526314 0.04828216374268996
3 0.6398026315789473 0.5423732943469786 0.047697368421052634 0.05498294346978558
3 0.4029605263157895 0.42537768031189094 0.04111842105263158 0.04995126705653032
3 0.3651315789473684 0.479093567251462 0.046052631578947366 0.04837962962962961
3 0.5032894736842105 0.5452850877192982 0.05098684210526316 0.05174220272904469