3 0.37006578947368424 0.587171052631579 0.05756578947368421 0.05592105263157895
3 0.5115131578947368 0.46381578947368424 0.046052631578947366 0.05098684210526316
3 0.5493421052631579 0.631578947368421 0.05921052631578947 0.06085526315789474
3 0.5805921052631579 0.43914473684210525 0.046052631578947366 0.04111842105263158
3 0.506578947368421 0.40460526315789475 0.039473684210526314 0.046052631578947366
3 0.4276315789473684 0.4128289473684211 0.04111842105263158 0.047697368421052634
3 0.37006578947368424 0.4473684210526316 0.046052631578947366 0.05098684210526316
3 0.4457236842105263 0.6546052631578947 0.0625 0.06414473684210527
3 0.6151315789473685 0.5740131578947368 0.05098684210526316 0.05756578947368421
3 0.4375 0.48355263157894735 0.049342105263157895 0.047697368421052634
3 0.36019736842105265 0.5082236842105263 0.05098684210526316 0.046052631578947366
3 0.5328947368421053 0.5263157894736842 0.05592105263157895 0.04276315789473684
3 0.6348684210526315 0.4917763157894737 0.046052631578947366 0.054276315789473686