3 0.6215399610136453 0.4578460038986355 0.043092105263157966 0.045041423001949264
3 0.46016081871345027 0.4865497076023391 0.04964668615984411 0.0418494152046782
3 0.3944688109161793 0.47436647173489277 0.049634502923976656 0.04020467836257312
3 0.528411306042885 0.37535331384015597 0.04143518518518506 0.04337231968810918
3 0.4232943469785575 0.5791910331384016 0.05299707602339173 0.050121832358674526
3 0.5973927875243664 0.3874878167641326 0.044700292397660865 0.040131578947368386
3 0.4969907407407408 0.6208576998050682 0.05140107212475629 0.056676413255360665
3 0.5389619883040936 0.5051169590643274 0.04476120857699815 0.04835526315789489
3 0.4724171539961013 0.3860501949317739 0.04311647173489288 0.04833089668615979
3 0.49842836257309947 0.42677875243664715 0.04636939571150085 0.04344541910331382
3 0.6373781676413255 0.5398391812865497 0.04805068226120867 0.048403996101364526
3 0.41123294346978556 0.431359649122807 0.043128654970760245 0.049975633528265236
3 0.5627680311890838 0.6215277777777778 0.05305799220272901 0.05834551656920065