3 0.43914473684210525 0.5625 0.06085526315789474 0.06743421052631579
3 0.37006578947368424 0.5328947368421053 0.05921052631578947 0.054276315789473686
3 0.5921052631578947 0.5180921052631579 0.05098684210526316 0.05921052631578947
3 0.5427631578947368 0.5542763157894737 0.05592105263157895 0.0625
3 0.33881578947368424 0.49835526315789475 0.054276315789473686 0.05263157894736842
3 0.5345394736842105 0.48355263157894735 0.046052631578947366 0.049342105263157895
3 0.3980263157894737 0.45230263157894735 0.04111842105263158 0.049342105263157895
3 0.5657894736842105 0.42598684210526316 0.039473684210526314 0.044407894736842105
3 0.45723684210526316 0.5082236842105263 0.05263157894736842 0.05098684210526316
3 0.6036184210526315 0.4506578947368421 0.04276315789473684 0.044407894736842105
3 0.48355263157894735 0.4555921052631579 0.04111842105263158 0.049342105263157895
3 0.4292763157894737 0.4194078947368421 0.03618421052631579 0.04276315789473684
3 0.5180921052631579 0.41118421052631576 0.03618421052631579 0.03782894736842105