3 0.5055555555555555 0.49415204678362573 0.05009746588693961 0.05281432748538008
3 0.4001340155945419 0.39778265107212474 0.04332358674463945 0.03941276803118904
3 0.33931530214424954 0.5085282651072124 0.05171783625730996 0.05123050682261209
3 0.6276315789473684 0.4649731968810916 0.048403996101364526 0.04946393762183245
3 0.6005238791423002 0.4084429824561403 0.0401559454191033 0.047514619883040975
3 0.38940058479532164 0.567495126705653 0.05012183235867443 0.05445906432748534
3 0.5607212475633528 0.543067738791423 0.04845272904483435 0.05275341130604298
3 0.5402046783625731 0.37451267056530213 0.040131578947368386 0.04586988304093571
3 0.5015960038986355 0.42854532163742687 0.04663742690058489 0.04117933723196886
3 0.4264619883040936 0.5069444444444444 0.053240740740740665 0.04306773879142306
3 0.3303971734892788 0.4447490253411306 0.04833089668615979 0.04452972709551667
3 0.467958089668616 0.36896929824561403 0.0401559454191033 0.047514619883040975
3 0.4776072124756335 0.6053240740740741 0.05841861598440539 0.05969785575048734