3 0.625 0.5263157894736842 0.05098684210526316 0.046052631578947366
3 0.4621710526315789 0.48355263157894735 0.044407894736842105 0.044407894736842105
3 0.587171052631579 0.40789473684210525 0.04111842105263158 0.047697368421052634
3 0.4128289473684211 0.44243421052631576 0.044407894736842105 0.04276315789473684
3 0.5230263157894737 0.524671052631579 0.049342105263157895 0.044407894736842105
3 0.42269736842105265 0.6052631578947368 0.05756578947368421 0.049342105263157895
3 0.3881578947368421 0.5509868421052632 0.049342105263157895 0.049342105263157895
3 0.5345394736842105 0.38980263157894735 0.04111842105263158 0.044407894736842105
3 0.53125 0.4457236842105263 0.044407894736842105 0.047697368421052634
3 0.6430921052631579 0.4473684210526316 0.046052631578947366 0.04111842105263158
3 0.45723684210526316 0.40460526315789475 0.047697368421052634 0.04276315789473684
3 0.6085526315789473 0.6167763157894737 0.05263157894736842 0.05592105263157895
3 0.48848684210526316 0.6546052631578947 0.05592105263157895 0.05592105263157895