3 0.3893640350877193 0.5497197855750487 0.05040204678362573 0.04915935672514624
3 0.6141081871345029 0.43458820662768033 0.05021929824561398 0.04093567251461992
3 0.4672149122807017 0.5273391812865498 0.05032894736842109 0.04586988304093571
3 0.44703947368421054 0.620553118908382 0.05705409356725143 0.052643762183235875
3 0.5512426900584796 0.5232456140350877 0.04546783625730985 0.049013157894736765
3 0.4804093567251461 0.37796052631578947 0.04353070175438602 0.03580653021442502
3 0.5577119883040935 0.38025097465886937 0.04192251461988293 0.037402534113060465
3 0.41235380116959064 0.40392300194931774 0.04685672514619891 0.03754873294346975
3 0.5488669590643275 0.6301535087719298 0.053764619883040904 0.05254629629629623
3 0.6222587719298246 0.586245126705653 0.052046783625730904 0.04920808966861606
3 0.6255482456140351 0.512280701754386 0.04707602339181293 0.04741715399610133
3 0.47536549707602344 0.4568104288499026 0.047039473684210374 0.04577241715399607
3 0.35332602339181285 0.46800682261208576 0.04692982456140355 0.04083820662768028