3 0.3615497076023392 0.5340155945419103 0.052192982456140374 0.054653996101364635
3 0.51421783625731 0.47428118908382055 0.04718567251461985 0.051327972709551556
3 0.4009137426900585 0.6132675438596491 0.06224415204678361 0.06295077972709551
3 0.4980263157894737 0.6106968810916179 0.05902777777777782 0.06621588693957112
3 0.5779239766081871 0.5685185185185184 0.055519005847953086 0.05632309941520481
3 0.4018274853801169 0.424098440545809 0.03888888888888889 0.04797758284600393
3 0.4531067251461988 0.4113182261208577 0.04203216374269004 0.04142300194931779
3 0.5784722222222222 0.4698221247563353 0.04385964912280695 0.04965886939571157
3 0.5088815789473684 0.4183114035087719 0.04049707602339188 0.046345029239766126
3 0.44345760233918124 0.4754020467836258 0.04872076023391819 0.04640594541910341
3 0.504641812865497 0.5350755360623782 0.05387426900584782 0.056310916179337166
3 0.608954678362573 0.5045930799220273 0.05201023391812872 0.046430311890838134
3 0.3447002923976608 0.4779605263157895 0.04714912280701748 0.049683235867446295