3 0.49506578947368424 0.49835526315789475 0.047697368421052634 0.05592105263157895
3 0.5970394736842105 0.53125 0.05098684210526316 0.06085526315789474
3 0.3848684210526316 0.4457236842105263 0.04276315789473684 0.049342105263157895
3 0.4621710526315789 0.5493421052631579 0.05592105263157895 0.05921052631578947
3 0.37335526315789475 0.4819078947368421 0.05263157894736842 0.049342105263157895
3 0.4917763157894737 0.4161184210526316 0.03782894736842105 0.04276315789473684
3 0.6381578947368421 0.4934210526315789 0.05263157894736842 0.049342105263157895
3 0.6348684210526315 0.4555921052631579 0.046052631578947366 0.049342105263157895
3 0.5723684210526315 0.4161184210526316 0.03453947368421053 0.04276315789473684
3 0.4375 0.47039473684210525 0.05098684210526316 0.05098684210526316
3 0.4161184210526316 0.41776315789473684 0.03782894736842105 0.04276315789473684
3 0.40625 0.53125 0.06085526315789474 0.05098684210526316
3 0.5263157894736842 0.45723684210526316 0.044407894736842105 0.044407894736842105