3 0.6450901559454191 0.4917763157894737 0.04971978557504866 0.05098684210526316
3 0.5768031189083821 0.37664473684210525 0.048038499025341026 0.046052631578947366
3 0.40978313840155944 0.4769736842105263 0.052984892787524274 0.047697368421052634
3 0.4188474658869396 0.5904605263157895 0.04971978557504866 0.05098684210526316
3 0.46915204678362565 0.49835526315789475 0.051327972709551556 0.046052631578947366
3 0.4816398635477583 0.6299342105263158 0.04806286549707594 0.049342105263157895
3 0.5286549707602339 0.537828947368421 0.0513401559454192 0.047697368421052634
3 0.6476973684210525 0.3996710526315789 0.049683235867446295 0.046052631578947366
3 0.5010477582846005 0.36348684210526316 0.04806286549707594 0.049342105263157895
3 0.41907894736842105 0.3996710526315789 0.04641812865497068 0.049342105263157895
3 0.5524488304093568 0.6414473684210527 0.0497076023391812 0.049342105263157895
3 0.6342714424951268 0.5855263157894737 0.04806286549707594 0.049342105263157895
3 0.5113547758284601 0.42269736842105265 0.0497076023391812 0.049342105263157895