3 0.5197368421052632 0.4654605263157895 0.04276315789473684 0.047697368421052634
3 0.39473684210526316 0.555921052631579 0.054276315789473686 0.047697368421052634
3 0.5493421052631579 0.6069078947368421 0.05592105263157895 0.06085526315789474
3 0.4621710526315789 0.6299342105263158 0.06414473684210527 0.05756578947368421
3 0.6134868421052632 0.5542763157894737 0.05263157894736842 0.05756578947368421
3 0.4375 0.41118421052631576 0.04276315789473684 0.04111842105263158
3 0.4901315789473684 0.4095394736842105 0.03782894736842105 0.046052631578947366
3 0.3848684210526316 0.4342105263157895 0.04276315789473684 0.049342105263157895
3 0.5805921052631579 0.4473684210526316 0.044407894736842105 0.044407894736842105
3 0.4555921052631579 0.4819078947368421 0.05098684210526316 0.046052631578947366
3 0.5296052631578947 0.53125 0.05098684210526316 0.05263157894736842
3 0.6217105263157895 0.48355263157894735 0.044407894736842105 0.046052631578947366
3 0.3503289473684211 0.5049342105263158 0.044407894736842105 0.054276315789473686