3 0.4654605263157895 0.48026315789473684 0.046052631578947366 0.049342105263157895
3 0.6233552631578947 0.5296052631578947 0.05263157894736842 0.044407894736842105
3 0.4194078947368421 0.43914473684210525 0.04276315789473684 0.044407894736842105
3 0.4128289473684211 0.5921052631578947 0.05756578947368421 0.046052631578947366
3 0.59375 0.4161184210526316 0.04276315789473684 0.047697368421052634
3 0.38651315789473684 0.5394736842105263 0.05098684210526316 0.049342105263157895
3 0.5411184210526315 0.3963815789473684 0.039473684210526314 0.044407894736842105
3 0.5197368421052632 0.5230263157894737 0.05098684210526316 0.04111842105263158
3 0.6447368421052632 0.45723684210526316 0.047697368421052634 0.04276315789473684
3 0.5328947368421053 0.44901315789473684 0.044407894736842105 0.049342105263157895
3 0.4621710526315789 0.40460526315789475 0.044407894736842105 0.04111842105263158
3 0.6019736842105263 0.6151315789473685 0.054276315789473686 0.05592105263157895
3 0.4769736842105263 0.6480263157894737 0.05592105263157895 0.05592105263157895