3 0.5855263157894737 0.39473684210526316 0.03782894736842105 0.04111842105263158
3 0.4917763157894737 0.5180921052631579 0.046052631578947366 0.044407894736842105
3 0.44901315789473684 0.3848684210526316 0.04111842105263158 0.04111842105263158
3 0.4128289473684211 0.5608552631578947 0.054276315789473686 0.05098684210526316
3 0.5098684210526315 0.6085526315789473 0.054276315789473686 0.05592105263157895
3 0.6151315789473685 0.5805921052631579 0.049342105263157895 0.05263157894736842
3 0.6578947368421053 0.5180921052631579 0.04276315789473684 0.046052631578947366
3 0.555921052631579 0.48519736842105265 0.046052631578947366 0.047697368421052634
3 0.5180921052631579 0.3667763157894737 0.03782894736842105 0.039473684210526314
3 0.39473684210526316 0.42598684210526316 0.047697368421052634 0.04276315789473684
3 0.6167763157894737 0.45230263157894735 0.044407894736842105 0.047697368421052634
3 0.46381578947368424 0.4506578947368421 0.046052631578947366 0.047697368421052634
3 0.3569078947368421 0.5016447368421053 0.049342105263157895 0.044407894736842105