3 0.430458089668616 0.5909965886939571 0.05632309941520462 0.055933235867446404
3 0.5349658869395711 0.48590399610136453 0.048001949317738844 0.042531676413255365
3 0.40456871345029244 0.4272538986354776 0.04145955165692007 0.04727095516569204
3 0.36760477582846 0.5451510721247563 0.052948343079922 0.0443226120857701
3 0.6135843079922028 0.43915692007797275 0.046345029239766126 0.04083820662768028
3 0.5830896686159843 0.5420565302144249 0.04806286549707594 0.05075536062378168
3 0.5373659844054581 0.36574074074074076 0.04142300194931779 0.042336744639376256
3 0.4512792397660818 0.5147051656920077 0.052948343079921904 0.0443226120857701
3 0.5885964912280702 0.39712475633528266 0.044773391812865417 0.050657894736842034
3 0.34417641325536064 0.49155701754385966 0.04967105263157893 0.04586988304093571
3 0.4918494152046784 0.4394736842105263 0.04147173489278762 0.04891569200779731
3 0.530811403508772 0.5913133528265107 0.05136452241715411 0.05249756335282659
3 0.44365253411306044 0.3734527290448343 0.03981481481481471 0.04722222222222222