3 0.39566276803118905 0.5603801169590643 0.05132797270955174 0.04718567251461985
3 0.5013036062378167 0.3869517543859649 0.041459551656919974 0.04696637426900583
3 0.5232334307992202 0.4604897660818713 0.043104288499025235 0.04700292397660819
3 0.4453581871345029 0.38490497076023394 0.044700292397660865 0.04046052631578951
3 0.6111963937621833 0.5654605263157894 0.04973196881091611 0.05372807017543872
3 0.38964424951267057 0.4141081871345029 0.043128654970760245 0.05029239766081872
3 0.5425316764132554 0.6229166666666667 0.05633528265107208 0.05716374269005835
3 0.5872441520467837 0.44097222222222215 0.046393762183235765 0.04707602339181293
3 0.45918615984405464 0.47507309941520465 0.05127923976608173 0.0406067251461988
3 0.4571150097465887 0.6396198830409358 0.05966130604288498 0.06217105263157887
3 0.5303849902534113 0.5376461988304094 0.05298489278752446 0.04886695906432748
3 0.35410575048732945 0.5020833333333333 0.04476120857699805 0.04868421052631583
3 0.6237573099415205 0.4845760233918128 0.044736842105263235 0.0453947368421053