3 0.37423245614035094 0.5625 0.05633528265107208 0.05592105263157895
3 0.5364035087719298 0.47368421052631576 0.04641812865497068 0.049342105263157895
3 0.5358430799220273 0.6200657894736842 0.05801656920077971 0.06085526315789474
3 0.42413499025341134 0.6381578947368421 0.06129385964912278 0.05921052631578947
3 0.4454678362573099 0.4095394736842105 0.04306773879142306 0.04111842105263158
3 0.5144980506822612 0.4029605263157895 0.03975389863547762 0.03782894736842105
3 0.5839303118908382 0.4506578947368421 0.04801413255360611 0.04276315789473684
3 0.6094541910331384 0.5657894736842105 0.05956384015594551 0.047697368421052634
3 0.3930433723196881 0.4375 0.04311647173489279 0.047697368421052634
3 0.45087719298245615 0.47368421052631576 0.04641812865497068 0.049342105263157895
3 0.5385233918128655 0.537828947368421 0.05138888888888884 0.054276315789473686
3 0.35562865497076024 0.4934210526315789 0.04969541910331384 0.047697368421052634
3 0.6484405458089668 0.5 0.044773391812865417 0.049342105263157895