3 0.5049342105263158 0.5180921052631579 0.04276315789473684 0.047697368421052634
3 0.5411184210526315 0.3832236842105263 0.03782894736842105 0.04276315789473684
3 0.6332236842105263 0.5427631578947368 0.049342105263157895 0.05098684210526316
3 0.5542763157894737 0.5986842105263158 0.05098684210526316 0.05756578947368421
3 0.4095394736842105 0.40789473684210525 0.039473684210526314 0.044407894736842105
3 0.43914473684210525 0.5789473684210527 0.05263157894736842 0.05263157894736842
3 0.6480263157894737 0.4753289473684211 0.046052631578947366 0.047697368421052634
3 0.5460526315789473 0.46710526315789475 0.04276315789473684 0.047697368421052634
3 0.37335526315789475 0.4605263157894737 0.04276315789473684 0.047697368421052634
3 0.4457236842105263 0.4605263157894737 0.046052631578947366 0.047697368421052634
3 0.3667763157894737 0.5444078947368421 0.047697368421052634 0.049342105263157895
3 0.587171052631579 0.4243421052631579 0.04111842105263158 0.047697368421052634
3 0.46875 0.375 0.03453947368421053 0.04276315789473684