3 0.41704434697855747 0.5973075048732944 0.05672514619883049 0.05510477582845995
3 0.5238182261208578 0.4937743664717349 0.04830653021442506 0.04182504873294347
3 0.39480994152046783 0.4331993177387914 0.04180068226120856 0.0466617933723198
3 0.3552509746588694 0.5505360623781677 0.05326510721247558 0.04354288499025347
3 0.6034234892787524 0.4481968810916179 0.04663742690058489 0.0401559454191033
3 0.570662768031189 0.5506335282651073 0.04842836257309925 0.05004873294346979
3 0.5288864522417154 0.3736598440545809 0.04172758284600401 0.04172758284600392
3 0.439546783625731 0.5213328460038986 0.05326510721247558 0.043542884990253286
3 0.5793859649122807 0.4057992202729045 0.04513888888888891 0.04999999999999996
3 0.33302875243664715 0.49660087719298246 0.04999999999999996 0.04513888888888891
3 0.48176169590643275 0.4467105263157895 0.04182504873294347 0.04830653021442506
3 0.5173245614035087 0.5991106237816763 0.05174220272904469 0.05174220272904469
3 0.43506335282651076 0.37998294346978556 0.0401559454191033 0.04663742690058479