3 0.4580531189083821 0.454556530214425 0.047514619883040975 0.05104775828460044
3 0.5886939571150097 0.5367933723196882 0.052448830409356766 0.05123050682261209
3 0.4314083820662768 0.41118421052631576 0.04741715399610133 0.04775828460038991
3 0.359880604288499 0.5518396686159844 0.05240009746588694 0.04958576998050683
3 0.6069566276803119 0.41946881091617927 0.04582115009746589 0.049342105263157895
3 0.3665204678362573 0.4940911306042885 0.04920808966861606 0.05275341130604298
3 0.5569931773879142 0.38681773879142295 0.04398148148148152 0.04270224171539956
3 0.4860014619883042 0.5093810916179337 0.049013157894736765 0.04617446393762193
3 0.638291910331384 0.4708820662768031 0.04582115009746589 0.049342105263157895
3 0.5357456140350877 0.4385355750487329 0.04586988304093571 0.05098684210526316
3 0.41564327485380115 0.6105628654970761 0.05433723196881096 0.05951510721247569
3 0.5389010721247564 0.6092836257309941 0.055933235867446404 0.05793128654970752
3 0.47659600389863543 0.3832236842105263 0.04393274853801169 0.0410575048732943