3 0.5049342105263158 0.52557261208577 0.04276315789473684 0.048330896686159974
3 0.5411184210526315 0.3912402534113061 0.03782894736842105 0.04332358674463945
3 0.6332236842105263 0.5521442495126706 0.049342105263157895 0.05171783625730996
3 0.5542763157894737 0.6068957115009747 0.05098684210526316 0.058321150097465926
3 0.4095394736842105 0.4139619883040936 0.039473684210526314 0.04499269005847953
3 0.43914473684210525 0.585453216374269 0.05263157894736842 0.05341130604288486
3 0.6480263157894737 0.4849293372319688 0.046052631578947366 0.04837962962962961
3 0.5460526315789473 0.4751949317738791 0.04276315789473684 0.04833089668615979
3 0.37335526315789475 0.46605750487329434 0.04276315789473684 0.04833089668615979
3 0.4457236842105263 0.4671296296296297 0.046052631578947366 0.04837962962962961
3 0.3667763157894737 0.5498416179337232 0.047697368421052634 0.05004873294346979
3 0.587171052631579 0.4330409356725146 0.04111842105263158 0.048306530214424874
3 0.46875 0.3819444444444445 0.03453947368421053 0.043274853801169626