3 0.48307748538011697 0.49740497076023393 0.04805068226120867 0.048757309941520374
3 0.5184697855750486 0.38150584795321635 0.036513157894736914 0.04521198830409355
3 0.569675925925926 0.5727704678362573 0.054666179337231904 0.053837719298245636
3 0.4415082846003899 0.5591739766081871 0.05137670565302138 0.053764619883040904
3 0.40319200779727093 0.40380116959064327 0.04471247563352832 0.04210526315789478
3 0.6243421052631579 0.5189327485380117 0.05136452241715411 0.05211988304093564
3 0.6412280701754386 0.45935672514619885 0.044773391812865417 0.05032894736842109
3 0.36334064327485377 0.4556652046783625 0.043092105263157966 0.04535818713450293
3 0.4307626705653022 0.4558114035087719 0.04806286549707594 0.05040204678362564
3 0.36281676413255365 0.5263888888888889 0.05296052631578955 0.04557748538011695
3 0.5410575048732943 0.4402046783625731 0.04312865497076015 0.05029239766081872
3 0.5774488304093567 0.4114400584795322 0.04306773879142306 0.04206871345029241
3 0.44785575048732945 0.3682748538011696 0.03486842105263165 0.04517543859649128