3 0.4066154970760234 0.5756578947368421 0.06374269005847959 0.05592105263157895
3 0.6316885964912281 0.5131578947368421 0.04894005847953222 0.05592105263157895
3 0.5875730994152046 0.5740131578947368 0.06067251461988308 0.06578947368421052
3 0.5061038011695906 0.4654605263157895 0.04221491228070169 0.049342105263157895
3 0.39491959064327486 0.43585526315789475 0.04532163742690056 0.04111842105263158
3 0.35007309941520465 0.5296052631578947 0.052302631578947295 0.05921052631578947
3 0.551279239766082 0.5049342105263158 0.05537280701754398 0.049342105263157895
3 0.5478801169590642 0.43585526315789475 0.04206871345029241 0.04276315789473684
3 0.6131213450292398 0.4605263157894737 0.04718567251461985 0.05098684210526316
3 0.34641812865497074 0.4720394736842105 0.04883040935672511 0.05098684210526316
3 0.4350511695906432 0.48026315789473684 0.05201023391812872 0.046052631578947366
3 0.4578216374269006 0.41776315789473684 0.03877923976608188 0.04276315789473684
3 0.5174342105263158 0.6217105263157895 0.07196637426900572 0.05592105263157895