3 0.4364035087719299 0.39473684210526316 0.04199561403508767 0.039473684210526314
3 0.36458333333333337 0.4934210526315789 0.050438596491228005 0.049342105263157895
3 0.635014619883041 0.4506578947368421 0.04532163742690056 0.04111842105263158
3 0.5198830409356724 0.524671052631579 0.05208333333333346 0.049342105263157895
3 0.6480994152046784 0.5213815789473685 0.04707602339181293 0.046052631578947366
3 0.5507309941520467 0.5805921052631579 0.05380116959064327 0.05263157894736842
3 0.3907529239766082 0.5608552631578947 0.055409356725146165 0.05098684210526316
3 0.5862207602339181 0.40131578947368424 0.04217836257309932 0.047697368421052634
3 0.43410087719298246 0.5131578947368421 0.04868421052631583 0.044407894736842105
3 0.3629751461988304 0.42105263157894735 0.04524853801169592 0.03782894736842105
3 0.5137426900584796 0.3963815789473684 0.04217836257309932 0.047697368421052634
3 0.5112573099415204 0.43256578947368424 0.04692982456140346 0.039473684210526314
3 0.4677997076023392 0.6233552631578947 0.053874269005848005 0.05592105263157895