3 0.4810428849902535 0.47385477582846 0.04591861598440554 0.05131578947368429
3 0.3984770955165692 0.5176413255360623 0.05433723196881096 0.057955653021442434
3 0.6048245614035088 0.43366228070175433 0.04248294346978554 0.04635721247563358
3 0.6385112085769981 0.516130604288499 0.055787037037037114 0.05138888888888902
3 0.4358065302144249 0.44556530214424955 0.0441276803118908 0.04636939571150085
3 0.41962719298245615 0.5654848927875245 0.062414717348927805 0.053082358674463925
3 0.6583333333333333 0.46365740740740746 0.04906189083820659 0.04640594541910341
3 0.48673245614035077 0.6103801169590642 0.06285331384015604 0.06788499025341148
3 0.5462962962962963 0.45625 0.04427387914230028 0.05130360623781664
3 0.5314571150097466 0.5104044834307992 0.05070662768031185 0.04641812865497068
3 0.6209673489278752 0.5899975633528265 0.05941764132553604 0.0629264132553606
3 0.5533991228070176 0.4184819688109162 0.039096003898635365 0.04304337231968815
3 0.4778874269005848 0.4228557504873294 0.04557748538011695 0.039802631578947444