3 0.4516447368421053 0.5527412280701754 0.06235380116959053 0.0687865497076023
3 0.3819078947368421 0.524671052631579 0.060416666666666695 0.05559210526315782
3 0.6036184210526315 0.5049342105263158 0.052302631578947295 0.060343567251461956
3 0.5550804093567251 0.5422149122807017 0.05730994152046782 0.06374269005847939
3 0.349890350877193 0.49082602339181286 0.055445906432748535 0.053837719298245636
3 0.5452850877192982 0.4716739766081871 0.04714912280701767 0.05036549707602346
3 0.40807748538011696 0.44345760233918124 0.04221491228070179 0.05025584795321635
3 0.5752558479532164 0.4134137426900585 0.04046052631578932 0.0452850877192982
3 0.468530701754386 0.49806286549707596 0.053764619883040904 0.05215643274853819
3 0.6136330409356725 0.43724415204678363 0.04375000000000004 0.04535818713450293
3 0.49367690058479535 0.44484649122807024 0.04221491228070188 0.05025584795321635
3 0.4385964912280702 0.40986842105263155 0.03713450292397662 0.043567251461988386
3 0.5272295321637427 0.3996710526315789 0.037024853801169696 0.0386330409356725