3 0.4276315789473684 0.39473684210526316 0.04111842105263158 0.039473684210526314
3 0.3536184210526316 0.4934210526315789 0.049342105263157895 0.049342105263157895
3 0.625 0.4506578947368421 0.044407894736842105 0.04111842105263158
3 0.5082236842105263 0.524671052631579 0.05098684210526316 0.049342105263157895
3 0.6365131578947368 0.5213815789473685 0.046052631578947366 0.046052631578947366
3 0.537828947368421 0.5805921052631579 0.05263157894736842 0.05263157894736842
3 0.3782894736842105 0.5608552631578947 0.054276315789473686 0.05098684210526316
3 0.5773026315789473 0.40131578947368424 0.04111842105263158 0.047697368421052634
3 0.42269736842105265 0.5131578947368421 0.047697368421052634 0.044407894736842105
3 0.3536184210526316 0.42105263157894735 0.044407894736842105 0.03782894736842105
3 0.5049342105263158 0.3963815789473684 0.04111842105263158 0.047697368421052634
3 0.5016447368421053 0.43256578947368424 0.046052631578947366 0.039473684210526314
3 0.45394736842105265 0.6233552631578947 0.05263157894736842 0.05592105263157895