3 0.5427631578947368 0.6200657894736842 0.054276315789473686 0.05263157894736842
3 0.49506578947368424 0.46381578947368424 0.04276315789473684 0.044407894736842105
3 0.3618421052631579 0.506578947368421 0.049342105263157895 0.047697368421052634
3 0.5032894736842105 0.40789473684210525 0.04276315789473684 0.046052631578947366
3 0.649671052631579 0.5131578947368421 0.044407894736842105 0.044407894736842105
3 0.3996710526315789 0.4473684210526316 0.046052631578947366 0.04276315789473684
3 0.6414473684210527 0.59375 0.05263157894736842 0.054276315789473686
3 0.36019736842105265 0.5641447368421053 0.05263157894736842 0.046052631578947366
3 0.5723684210526315 0.4901315789473684 0.046052631578947366 0.047697368421052634
3 0.6118421052631579 0.45394736842105265 0.044407894736842105 0.04276315789473684
3 0.4753289473684211 0.5361842105263158 0.049342105263157895 0.047697368421052634
3 0.5460526315789473 0.4095394736842105 0.044407894736842105 0.046052631578947366
3 0.4440789473684211 0.6398026315789473 0.05592105263157895 0.05592105263157895