3 0.625 0.46710526315789475 0.04276315789473684 0.044407894736842105
3 0.46381578947368424 0.4934210526315789 0.049342105263157895 0.04111842105263158
3 0.3980263157894737 0.48026315789473684 0.049342105263157895 0.039473684210526314
3 0.53125 0.3832236842105263 0.04111842105263158 0.04276315789473684
3 0.4276315789473684 0.5855263157894737 0.05263157894736842 0.049342105263157895
3 0.600328947368421 0.3963815789473684 0.044407894736842105 0.039473684210526314
3 0.5016447368421053 0.6282894736842105 0.05098684210526316 0.05592105263157895
3 0.5427631578947368 0.5131578947368421 0.044407894736842105 0.047697368421052634
3 0.4753289473684211 0.3930921052631579 0.04276315789473684 0.047697368421052634
3 0.5016447368421053 0.4342105263157895 0.046052631578947366 0.04276315789473684
3 0.6414473684210527 0.5493421052631579 0.047697368421052634 0.047697368421052634
3 0.4144736842105263 0.4375 0.04276315789473684 0.049342105263157895
3 0.5674342105263158 0.6299342105263158 0.05263157894736842 0.05756578947368421