3 0.5952972709551656 0.41776315789473684 0.04312865497076015 0.05029239766081872
3 0.4790326510721247 0.489437134502924 0.04969541910331393 0.048793859649122744
3 0.49454191033138395 0.5845029239766081 0.0562987329434699 0.052229532163742556
3 0.48150584795321644 0.37916666666666665 0.04142300194931779 0.04203216374269004
3 0.5686281676413255 0.5927266081871345 0.054702729044834274 0.05877192982456143
3 0.40844298245614036 0.5091008771929824 0.048062865497076036 0.05040204678362564
3 0.42743664717348934 0.4083333333333333 0.04147173489278762 0.04861111111111109
3 0.5464059454191034 0.4797149122807017 0.04478557504873287 0.051973684210526165
3 0.6374390838206627 0.5550073099415205 0.05461744639376208 0.04725877192982458
3 0.483516081871345 0.42847222222222225 0.04802631578947376 0.04546783625730985
3 0.5472465886939571 0.371125730994152 0.03650097465886928 0.04356725146198829
3 0.39166666666666666 0.4650584795321638 0.046430311890838225 0.05201023391812872
3 0.6482943469785575 0.46593567251461987 0.048038499025341026 0.04711257309941511