3 0.5082236842105263 0.5157529239766082 0.047697368421052634 0.05498294346978558
3 0.5822368421052632 0.5744152046783625 0.054276315789473686 0.060014619883040826
3 0.6332236842105263 0.511025828460039 0.047697368421052634 0.05498294346978558
3 0.5032894736842105 0.4021929824561403 0.03782894736842105 0.043323586744639354
3 0.3832236842105263 0.4415326510721248 0.04111842105263158 0.048306530214424874
3 0.47039473684210525 0.5776924951267056 0.05921052631578947 0.05350877192982451
3 0.3618421052631579 0.49220272904483425 0.047697368421052634 0.05333820662768032
3 0.6233552631578947 0.456603313840156 0.044407894736842105 0.05000000000000015
3 0.3815789473684211 0.5681530214424951 0.054276315789473686 0.058369883040935565
3 0.4342105263157895 0.4028143274853801 0.03782894736842105 0.04332358674463945
3 0.4375 0.4735867446393762 0.047697368421052634 0.04675925925925926
3 0.5345394736842105 0.463511208576998 0.04276315789473684 0.048330896686159974
3 0.5592105263157895 0.4244030214424952 0.03782894736842105 0.04332358674463945