3 0.4473684210526316 0.5723684210526315 0.05756578947368421 0.06743421052631579
3 0.5345394736842105 0.47368421052631576 0.047697368421052634 0.05263157894736842
3 0.5296052631578947 0.5625 0.06414473684210527 0.05756578947368421
3 0.3717105263157895 0.4868421052631579 0.05098684210526316 0.054276315789473686
3 0.5592105263157895 0.4309210526315789 0.03782894736842105 0.046052631578947366
3 0.5032894736842105 0.41776315789473684 0.03618421052631579 0.04276315789473684
3 0.36019736842105265 0.5526315789473685 0.05921052631578947 0.06414473684210527
3 0.5986842105263158 0.48355263157894735 0.044407894736842105 0.05098684210526316
3 0.4588815789473684 0.4161184210526316 0.03782894736842105 0.04111842105263158
3 0.4605263157894737 0.4605263157894737 0.04276315789473684 0.047697368421052634
3 0.4934210526315789 0.5180921052631579 0.05263157894736842 0.05756578947368421
3 0.5986842105263158 0.5213815789473685 0.05756578947368421 0.054276315789473686
3 0.37664473684210525 0.44243421052631576 0.044407894736842105 0.04276315789473684