3 0.541703216374269 0.49939083820662766 0.04997563352826505 0.04422514619883045
3 0.6065545808966861 0.5489887914230019 0.05014619883040944 0.055738304093567295
3 0.3635843079922027 0.46123294346978555 0.048306530214424874 0.042531676413255365
3 0.38372319688109163 0.5999269005847954 0.05829678362573101 0.05104775828460025
3 0.47135721247563356 0.633759746588694 0.06165935672514609 0.05607943469785569
3 0.6151803118908382 0.4653996101364522 0.045041423001949445 0.044078947368420975
3 0.5568835282651072 0.41435185185185186 0.04334795321637436 0.04074074074074081
3 0.3334307992202729 0.5343201754385966 0.05490984405458084 0.044371345029239735
3 0.5863182261208577 0.6256578947368421 0.056676413255360665 0.052643762183235875
3 0.483625730994152 0.46314571150097467 0.04349415204678365 0.05060916179337221
3 0.4892300194931774 0.3975511695906433 0.04334795321637436 0.04074074074074072
3 0.4734283625730994 0.5516203703703703 0.05341130604288505 0.05419103313840168
3 0.4304824561403509 0.427046783625731 0.0401559454191033 0.04722222222222222