3 0.5284722222222222 0.48245614035087725 0.04382309941520459 0.04896442495126694
3 0.41228070175438597 0.5792763157894737 0.055263157894736785 0.046016081871345
3 0.48296783625730993 0.6536915204678363 0.06381578947368413 0.061062378167641304
3 0.5646929824561404 0.6331018518518519 0.055555555555555636 0.05917397660818711
3 0.4958333333333334 0.41903021442495125 0.04046052631578932 0.04557748538011695
3 0.5888888888888889 0.4645224171539961 0.04539473684210511 0.04572368421052624
3 0.44323830409356724 0.4191154970760234 0.04371345029239767 0.044030214424951246
3 0.6259137426900585 0.5773879142300196 0.053837719298245636 0.05583576998050694
3 0.3912280701754386 0.44551656920077976 0.04385964912280695 0.05060916179337221
3 0.5414839181286549 0.5502314814814815 0.050475146198830374 0.052448830409356766
3 0.46637426900584794 0.4986963937621832 0.05032894736842109 0.04586988304093571
3 0.3617324561403509 0.5235380116959064 0.04557748538011695 0.053947368421052556
3 0.6324926900584795 0.5036184210526317 0.04543128654970767 0.047368421052631504