3 0.38746345029239765 0.5762061403508772 0.05922270955165693 0.057626705653021304
3 0.5252558479532163 0.44865984405458087 0.0475633528265108 0.05235136452241712
3 0.5680555555555555 0.6153021442495126 0.06101364522417148 0.06260964912280692
3 0.5936038011695907 0.4219420077972709 0.04727095516569204 0.04248294346978554
3 0.5185672514619883 0.38959551656920083 0.04083820662768028 0.04722222222222222
3 0.4398635477582846 0.4001583820662768 0.042531676413255365 0.04891569200779731
3 0.38332115009746587 0.4364035087719299 0.04756335282651071 0.05235136452241712
3 0.46511939571150096 0.6413986354775828 0.06440058479532165 0.0659965886939571
3 0.6321393762183236 0.5557870370370371 0.0526924951267057 0.059076510721247644
3 0.45182748538011697 0.4705896686159844 0.05075536062378168 0.04915935672514624
3 0.37525584795321637 0.4975511695906432 0.05235136452241712 0.0475633528265108
3 0.5484892787524367 0.5105263157894736 0.05718810916179326 0.04442007797270956
3 0.6494395711500974 0.47296539961013645 0.047660818713450265 0.055640838206627644