3 0.4796539961013645 0.453167641325536 0.04459064327485376 0.049975633528265236
3 0.3451510721247563 0.4896807992202729 0.048001949317738844 0.053313840155945404
3 0.520224171539961 0.6005116959064327 0.057992202729044796 0.056749512670565216
3 0.6308479532163742 0.4985989278752437 0.04775828460038991 0.04673489278752435
3 0.38651315789473684 0.43810916179337234 0.04611354775828465 0.04671052631578944
3 0.487938596491228 0.4070175438596491 0.04117933723196867 0.04663742690058479
3 0.3332115009746589 0.5457480506822612 0.055860136452241665 0.0435672514619882
3 0.554337231968811 0.4783625730994152 0.04781920077972719 0.04837962962962961
3 0.6198830409356726 0.5727339181286549 0.05628654970760225 0.055080409356725035
3 0.5933235867446394 0.4465521442495127 0.04452972709551667 0.04833089668615979
3 0.4559576023391813 0.5159844054580897 0.04964668615984411 0.05333820662768032
3 0.41264619883040937 0.6201876218323585 0.05793128654970761 0.05510477582845995
3 0.5306408382066277 0.4080287524366472 0.042824074074074125 0.04666179337231961