3 0.5082236842105263 0.5082236842105263 0.047697368421052634 0.054276315789473686
3 0.5822368421052632 0.5657894736842105 0.054276315789473686 0.05921052631578947
3 0.6332236842105263 0.5016447368421053 0.047697368421052634 0.054276315789473686
3 0.5032894736842105 0.39473684210526316 0.03782894736842105 0.04276315789473684
3 0.3832236842105263 0.43585526315789475 0.04111842105263158 0.047697368421052634
3 0.47039473684210525 0.5707236842105263 0.05921052631578947 0.05263157894736842
3 0.3618421052631579 0.4868421052631579 0.047697368421052634 0.05263157894736842
3 0.6233552631578947 0.4473684210526316 0.044407894736842105 0.049342105263157895
3 0.3815789473684211 0.5625 0.054276315789473686 0.05756578947368421
3 0.4342105263157895 0.3963815789473684 0.03782894736842105 0.04276315789473684
3 0.4375 0.46710526315789475 0.047697368421052634 0.046052631578947366
3 0.5345394736842105 0.4555921052631579 0.04276315789473684 0.047697368421052634
3 0.5592105263157895 0.4161184210526316 0.03782894736842105 0.04276315789473684