3 0.36933479532163743 0.5344663742690058 0.04806286549707594 0.05040204678362564
3 0.5227948343079922 0.46363304093567254 0.046430311890838134 0.05201023391812872
3 0.5019127680311891 0.6186769005847953 0.05800438596491225 0.06048976608187143
3 0.5183723196881092 0.3946637426900585 0.03981481481481471 0.04692982456140346
3 0.5853313840155946 0.4573099415204678 0.04311647173489288 0.04864766081871346
3 0.46087962962962964 0.3860745614035088 0.04307992202729052 0.04371345029239767
3 0.5811890838206627 0.572514619883041 0.05299707602339173 0.050511695906432744
3 0.4081505847953217 0.40040204678362573 0.03982699805068217 0.04857456140350872
3 0.4048732943469786 0.6208333333333333 0.05966130604288498 0.06217105263157887
3 0.45042641325536065 0.4652412280701754 0.049671052631579025 0.04550438596491222
3 0.5107577972709552 0.5346125730994151 0.05302144249512664 0.05380116959064327
3 0.3500974658869396 0.46747076023391815 0.04311647173489279 0.04864766081871346
3 0.6129751461988304 0.49945175438596484 0.051291423001949374 0.04225146198830406