3 0.36129385964912286 0.5565911306042884 0.048793859649122744 0.05110867446393772
3 0.5157529239766082 0.4948221247563353 0.04718567251461985 0.0526924951267057
3 0.4925804093567252 0.6486963937621832 0.05888157894736835 0.06134259259259261
3 0.5123538011695906 0.4255604288499026 0.04049707602339188 0.047514619883040975
3 0.5783625730994151 0.49220272904483425 0.04382309941520459 0.0492811890838208
3 0.45500730994152044 0.4135599415204679 0.04371345029239767 0.04434697855750482
3 0.5725146198830409 0.6072124756335283 0.05372807017543872 0.051291423001949374
3 0.40208333333333335 0.4247685185185185 0.04053362573099415 0.04915935672514624
3 0.3955409356725146 0.6451023391812866 0.06056286549707598 0.06304824561403514
3 0.44338450292397663 0.4921418128654971 0.05032894736842109 0.046235380116959025
3 0.5026681286549707 0.565119395711501 0.05380116959064327 0.0545808966861599
3 0.34305555555555556 0.4884259259259259 0.04382309941520468 0.0492811890838208
3 0.6053728070175438 0.5360014619883041 0.051900584795321614 0.04300682261208578