3 0.6058723196881092 0.5931042884990254 0.05095029239766079 0.055738304093567295
3 0.4957480506822612 0.48138401559454186 0.04591861598440554 0.052302631578947295
3 0.37787524366471736 0.5518396686159844 0.04756335282651071 0.05235136452241712
3 0.4008406432748538 0.49500487329434695 0.04427387914230028 0.05225389863547747
3 0.6468689083820663 0.4792884990253411 0.04422514619883045 0.05060916179337221
3 0.47464668615984407 0.43474658869395716 0.044176413255360626 0.04896442495126694
3 0.6733430799220272 0.5408747563352826 0.045967348927875365 0.053947368421052556
3 0.5980019493177388 0.438401559454191 0.04398148148148152 0.042385477582846075
3 0.50567738791423 0.539193469785575 0.047514619883040975 0.05070662768031185
3 0.419103313840156 0.6122197855750487 0.05752923976608184 0.055933235867446404
3 0.5399975633528266 0.6437378167641326 0.06236598440545817 0.052789961013645165
3 0.5730019493177387 0.48202972709551656 0.047612085769980626 0.05399610136452238
3 0.5186159844054581 0.4212597465886939 0.04398148148148133 0.042385477582846075