3 0.5740131578947368 0.5411184210526315 0.05263157894736842 0.0625
3 0.48848684210526316 0.49506578947368424 0.044407894736842105 0.05592105263157895
3 0.4144736842105263 0.43256578947368424 0.039473684210526314 0.046052631578947366
3 0.43585526315789475 0.5328947368421053 0.05921052631578947 0.0625
3 0.631578947368421 0.5131578947368421 0.054276315789473686 0.054276315789473686
3 0.37993421052631576 0.4605263157894737 0.047697368421052634 0.044407894736842105
3 0.6529605263157895 0.4753289473684211 0.047697368421052634 0.05098684210526316
3 0.600328947368421 0.4309210526315789 0.039473684210526314 0.04276315789473684
3 0.3832236842105263 0.5082236842105263 0.054276315789473686 0.05098684210526316
3 0.44901315789473684 0.4605263157894737 0.046052631578947366 0.049342105263157895
3 0.5296052631578947 0.4654605263157895 0.04111842105263158 0.047697368421052634
3 0.45394736842105265 0.4144736842105263 0.03782894736842105 0.04111842105263158
3 0.5213815789473685 0.42269736842105265 0.03618421052631579 0.04276315789473684