3 0.5539717348927875 0.5581262183235868 0.05494639376218321 0.06405945419103326
3 0.4701510721247563 0.5095394736842105 0.04647904483430796 0.057236842105263086
3 0.39845272904483425 0.44484649122807013 0.04117933723196886 0.04722222222222222
3 0.4161184210526316 0.5458089668615984 0.06152534113060426 0.06425438596491218
3 0.6125730994152047 0.5318713450292398 0.05628654970760225 0.05588450292397658
3 0.3628776803118908 0.47178362573099414 0.049342105263157895 0.04582115009746589
3 0.6353557504873294 0.4946759259259259 0.04958576998050683 0.05240009746588694
3 0.5843689083820663 0.4487085769980507 0.0410575048732943 0.04393274853801169
3 0.3644005847953216 0.5195784600389863 0.05616471734892788 0.052595029239766056
3 0.4319566276803119 0.47383040935672516 0.04788011695906429 0.05070662768031185
3 0.512365984405458 0.4811525341130604 0.0428849902534114 0.04891569200779712
3 0.4385964912280701 0.4279239766081872 0.039351851851851756 0.042239278752436604
3 0.5057261208576997 0.4381457115009746 0.03776803118908377 0.04383528265107223