3 0.5973440545808968 0.5843810916179337 0.05014619883040925 0.05500730994152049
3 0.48882797270955164 0.4742446393762183 0.04516325536062382 0.05164473684210522
3 0.36985867446393766 0.546479044834308 0.04680799220272908 0.051669103313840135
3 0.3936769005847953 0.48927875243664726 0.04351851851851856 0.051620370370370504
3 0.6400462962962963 0.4699074074074074 0.04349415204678365 0.04997563352826505
3 0.4684088693957115 0.4278996101364523 0.043469785575048735 0.04833089668615979
3 0.6656189083820663 0.5311281676413255 0.04518762183235855 0.05328947368421049
3 0.5917641325536062 0.4297270955165692 0.04337231968810927 0.041751949317738735
3 0.49790448343079924 0.531932261208577 0.04678362573099417 0.050024366471734874
3 0.41020955165692 0.6062743664717349 0.05672514619883049 0.05510477582845995
3 0.5306895711500975 0.6360136452241715 0.061610623781676456 0.05188840155945416
3 0.5661062378167642 0.47374512670565305 0.04683235867446381 0.05331384015594559
3 0.5125974658869396 0.41375487329434696 0.04337231968810927 0.041751949317738735