3 0.5345394736842105 0.48355263157894735 0.049342105263157895 0.04276315789473684
3 0.5986842105263158 0.53125 0.049342105263157895 0.054276315789473686
3 0.3569078947368421 0.4506578947368421 0.047697368421052634 0.04111842105263158
3 0.375 0.5888157894736842 0.05756578947368421 0.049342105263157895
3 0.4621710526315789 0.6200657894736842 0.06085526315789474 0.054276315789473686
3 0.6085526315789473 0.4473684210526316 0.044407894736842105 0.04276315789473684
3 0.5509868421052632 0.3980263157894737 0.04276315789473684 0.039473684210526314
3 0.3256578947368421 0.524671052631579 0.054276315789473686 0.04276315789473684
3 0.5773026315789473 0.6085526315789473 0.05592105263157895 0.05098684210526316
3 0.4769736842105263 0.44901315789473684 0.04276315789473684 0.049342105263157895
3 0.48355263157894735 0.3832236842105263 0.04276315789473684 0.039473684210526314
3 0.4654605263157895 0.537828947368421 0.05263157894736842 0.05263157894736842
3 0.4243421052631579 0.4144736842105263 0.039473684210526314 0.046052631578947366