3 0.5427631578947368 0.6120248538011696 0.054276315789473686 0.053435672514619774
3 0.49506578947368424 0.45648148148148143 0.04276315789473684 0.045041423001949445
3 0.3618421052631579 0.5012183235867447 0.049342105263157895 0.04842836257309944
3 0.5032894736842105 0.4004385964912281 0.04276315789473684 0.046686159844054616
3 0.649671052631579 0.5035331384015594 0.044407894736842105 0.04506578947368417
3 0.3996710526315789 0.4414473684210527 0.046052631578947366 0.04344541910331382
3 0.6414473684210527 0.5842470760233919 0.05263157894736842 0.05505604288499031
3 0.36019736842105265 0.5588084795321638 0.05263157894736842 0.04683235867446381
3 0.5723684210526315 0.4816520467836257 0.046052631578947366 0.04837962962962961
3 0.6118421052631579 0.4448830409356725 0.044407894736842105 0.04342105263157891
3 0.4753289473684211 0.5291423001949318 0.049342105263157895 0.04842836257309944
3 0.5460526315789473 0.40144980506822614 0.044407894736842105 0.04671052631578944
3 0.4440789473684211 0.6332236842105263 0.05592105263157895 0.056749512670565216