3 0.3872319688109162 0.5777777777777778 0.051327972709551646 0.04718567251461985
3 0.49540692007797277 0.4091008771929825 0.041459551656919974 0.04696637426900583
3 0.5162402534113061 0.48358918128654976 0.043104288499025235 0.04700292397660819
3 0.43951023391812866 0.4045687134502924 0.044700292397660865 0.04046052631578951
3 0.6026193957115009 0.5924342105263158 0.04973196881091611 0.05372807017543872
3 0.3833820662768031 0.43128654970760233 0.043128654970760245 0.05029239766081872
3 0.5331262183235868 0.6468201754385965 0.05633528265107208 0.05716374269005835
3 0.5805190058479531 0.4669225146198831 0.046393762183235765 0.04707602339181293
3 0.4519980506822612 0.4953216374269006 0.05127923976608173 0.0406067251461988
3 0.44749025341130605 0.6597222222222222 0.05966130604288498 0.06217105263157887
3 0.522246588693957 0.5610380116959064 0.05298489278752446 0.04886695906432748
3 0.34655214424951264 0.5176535087719298 0.04476120857699805 0.04868421052631583
3 0.616374269005848 0.5121345029239767 0.044736842105263235 0.0453947368421053