4 0.5554215399610136 0.5132675438596491 0.043542884990253286 0.05326510721247558
4 0.3242690058479532 0.5676900584795321 0.061732456140350826 0.06011208576998048
4 0.5245979532163743 0.6535575048732943 0.05370370370370381 0.07314814814814821
4 0.36942007797270954 0.5061525341130605 0.04518762183235864 0.05328947368421068
4 0.4142787524366472 0.4248781676413255 0.03684210526315786 0.0449439571150098
4 0.4466374269005848 0.3882066276803119 0.040131578947368386 0.04499269005847953
4 0.6357090643274853 0.38047027290448343 0.03514863547758296 0.04163011695906436
4 0.6357090643274853 0.6025584795321638 0.060233918128655035 0.06995614035087715
4 0.6560672514619883 0.5331627680311891 0.05183966861598434 0.058321150097465926
4 0.4350146198830409 0.4920199805068226 0.050170565302144345 0.05665204678362575
4 0.6543372319688109 0.41638645224171544 0.041849415204678386 0.049951267056530135
4 0.5396442495126705 0.44769736842105273 0.04189814814814802 0.05324074074074085
4 0.5422270955165692 0.3999512670565302 0.04182504873294347 0.04830653021442497