4 0.519432261208577 0.5059088693957116 0.05099902534113061 0.05628654970760225
4 0.33194444444444443 0.4513888888888889 0.04427387914230018 0.05130360623781664
4 0.3732943469785575 0.4987694931773879 0.0492568226120858 0.05298489278752446
4 0.4148757309941521 0.5938352826510722 0.044176413255360626 0.04801413255360611
4 0.46636208576998045 0.5211013645224171 0.04427387914230028 0.05130360623781664
4 0.5500365497076023 0.3609770955165692 0.03585526315789466 0.044663742690058496
4 0.4860136452241716 0.6903265107212476 0.0475633528265108 0.051327972709551556
4 0.47172270955165685 0.3401803118908382 0.03929093567251466 0.0496223196881092
4 0.6431408382066277 0.4375730994152047 0.050950292397660975 0.05464181286549699
4 0.6625730994152047 0.5032041910331383 0.05428849902534114 0.056310916179337166
4 0.4079556530214425 0.38340643274853803 0.03750000000000002 0.04467592592592595
4 0.47194200779727097 0.44377436647173485 0.047660818713450265 0.05461744639376208
4 0.6113182261208576 0.6236232943469786 0.05767543859649113 0.05962475633528261