4 0.429885477582846 0.5378411306042885 0.0526924951267057 0.057943469785575165
4 0.4102095516569201 0.48011695906432755 0.04596734892787527 0.05296052631578955
4 0.5928240740740741 0.4798245614035088 0.04761208576998044 0.05297270955165682
4 0.36114766081871347 0.5258162768031189 0.05099902534113061 0.05628654970760225
4 0.404666179337232 0.6116837231968811 0.05932017543859649 0.05963693957115025
4 0.4717958089668616 0.45589668615984413 0.04596734892787518 0.05296052631578955
4 0.5297270955165692 0.5550316764132553 0.05099902534113061 0.05628654970760225
4 0.6098318713450293 0.5720760233918128 0.05598196881091623 0.05796783625731008
4 0.5371101364522417 0.41689814814814813 0.04432261208576991 0.05294834307992209
4 0.5030092592592592 0.6239278752436648 0.052643762183235875 0.0562987329434699
4 0.3873416179337232 0.41907894736842105 0.04258040935672519 0.049646686159844015
4 0.5199195906432749 0.497380604288499 0.04258040935672519 0.04964668615984411
4 0.47442738791423006 0.3670808966861598 0.04262914230019501 0.051291423001949374