4 0.561598440545809 0.5206262183235867 0.04427387914230028 0.05130360623781664
4 0.35486111111111107 0.594541910331384 0.052595029239766056 0.054653996101364635
4 0.38711013645224174 0.5169834307992204 0.044176413255360626 0.04801413255360611
4 0.46515594541910327 0.37492690058479533 0.0443226120857701 0.05294834307992209
4 0.4175194931773879 0.43285818713450297 0.04422514619883045 0.04965886939571138
4 0.6614522417153996 0.5593689083820662 0.047465886939571156 0.048038499025341026
4 0.43277290448343075 0.5034844054580896 0.042531676413255365 0.048001949317738844
4 0.6590399610136451 0.36691033138401563 0.04427387914230028 0.05130360623781683
4 0.6801900584795322 0.41446150097465884 0.0475633528265108 0.05132797270955174
4 0.5625365497076024 0.38572124756335285 0.04262914230019501 0.051291423001949374
4 0.6399366471734892 0.6105263157894737 0.05932017543859639 0.059636939571150065
4 0.5480384990253411 0.45163255360623783 0.04432261208576991 0.052948343079921904
4 0.5342105263157894 0.7067251461988304 0.0511452241715399 0.061220760233918044