4 0.45582358674463935 0.488291910331384 0.049305555555555526 0.05462962962962972
4 0.520662768031189 0.4088815789473685 0.03396686159844065 0.036427875243664726
4 0.4740740740740741 0.42731481481481487 0.037402534113060465 0.04138645224171542
4 0.5988791423001949 0.4329678362573099 0.0389985380116959 0.03975389863547762
4 0.38646442495126704 0.4427631578947368 0.03735380116959064 0.03974171539961016
4 0.5289230019493177 0.46308479532163743 0.04582115009746589 0.04802631578947376
4 0.31136695906432754 0.5354044834307992 0.05448343079922025 0.06288986354775822
4 0.4450901559454192 0.46206140350877195 0.04243421052631571 0.04471247563352832
4 0.6590399610136451 0.5114522417153996 0.052595029239766056 0.054653996101364635
4 0.29353070175438595 0.47140594541910336 0.04906189083820659 0.04640594541910341
4 0.5434088693957114 0.5846613060428849 0.06474171539961004 0.07612085769980506
4 0.6687256335282651 0.46204922027290457 0.04911062378167642 0.04805068226120867
4 0.4364035087719299 0.5887426900584796 0.06807992202729041 0.07778996101364524