4 0.3782894736842105 0.5345394736842105 0.05921052631578947 0.0625
4 0.5131578947368421 0.4506578947368421 0.03618421052631579 0.04276315789473684
4 0.48355263157894735 0.5427631578947368 0.05098684210526316 0.06085526315789474
4 0.37664473684210525 0.4243421052631579 0.039473684210526314 0.039473684210526314
4 0.5115131578947368 0.4144736842105263 0.03125 0.03618421052631579
4 0.32401315789473684 0.4375 0.039473684210526314 0.039473684210526314
4 0.3667763157894737 0.4753289473684211 0.049342105263157895 0.047697368421052634
4 0.5592105263157895 0.506578947368421 0.047697368421052634 0.05756578947368421
4 0.6858552631578947 0.5197368421052632 0.05592105263157895 0.06085526315789474
4 0.5542763157894737 0.4161184210526316 0.03289473684210526 0.03782894736842105
4 0.6529605263157895 0.43585526315789475 0.03618421052631579 0.04111842105263158
4 0.45394736842105265 0.4654605263157895 0.03453947368421053 0.04276315789473684
4 0.6036184210526315 0.5279605263157895 0.0625 0.0625