4 0.4605263157894737 0.4901315789473684 0.03782894736842105 0.049342105263157895
4 0.5921052631578947 0.4095394736842105 0.03125 0.04111842105263158
4 0.45723684210526316 0.6266447368421053 0.05263157894736842 0.06743421052631579
4 0.6282894736842105 0.5921052631578947 0.05592105263157895 0.06743421052631579
4 0.6973684210526315 0.5328947368421053 0.05098684210526316 0.054276315789473686
4 0.31414473684210525 0.49835526315789475 0.05098684210526316 0.05098684210526316
4 0.5296052631578947 0.4194078947368421 0.03782894736842105 0.046052631578947366
4 0.3667763157894737 0.5921052631578947 0.05263157894736842 0.05921052631578947
4 0.5460526315789473 0.4819078947368421 0.044407894736842105 0.05263157894736842
4 0.6480263157894737 0.46710526315789475 0.04276315789473684 0.05098684210526316
4 0.34539473684210525 0.42598684210526316 0.044407894736842105 0.047697368421052634
4 0.47039473684210525 0.45394736842105265 0.044407894736842105 0.049342105263157895
4 0.4375 0.4161184210526316 0.039473684210526314 0.046052631578947366