4 0.3317007797270955 0.4928118908382066 0.05176656920077969 0.05451998050682262
4 0.5553362573099415 0.5043859649122807 0.03855994152046786 0.05074317738791422
4 0.37876461988304094 0.5373416179337231 0.05019493177387917 0.05939327485380113
4 0.5213084795321636 0.6907285575048733 0.060233918128655035 0.07127192982456128
4 0.4468689083820663 0.6056895711500975 0.05522660818713451 0.06615497076023384
4 0.4657407407407408 0.5537280701754386 0.0435672514619882 0.05586013645224185
4 0.4100268031189084 0.4265960038986355 0.035197368421052595 0.04568713450292387
4 0.45025584795321644 0.3770711500974659 0.038486842105263305 0.04580896686159843
4 0.5158260233918128 0.3943104288499026 0.03684210526315786 0.045748050682261156
4 0.47856968810916173 0.465338693957115 0.04521198830409346 0.05592105263157895
4 0.6285575048732944 0.4495004873294347 0.043469785575048735 0.04928118908382061
4 0.6655823586744639 0.5051778752436648 0.05179093567251451 0.05616471734892788
4 0.6674585769980507 0.6006944444444444 0.05849171539961012 0.06463206627680314