4 0.33324805068226115 0.4654605263157895 0.04915935672514624 0.049342105263157895
4 0.5465765107212476 0.4819078947368421 0.04098440545808975 0.05098684210526316
4 0.4259137426900585 0.5575657894736842 0.05946637426900586 0.06414473684210527
4 0.49279970760233915 0.631578947368421 0.06977339181286549 0.07894736842105263
4 0.3683601364522417 0.5016447368421053 0.047660818713450265 0.054276315789473686
4 0.45180311890838204 0.5164473684210527 0.04770955165692009 0.05592105263157895
4 0.41675194931773885 0.42269736842105265 0.03570906432748538 0.039473684210526314
4 0.6577729044834308 0.5592105263157895 0.061208576998050775 0.06743421052631579
4 0.5193104288499025 0.4029605263157895 0.03570906432748538 0.039473684210526314
4 0.46053849902534116 0.3881578947368421 0.03570906432748538 0.039473684210526314
4 0.47513401559454194 0.4506578947368421 0.04422514619883045 0.049342105263157895
4 0.6250487329434699 0.44243421052631576 0.044030214424951156 0.04276315789473684
4 0.6600146198830409 0.48355263157894735 0.05254629629629623 0.05263157894736842