4 0.5371588693957116 0.600328947368421 0.06028265107212486 0.07236842105263158
4 0.46011208576998053 0.4720394736842105 0.03686647173489296 0.046052631578947366
4 0.645796783625731 0.48355263157894735 0.050121832358674526 0.05263157894736842
4 0.4321637426900585 0.5822368421052632 0.06357212475633539 0.07236842105263158
4 0.6103801169590642 0.5427631578947368 0.04690545808966855 0.05756578947368421
4 0.5771320662768031 0.4555921052631579 0.040131578947368574 0.044407894736842105
4 0.5221978557504873 0.5 0.03693957115009751 0.05098684210526316
4 0.30963693957115007 0.5263157894736842 0.05505604288499031 0.05263157894736842
4 0.5032407407407407 0.4473684210526316 0.03185916179337243 0.04111842105263158
4 0.4644005847953217 0.40460526315789475 0.036769005847953305 0.039473684210526314
4 0.3385233918128655 0.46381578947368424 0.040180311890838205 0.047697368421052634
4 0.3950536062378167 0.42269736842105265 0.04008284600389856 0.04111842105263158
4 0.5266569200779728 0.42105263157894735 0.03514863547758296 0.04111842105263158