4 0.34948830409356724 0.47022417153996104 0.052156432748538005 0.05414230019493185
4 0.5732456140350877 0.46688596491228074 0.038925438596491356 0.05046296296296292
4 0.3981359649122807 0.5115740740740741 0.05062134502923985 0.05902777777777782
4 0.5461622807017544 0.6553118908382066 0.06074561403508782 0.07083333333333341
4 0.46867690058479533 0.5753167641325536 0.055701754385964926 0.06575292397660816
4 0.4855994152046783 0.5221491228070176 0.04396929824561406 0.055543372319688
4 0.42525584795321636 0.39885477582846 0.03552631578947372 0.04543128654970767
4 0.4635964912280702 0.34669834307992203 0.03881578947368425 0.045528752436647134
4 0.5297149122807018 0.35955165692007796 0.03717105263157899 0.0454800194931774
4 0.49513888888888896 0.4329922027290448 0.04561403508771932 0.05559210526315782
4 0.6443347953216375 0.40717592592592594 0.04382309941520459 0.04896442495126713
4 0.6833698830409357 0.4603313840155946 0.052192982456140374 0.055787037037037114
4 0.6887792397660819 0.5556286549707602 0.058954678362573086 0.06420565302144236