4 0.3934941520467837 0.5710038986354776 0.05727339181286545 0.06126949317738787
4 0.49725877192982454 0.5636574074074074 0.052412280701754396 0.06452241715399622
4 0.4934576023391813 0.43870614035087724 0.04053362573099406 0.0479897660818712
4 0.2876827485380117 0.44845272904483424 0.04378654970760241 0.04636939571150085
4 0.604970760233918 0.5266812865497076 0.05398391812865511 0.06124512670565296
4 0.3491593567251462 0.49404239766081864 0.04886695906432748 0.05298489278752446
4 0.5577119883040935 0.5072977582846004 0.049013157894736765 0.05956384015594551
4 0.44345760233918124 0.4686769005847953 0.04225146198830406 0.051291423001949374
4 0.3359283625730994 0.42342836257309946 0.04382309941520468 0.04801413255360611
4 0.6778143274853801 0.5047636452241716 0.05062134502923985 0.05793128654970752
4 0.47807017543859653 0.39113060428849905 0.035489766081871356 0.043019005847953234
4 0.5208698830409356 0.3891691033138402 0.03212719298245609 0.03970516569200779
4 0.6225146198830409 0.40321637426900586 0.03545321637426899 0.04137426900584797