4 0.5175438596491229 0.5067616959064327 0.040180311890838205 0.04857456140350872
4 0.3794834307992203 0.5164108187134503 0.0534844054580896 0.05873538011695906
4 0.5992811890838207 0.36016081871345024 0.03689083820662768 0.04850146198830417
4 0.42186890838206625 0.37891081871345034 0.04182504873294347 0.04861111111111109
4 0.6494517543859649 0.41498538011695907 0.046832358674463996 0.05365497076023389
4 0.4663377192982456 0.49309210526315783 0.05019493177387907 0.05866228070175451
4 0.35801656920077973 0.6221856725146199 0.061805555555555565 0.06549707602339176
4 0.4193347953216374 0.4299707602339181 0.043542884990253376 0.05358187134502925
4 0.6790935672514621 0.5278508771929824 0.04842836257309925 0.05040204678362564
4 0.6422636452241717 0.5961257309941521 0.048525828460038896 0.056980994152046695
4 0.5016691033138402 0.6568347953216375 0.053533138401559426 0.06202485380116959
4 0.5230994152046783 0.43753654970760236 0.04020467836257312 0.05021929824561398
4 0.5187134502923977 0.3635964912280702 0.040180311890838205 0.04857456140350872