4 0.4646686159844055 0.51703216374269 0.05311890838206629 0.058321150097465926
4 0.5035331384015594 0.5784965886939571 0.05677387914230012 0.06823830409356714
4 0.3171296296296296 0.4572490253411306 0.04276315789473684 0.04501705653021454
4 0.7056530214424952 0.49756335282651065 0.05464181286549699 0.05505604288499013
4 0.5402655945419103 0.4309332358674464 0.03265107212475633 0.03829191033138401
4 0.40271686159844056 0.5901681286549707 0.056834795321637405 0.06988304093567241
4 0.6683723196881092 0.5266325536062378 0.059636939571150065 0.05677387914230012
4 0.297270955165692 0.5491106237816764 0.0647538986354776 0.06178118908382065
4 0.4792884990253411 0.4333211500974659 0.039351851851851756 0.04167884990253418
4 0.3849293372319688 0.4483796296296297 0.04111842105263158 0.044992690058479626
4 0.5300316764132553 0.4850877192982455 0.04124025341130614 0.04828216374269015
4 0.5900341130604289 0.4645833333333334 0.03782894736842105 0.0449439571150098
4 0.4254995126705653 0.4637914230019493 0.03776803118908377 0.04329922027290454