4 0.46381578947368424 0.5361842105263158 0.044407894736842105 0.05592105263157895
4 0.47039473684210525 0.4440789473684211 0.03782894736842105 0.04276315789473684
4 0.5328947368421053 0.44243421052631576 0.029605263157894735 0.03782894736842105
4 0.41776315789473684 0.48026315789473684 0.03782894736842105 0.047697368421052634
4 0.6069078947368421 0.4440789473684211 0.03453947368421053 0.04111842105263158
4 0.35855263157894735 0.5180921052631579 0.044407894736842105 0.054276315789473686
4 0.42105263157894735 0.4309210526315789 0.03618421052631579 0.04111842105263158
4 0.37664473684210525 0.45723684210526316 0.04111842105263158 0.04276315789473684
4 0.5016447368421053 0.4243421052631579 0.03453947368421053 0.04111842105263158
4 0.5394736842105263 0.4753289473684211 0.04276315789473684 0.049342105263157895
4 0.4769736842105263 0.4917763157894737 0.044407894736842105 0.05098684210526316
4 0.5707236842105263 0.5230263157894737 0.05263157894736842 0.05921052631578947
4 0.662828947368421 0.49835526315789475 0.05098684210526316 0.05263157894736842