4 0.4588815789473684 0.47039473684210525 0.047697368421052634 0.05263157894736842
4 0.5032894736842105 0.618421052631579 0.05921052631578947 0.07401315789473684
4 0.649671052631579 0.45723684210526316 0.047697368421052634 0.05098684210526316
4 0.6299342105263158 0.6101973684210527 0.06578947368421052 0.07730263157894737
4 0.5328947368421053 0.49835526315789475 0.04111842105263158 0.05098684210526316
4 0.34375 0.5625 0.06414473684210527 0.06578947368421052
4 0.6529605263157895 0.5296052631578947 0.05756578947368421 0.06085526315789474
4 0.4309210526315789 0.39473684210526316 0.03453947368421053 0.039473684210526314
4 0.5789473684210527 0.44243421052631576 0.03453947368421053 0.044407894736842105
4 0.49506578947368424 0.4506578947368421 0.03782894736842105 0.046052631578947366
4 0.35526315789473684 0.4342105263157895 0.044407894736842105 0.047697368421052634
4 0.5032894736842105 0.4095394736842105 0.03618421052631579 0.039473684210526314
4 0.3207236842105263 0.5082236842105263 0.05756578947368421 0.06085526315789474