4 0.565229044834308 0.6324074074074074 0.05854044834307995 0.06621588693957112
4 0.5099415204678363 0.4527412280701754 0.04020467836257312 0.04963450292397647
4 0.3276559454191033 0.5813109161793373 0.0650950292397661 0.06461988304093567
4 0.5854897660818713 0.5569078947368421 0.04847709551656907 0.05298489278752446
4 0.42849658869395707 0.6165935672514621 0.05854044834307995 0.0662158869395713
4 0.4729897660818714 0.5116715399610136 0.04351851851851856 0.05130360623781664
4 0.5498050682261209 0.4793494152046784 0.041849415204678386 0.04964668615984411
4 0.6508284600389863 0.4159600389863548 0.04678362573099417 0.049683235867446385
4 0.6337110136452242 0.48161549707602336 0.05179093567251451 0.054653996101364635
4 0.39410331384015596 0.40419103313840155 0.04344541910331382 0.04636939571150095
4 0.3313474658869396 0.49746588693957117 0.050170565302144254 0.05628654970760225
4 0.5598075048732943 0.37746101364522416 0.03851120857699803 0.04633284600389867
4 0.4529239766081872 0.37831384015594544 0.0401559454191033 0.046345029239766126