4 0.5499390838206628 0.5327607212475634 0.043140838206627605 0.051620370370370317
4 0.34159356725146195 0.6020346003898636 0.05138888888888884 0.055031676413255216
4 0.37556042884990254 0.525243664717349 0.04311647173489279 0.04833089668615979
4 0.4567495126705653 0.385014619883041 0.04315302144249506 0.05326510721247558
4 0.407833820662768 0.44184941520467835 0.043128654970760245 0.04997563352826505
4 0.6489156920077972 0.5736963937621833 0.04640594541910341 0.04837962962962961
4 0.42151559454191034 0.5127680311890839 0.04147173489278762 0.04830653021442506
4 0.6507797270955166 0.3813109161793372 0.04314083820662779 0.051620370370370317
4 0.6708698830409358 0.4293006822612086 0.04643031189083832 0.051669103313840135
4 0.553874269005848 0.39796539961013644 0.04149610136452253 0.051596003898635494
4 0.6262670565302144 0.6243421052631579 0.05800438596491225 0.06006335282651065
4 0.5379142300194932 0.463511208576998 0.04315302144249506 0.053265107212475765
4 0.5184210526315789 0.7181286549707602 0.049792884990253396 0.06158625730994154