4 0.4934210526315789 0.6299342105263158 0.05592105263157895 0.06414473684210527
4 0.5049342105263158 0.45723684210526316 0.03453947368421053 0.046052631578947366
4 0.5476973684210527 0.5592105263157895 0.047697368421052634 0.05592105263157895
4 0.42105263157894735 0.3782894736842105 0.03289473684210526 0.04276315789473684
4 0.45394736842105265 0.506578947368421 0.039473684210526314 0.049342105263157895
4 0.3207236842105263 0.5197368421052632 0.05592105263157895 0.05592105263157895
4 0.3815789473684211 0.5805921052631579 0.05098684210526316 0.05592105263157895
4 0.5575657894736842 0.48848684210526316 0.039473684210526314 0.047697368421052634
4 0.6266447368421053 0.5115131578947368 0.05098684210526316 0.05592105263157895
4 0.3519736842105263 0.4555921052631579 0.047697368421052634 0.05263157894736842
4 0.6578947368421053 0.4440789473684211 0.046052631578947366 0.05263157894736842
4 0.5953947368421053 0.3963815789473684 0.039473684210526314 0.047697368421052634
4 0.5098684210526315 0.3717105263157895 0.03782894736842105 0.047697368421052634