4 0.5164473684210527 0.569078947368421 0.05098684210526316 0.06743421052631579
4 0.47039473684210525 0.44901315789473684 0.03125 0.039473684210526314
4 0.5328947368421053 0.40131578947368424 0.03125 0.03453947368421053
4 0.3996710526315789 0.537828947368421 0.054276315789473686 0.0625
4 0.59375 0.5230263157894737 0.047697368421052634 0.05592105263157895
4 0.29605263157894735 0.4917763157894737 0.049342105263157895 0.049342105263157895
4 0.6447368421052632 0.4407894736842105 0.03782894736842105 0.04111842105263158
4 0.44243421052631576 0.4144736842105263 0.03453947368421053 0.03782894736842105
4 0.4095394736842105 0.4276315789473684 0.039473684210526314 0.039473684210526314
4 0.4555921052631579 0.4868421052631579 0.047697368421052634 0.054276315789473686
4 0.26644736842105265 0.5345394736842105 0.06743421052631579 0.06578947368421052
4 0.5805921052631579 0.4720394736842105 0.03782894736842105 0.046052631578947366
4 0.6217105263157895 0.47039473684210525 0.039473684210526314 0.046052631578947366