4 0.43585526315789475 0.48026315789473684 0.03782894736842105 0.047697368421052634
4 0.6299342105263158 0.6151315789473685 0.05921052631578947 0.07401315789473684
4 0.6463815789473685 0.45723684210526316 0.03782894736842105 0.046052631578947366
4 0.5098684210526315 0.6019736842105263 0.05756578947368421 0.07401315789473684
4 0.5230263157894737 0.5 0.046052631578947366 0.05592105263157895
4 0.3470394736842105 0.5526315789473685 0.05756578947368421 0.06414473684210527
4 0.5773026315789473 0.43914473684210525 0.04111842105263158 0.046052631578947366
4 0.44901315789473684 0.3980263157894737 0.03453947368421053 0.03618421052631579
4 0.6299342105263158 0.5263157894736842 0.054276315789473686 0.05756578947368421
4 0.34539473684210525 0.4407894736842105 0.046052631578947366 0.046052631578947366
4 0.3207236842105263 0.49835526315789475 0.054276315789473686 0.05756578947368421
4 0.506578947368421 0.43914473684210525 0.03125 0.04111842105263158
4 0.5049342105263158 0.41118421052631576 0.029605263157894735 0.029605263157894735