4 0.5629264132553606 0.4636817738791423 0.03782894736842105 0.0449439571150098
4 0.37183235867446396 0.4970151072124756 0.0497076023391813 0.05498294346978558
4 0.47989766081871343 0.396698343079922 0.02930068226120852 0.03659844054580892
4 0.427266081871345 0.3959186159844055 0.0376461988304094 0.04000974658869401
4 0.42074805068226123 0.44184941520467835 0.04276315789473684 0.04501705653021435
4 0.42933723196881096 0.5406067251461988 0.05646929824561391 0.060014619883040826
4 0.4904970760233917 0.46096491228070174 0.04452972709551667 0.048330896686159974
4 0.6027046783625731 0.42810672514619885 0.03447855750487325 0.04325048732943471
4 0.6324926900584795 0.6110136452241717 0.05829678362573101 0.06497319688109153
4 0.5278386939571151 0.5371345029239766 0.044773391812865417 0.05490984405458084
4 0.6443713450292398 0.44351851851851853 0.04446881091617939 0.046686159844054526
4 0.5391081871345029 0.575109649122807 0.048184697855750504 0.05824805068226119
4 0.7256335282651073 0.5071881091617932 0.05464181286549699 0.05505604288499013