4 0.5031067251461989 0.5965034113060428 0.05581140350877203 0.06948099415204692
4 0.4885599415204678 0.43709795321637424 0.032200292397660826 0.04299463937621832
4 0.5618786549707603 0.3937987329434698 0.03541666666666662 0.039729532163742705
4 0.5585526315789474 0.5434697855750488 0.05730994152046782 0.06291423001949313
4 0.3283625730994152 0.46788499025341135 0.04550438596491231 0.049671052631579025
4 0.5566154970760234 0.4826388888888889 0.03892543859649117 0.0496223196881092
4 0.4136330409356725 0.4047636452241716 0.03709795321637425 0.04138645224171542
4 0.6577119883040936 0.44735623781676415 0.03885233918128662 0.04633284600389867
4 0.2794225146198831 0.5241593567251461 0.06385233918128651 0.061318226120857695
4 0.4447368421052631 0.48511208576998044 0.04894005847953222 0.056274366471734984
4 0.37920321637426896 0.5480872319688108 0.047368421052631504 0.05955165692007787
4 0.6140716374269006 0.48714668615984413 0.04225146198830406 0.051291423001949374
4 0.4764254385964913 0.3911427875243665 0.03709795321637425 0.04138645224171542