4 0.3792763157894737 0.6473318713450292 0.06260964912280702 0.08075048732943464
4 0.6487207602339181 0.5682017543859649 0.049013157894736765 0.06062378167641326
4 0.45259502923976613 0.47034600389863546 0.04217836257309932 0.04891569200779712
4 0.5224049707602338 0.5792519493177388 0.055701754385964926 0.06575292397660834
4 0.3514985380116959 0.5807626705653021 0.057236842105263176 0.06086744639376201
4 0.6376461988304093 0.5136330409356725 0.052192982456140374 0.055787037037037114
4 0.4881578947368421 0.5174220272904484 0.05058479532163748 0.05738304093567256
4 0.36546052631578946 0.4694078947368421 0.04543128654970767 0.047368421052631504
4 0.5593567251461988 0.46693469785575054 0.03384502923976609 0.04373781676413258
4 0.5928362573099415 0.4202607212475633 0.035307017543859696 0.035562865497076
4 0.4545687134502923 0.41123294346978556 0.037024853801169696 0.038901072124756346
4 0.6017543859649123 0.45175438596491224 0.04375000000000004 0.04567495126705642
4 0.3844663742690059 0.43709795321637424 0.04042397660818714 0.04393274853801169