4 0.5608552631578947 0.4753289473684211 0.04276315789473684 0.049342105263157895
4 0.3815789473684211 0.4457236842105263 0.03782894736842105 0.04276315789473684
4 0.5526315789473685 0.40131578947368424 0.03289473684210526 0.03618421052631579
4 0.4654605263157895 0.6118421052631579 0.06578947368421052 0.07894736842105263
4 0.3815789473684211 0.48848684210526316 0.047697368421052634 0.05263157894736842
4 0.5115131578947368 0.38980263157894735 0.03125 0.03453947368421053
4 0.46381578947368424 0.4194078947368421 0.03125 0.039473684210526314
4 0.5 0.4506578947368421 0.03782894736842105 0.044407894736842105
4 0.45394736842105265 0.5164473684210527 0.05263157894736842 0.05921052631578947
4 0.42598684210526316 0.5460526315789473 0.05756578947368421 0.06578947368421052
4 0.6398026315789473 0.4588815789473684 0.04276315789473684 0.047697368421052634
4 0.6891447368421053 0.5723684210526315 0.05756578947368421 0.0625
4 0.6661184210526315 0.48355263157894735 0.044407894736842105 0.047697368421052634