4 0.44841617933723193 0.53807261208577 0.04478557504873287 0.052302631578947295
4 0.6298976608187135 0.46777534113060426 0.04973196881091611 0.05409356725146203
4 0.5578460038986355 0.4228679337231968 0.03653752436647183 0.04876949317738802
4 0.40188840155945416 0.37876461988304094 0.038194444444444454 0.05046296296296292
4 0.53067738791423 0.5372197855750488 0.04480994152046778 0.05559210526315782
4 0.39346978557504875 0.6269249512670566 0.0497076023391812 0.050804093567251504
4 0.46588693957115007 0.40040204678362573 0.03322368421052639 0.045382553606237844
4 0.6611598440545808 0.6891447368421053 0.05798001949317735 0.05762670565302149
4 0.34599171539961016 0.595906432748538 0.05469054580896682 0.05752923976608203
4 0.6209551656920077 0.5645711500974658 0.05307017543859647 0.06076998050682273
4 0.2941276803118908 0.4907285575048733 0.05469054580896682 0.05752923976608184
4 0.5804824561403509 0.6982699805068225 0.05467836257309936 0.05588450292397658
4 0.477156432748538 0.4336379142300195 0.03321150097465875 0.04373781676413258