4 0.5341374269005847 0.5009502923976609 0.05099902534113061 0.05701754385964906
4 0.3643153021442495 0.629641812865497 0.05956384015594542 0.06871345029239774
4 0.3741837231968811 0.40752923976608185 0.042531676413255365 0.04861111111111109
4 0.3736720272904483 0.5357456140350877 0.0526924951267057 0.058698830409356695
4 0.5597465886939572 0.6351608187134503 0.061208576998050775 0.06874999999999992
4 0.42398879142300194 0.5017543859649123 0.052741228070175526 0.060343567251461956
4 0.3744152046783626 0.45519005847953214 0.044176413255360626 0.04864766081871346
4 0.5015472709551657 0.43592836257309947 0.03754873294346975 0.04685672514619872
4 0.5450536062378167 0.354422514619883 0.0374512670565301 0.04356725146198829
4 0.5899853801169591 0.3912280701754386 0.03585526315789466 0.04517543859649128
4 0.4751949317738791 0.3822733918128655 0.04083820662768028 0.04692982456140346
4 0.6562865497076024 0.48344298245614037 0.045967348927875365 0.053618421052631614
4 0.6476120857699805 0.554312865497076 0.049354288499025165 0.056980994152046695