4 0.5575657894736842 0.41118421052631576 0.039473684210526314 0.049342105263157895
4 0.5394736842105263 0.5082236842105263 0.044407894736842105 0.054276315789473686
4 0.6282894736842105 0.4243421052631579 0.039473684210526314 0.046052631578947366
4 0.6398026315789473 0.5164473684210527 0.054276315789473686 0.05921052631578947
4 0.47368421052631576 0.39473684210526316 0.03289473684210526 0.04276315789473684
4 0.48519736842105265 0.4309210526315789 0.039473684210526314 0.049342105263157895
4 0.6710526315789473 0.6151315789473685 0.054276315789473686 0.05263157894736842
4 0.3963815789473684 0.37993421052631576 0.03453947368421053 0.04276315789473684
4 0.4407894736842105 0.5049342105263158 0.044407894736842105 0.05263157894736842
4 0.31743421052631576 0.4720394736842105 0.049342105263157895 0.049342105263157895
4 0.39144736842105265 0.6217105263157895 0.05756578947368421 0.0625
4 0.5707236842105263 0.6332236842105263 0.05592105263157895 0.06578947368421052
4 0.32894736842105265 0.5625 0.05921052631578947 0.05921052631578947