4 0.3003411306042885 0.5199805068226121 0.061281676413255326 0.059819688109161905
4 0.6383406432748537 0.3956505847953216 0.03485623781676401 0.0440423976608188
4 0.5109770955165691 0.497380604288499 0.046454678362573235 0.05598196881091604
4 0.4591983430799221 0.38419834307992207 0.033174951267056565 0.039047270955165726
4 0.5528386939571149 0.39552875243664715 0.03814571150097454 0.04416423001949317
4 0.6511817738791423 0.4379264132553606 0.049719785575048844 0.05281432748538008
4 0.4274000974658869 0.4593689083820663 0.038194444444444364 0.05074317738791422
4 0.3698221247563353 0.46314571150097467 0.04641812865497077 0.05104775828460025
4 0.4197246588693957 0.607638888888889 0.06469298245614041 0.07638888888888891
4 0.42772904483430796 0.4149610136452242 0.04310428849902542 0.04763645224171535
4 0.534417641325536 0.44060672514619886 0.043140838206627605 0.05257066276803114
4 0.6422149122807017 0.5385599415204678 0.06133040935672515 0.06639863547758296
4 0.564546783625731 0.5907651072124757 0.06304824561403496 0.07632797270955163