4 0.3435916179337232 0.46803118908382063 0.048062865497076036 0.04969541910331393
4 0.5572855750487329 0.48606237816764125 0.03985136452241727 0.05127923976608173
4 0.4383040935672515 0.5608430799220273 0.05804093567251462 0.06457115009746585
4 0.5068347953216374 0.6353679337231969 0.06801900584795331 0.07944688109161796
4 0.3795077972709552 0.5044834307992203 0.04645467836257305 0.05461744639376208
4 0.4632797270955165 0.5199074074074074 0.046466861598440504 0.05626218323586735
4 0.4261452241715399 0.42587719298245613 0.034831871345029096 0.039729532163742705
4 0.6701998050682261 0.5642056530214425 0.059710038986354796 0.06787280701754383
4 0.5282651072124757 0.4068957115009746 0.034831871345029096 0.039729532163742705
4 0.46916423001949314 0.39165448343079917 0.034831871345029096 0.039729532163742705
4 0.4851486354775828 0.45427631578947375 0.04312865497076015 0.04965886939571138
4 0.634880604288499 0.447161306042885 0.04307992202729052 0.04307992202729033
4 0.6707602339181286 0.48854775828460045 0.05137670565302138 0.053009259259259374