4 0.5483918128654971 0.5567007797270955 0.049086257309941504 0.06285331384015604
4 0.45979532163742687 0.4734892787524367 0.04718567251461985 0.051327972709551556
4 0.6068713450292398 0.4411549707602339 0.03545321637426899 0.04137426900584797
4 0.6441885964912281 0.5379020467836257 0.06217105263157887 0.05966130604288498
4 0.36896929824561403 0.5646076998050682 0.06407163742690053 0.07118664717348927
4 0.3851973684210526 0.42635233918128657 0.03866959064327478 0.038109161793372356
4 0.6371710526315789 0.4836866471734893 0.05372807017543872 0.04973196881091611
4 0.5336988304093567 0.47787524366471734 0.0406067251461988 0.05127923976608173
4 0.32094298245614034 0.5057626705653021 0.05888157894736844 0.059636939571150065
4 0.5329312865497077 0.43841374269005845 0.03706140350877188 0.03974171539961016
4 0.3368055555555555 0.45795565302144253 0.04206871345029241 0.04306773879142306
4 0.47024853801169597 0.4471003898635477 0.04195906432748549 0.03813352826510727
4 0.4658260233918129 0.4241106237816764 0.036951754385964965 0.03480750487329437