4 0.3470394736842105 0.4654605263157895 0.047697368421052634 0.049342105263157895
4 0.5608552631578947 0.4819078947368421 0.039473684210526314 0.05098684210526316
4 0.44243421052631576 0.5575657894736842 0.05756578947368421 0.06414473684210527
4 0.5115131578947368 0.631578947368421 0.06743421052631579 0.07894736842105263
4 0.3832236842105263 0.5016447368421053 0.046052631578947366 0.054276315789473686
4 0.46710526315789475 0.5164473684210527 0.046052631578947366 0.05592105263157895
4 0.4292763157894737 0.42269736842105265 0.03453947368421053 0.039473684210526314
4 0.6743421052631579 0.5592105263157895 0.05921052631578947 0.06743421052631579
4 0.53125 0.4029605263157895 0.03453947368421053 0.039473684210526314
4 0.4720394736842105 0.3881578947368421 0.03453947368421053 0.039473684210526314
4 0.48848684210526316 0.4506578947368421 0.04276315789473684 0.049342105263157895
4 0.6381578947368421 0.44243421052631576 0.04276315789473684 0.04276315789473684
4 0.6743421052631579 0.48355263157894735 0.05098684210526316 0.05263157894736842