4 0.5773026315789473 0.4819078947368421 0.047697368421052634 0.05263157894736842
4 0.39144736842105265 0.4901315789473684 0.04276315789473684 0.054276315789473686
4 0.6085526315789473 0.4506578947368421 0.04276315789473684 0.05098684210526316
4 0.5444078947368421 0.44243421052631576 0.04276315789473684 0.049342105263157895
4 0.5148026315789473 0.506578947368421 0.046052631578947366 0.05592105263157895
4 0.5526315789473685 0.4029605263157895 0.039473684210526314 0.04276315789473684
4 0.39473684210526316 0.4276315789473684 0.044407894736842105 0.047697368421052634
4 0.43914473684210525 0.5493421052631579 0.05756578947368421 0.0625
4 0.4588815789473684 0.4309210526315789 0.04111842105263158 0.04111842105263158
4 0.6266447368421053 0.5444078947368421 0.054276315789473686 0.05921052631578947
4 0.4819078947368421 0.3996710526315789 0.03618421052631579 0.04276315789473684
4 0.4654605263157895 0.4720394736842105 0.03782894736842105 0.049342105263157895
4 0.5263157894736842 0.6200657894736842 0.06085526315789474 0.07072368421052631