4 0.46938352826510715 0.4936890838206628 0.04020467836257293 0.04992690058479541
4 0.5916910331384017 0.4247928849902534 0.03183479532163752 0.03993664717348927
4 0.6466130604288499 0.5801778752436647 0.055299707602339244 0.06988304093567241
4 0.4728070175438597 0.613779239766082 0.056968810916179426 0.07155214424951258
4 0.7066642300194932 0.526803118908382 0.05176656920077979 0.053386939571150135
4 0.3786427875243665 0.5844298245614036 0.0552022417153996 0.06330409356725135
4 0.5531432748538012 0.48670808966861595 0.043542884990253286 0.05326510721247558
4 0.6532285575048733 0.4717470760233918 0.040180311890838205 0.04828216374269015
4 0.32152777777777775 0.5030092592592592 0.053386939571150135 0.0517665692007796
4 0.5309819688109162 0.433759746588694 0.03846247563352839 0.04332358674463945
4 0.4754995126705652 0.46253654970760233 0.04506578947368436 0.04506578947368417
4 0.3502071150097466 0.44094785575048734 0.04506578947368417 0.04506578947368417
4 0.4405214424951267 0.4324195906432749 0.04175194931773892 0.04337231968810927