4 0.31085526315789475 0.4967105263157895 0.054276315789473686 0.054276315789473686
4 0.587171052631579 0.6019736842105263 0.05756578947368421 0.0625
4 0.5164473684210527 0.5263157894736842 0.04111842105263158 0.054276315789473686
4 0.5328947368421053 0.6348684210526315 0.05098684210526316 0.06414473684210527
4 0.5213815789473685 0.39144736842105265 0.03289473684210526 0.04276315789473684
4 0.3684210526315789 0.6463815789473685 0.05263157894736842 0.06414473684210527
4 0.4506578947368421 0.4128289473684211 0.04111842105263158 0.049342105263157895
4 0.37993421052631576 0.4588815789473684 0.046052631578947366 0.05263157894736842
4 0.42105263157894735 0.46381578947368424 0.047697368421052634 0.054276315789473686
4 0.7055921052631579 0.4506578947368421 0.05263157894736842 0.05098684210526316
4 0.5476973684210527 0.4720394736842105 0.046052631578947366 0.054276315789473686
4 0.600328947368421 0.4292763157894737 0.04111842105263158 0.046052631578947366
4 0.7006578947368421 0.4967105263157895 0.046052631578947366 0.05098684210526316