4 0.4292763157894737 0.6299342105263158 0.05098684210526316 0.05756578947368421
4 0.5296052631578947 0.4605263157894737 0.04111842105263158 0.054276315789473686
4 0.5032894736842105 0.5822368421052632 0.049342105263157895 0.05921052631578947
4 0.3092105263157895 0.4769736842105263 0.044407894736842105 0.05098684210526316
4 0.6151315789473685 0.5476973684210527 0.04276315789473684 0.049342105263157895
4 0.6957236842105263 0.5 0.046052631578947366 0.049342105263157895
4 0.5411184210526315 0.5 0.044407894736842105 0.05263157894736842
4 0.36348684210526316 0.4161184210526316 0.039473684210526314 0.046052631578947366
4 0.4753289473684211 0.3651315789473684 0.039473684210526314 0.047697368421052634
4 0.34375 0.5476973684210527 0.047697368421052634 0.049342105263157895
4 0.537828947368421 0.3684210526315789 0.03782894736842105 0.047697368421052634
4 0.45230263157894735 0.4917763157894737 0.05263157894736842 0.05921052631578947
4 0.6365131578947368 0.4128289473684211 0.044407894736842105 0.049342105263157895