4 0.49835526315789475 0.5197368421052632 0.047697368421052634 0.05756578947368421
4 0.5625 0.49835526315789475 0.044407894736842105 0.049342105263157895
4 0.5608552631578947 0.5444078947368421 0.049342105263157895 0.06085526315789474
4 0.40789473684210525 0.5493421052631579 0.05098684210526316 0.0625
4 0.4819078947368421 0.4292763157894737 0.03618421052631579 0.04111842105263158
4 0.625 0.4605263157894737 0.046052631578947366 0.046052631578947366
4 0.6447368421052632 0.506578947368421 0.049342105263157895 0.054276315789473686
4 0.4605263157894737 0.48355263157894735 0.047697368421052634 0.05263157894736842
4 0.5049342105263158 0.45723684210526316 0.03782894736842105 0.044407894736842105
4 0.4128289473684211 0.45230263157894735 0.044407894736842105 0.046052631578947366
4 0.5608552631578947 0.4506578947368421 0.04111842105263158 0.046052631578947366
4 0.5608552631578947 0.42105263157894735 0.03782894736842105 0.03618421052631579
4 0.3338815789473684 0.4901315789473684 0.05098684210526316 0.05592105263157895