4 0.4596734892787525 0.504422514619883 0.05317982456140338 0.059965886939571
4 0.5772417153996101 0.6144615009746589 0.06006335282651065 0.06828703703703697
4 0.6569809941520468 0.5031432748538012 0.05299707602339173 0.055031676413255404
4 0.4909234892787524 0.3708089668615985 0.03782894736842105 0.0449439571150098
4 0.36641081871345027 0.4482699805068226 0.04124025341130605 0.04828216374269015
4 0.6547270955165692 0.4308479532163743 0.04964668615984411 0.05333820662768032
4 0.48251705653021437 0.642166179337232 0.06189083820662757 0.07324561403508767
4 0.3360745614035087 0.6015960038986354 0.061769005847953196 0.06995614035087715
4 0.28027534113060426 0.5103679337231969 0.05135233918128647 0.05500730994152049
4 0.43798732943469787 0.4685794346978558 0.03959551656920069 0.048257797270955236
4 0.4501705653021442 0.4059332358674464 0.039534600389863596 0.046613060428849884
4 0.5787037037037037 0.3974537037037037 0.04117933723196886 0.04663742690058479
4 0.5222953216374269 0.45582358674463935 0.04635721247563358 0.05328947368421049