4 0.506578947368421 0.5444078947368421 0.05098684210526316 0.05756578947368421
4 0.5148026315789473 0.37335526315789475 0.03782894736842105 0.046052631578947366
4 0.4276315789473684 0.4720394736842105 0.047697368421052634 0.054276315789473686
4 0.45723684210526316 0.3980263157894737 0.04111842105263158 0.05098684210526316
4 0.37006578947368424 0.4555921052631579 0.046052631578947366 0.05263157894736842
4 0.5493421052631579 0.47368421052631576 0.039473684210526314 0.047697368421052634
4 0.5888157894736842 0.42269736842105265 0.03782894736842105 0.046052631578947366
4 0.3059210526315789 0.4917763157894737 0.05592105263157895 0.05592105263157895
4 0.7039473684210527 0.4473684210526316 0.047697368421052634 0.05263157894736842
4 0.5822368421052632 0.618421052631579 0.054276315789473686 0.05592105263157895
4 0.6858552631578947 0.5 0.05098684210526316 0.054276315789473686
4 0.3782894736842105 0.6463815789473685 0.05098684210526316 0.05592105263157895
4 0.5082236842105263 0.6661184210526315 0.05592105263157895 0.06085526315789474