4 0.4786184210526316 0.5115131578947368 0.05098684210526316 0.05921052631578947
4 0.600328947368421 0.6233552631578947 0.05756578947368421 0.06743421052631579
4 0.6759868421052632 0.5131578947368421 0.05098684210526316 0.054276315789473686
4 0.5049342105263158 0.3782894736842105 0.03618421052631579 0.044407894736842105
4 0.3832236842105263 0.45394736842105265 0.039473684210526314 0.047697368421052634
4 0.6710526315789473 0.4407894736842105 0.047697368421052634 0.05263157894736842
4 0.506578947368421 0.649671052631579 0.05921052631578947 0.07236842105263158
4 0.35855263157894735 0.6069078947368421 0.05921052631578947 0.06907894736842106
4 0.2993421052631579 0.5148026315789473 0.049342105263157895 0.054276315789473686
4 0.4555921052631579 0.4753289473684211 0.03782894736842105 0.047697368421052634
4 0.4654605263157895 0.4128289473684211 0.03782894736842105 0.046052631578947366
4 0.59375 0.40625 0.039473684210526314 0.046052631578947366
4 0.5394736842105263 0.46381578947368424 0.044407894736842105 0.05263157894736842