4 0.45897904483430796 0.43029970760233915 0.04258040935672519 0.05025584795321635
4 0.6033260233918128 0.44024122807017546 0.044176413255360626 0.04864766081871346
4 0.3217470760233918 0.6240131578947368 0.05748050682261202 0.05387426900584782
4 0.5822002923976608 0.5985014619883041 0.05254629629629642 0.053764619883040904
4 0.6149975633528266 0.37916666666666665 0.04078947368421045 0.04528508771929829
4 0.45354532163742695 0.5027412280701754 0.047612085769980626 0.05365497076023398
4 0.5502558479532164 0.4562134502923977 0.0443226120857701 0.05358187134502925
4 0.3227826510721248 0.5335891812865498 0.05767543859649122 0.06045321637426906
4 0.44075292397660815 0.6016447368421053 0.05612816764132551 0.06370614035087722
4 0.49271442495126705 0.3457236842105263 0.029178849902534148 0.04173976608187128
4 0.34931773879142297 0.41465643274853803 0.04920808966861597 0.052046783625730994
4 0.40490984405458086 0.36904239766081876 0.04422514619883045 0.05029239766081872
4 0.591020955165692 0.5226973684210525 0.05104775828460044 0.05866228070175451