4 0.5584429824561403 0.4786184210526316 0.04718567251461985 0.05098684210526316
4 0.5338084795321637 0.4029605263157895 0.035380116959064435 0.03782894736842105
4 0.4573099415204679 0.5148026315789473 0.048940058479532034 0.05592105263157895
4 0.35350877192982455 0.44901315789473684 0.03709795321637425 0.04111842105263158
4 0.44184941520467835 0.618421052631579 0.07079678362573105 0.07730263157894737
4 0.4412280701754386 0.4243421052631579 0.033771929824561356 0.039473684210526314
4 0.6651315789473684 0.5625 0.05888157894736835 0.05921052631578947
4 0.49133771929824566 0.38980263157894735 0.03369883040935662 0.03618421052631579
4 0.41038011695906434 0.5542763157894737 0.06067251461988308 0.06578947368421052
4 0.3641812865497076 0.4868421052631579 0.052156432748538005 0.05263157894736842
4 0.6263888888888889 0.4555921052631579 0.04375000000000004 0.044407894736842105
4 0.4900219298245614 0.44901315789473684 0.035489766081871356 0.04276315789473684
4 0.674890350877193 0.4934210526315789 0.05380116959064327 0.05263157894736842