4 0.5291666666666667 0.4830043859649123 0.048976608187134583 0.05897904483430799
4 0.4202485380116959 0.3957115009746589 0.03713450292397662 0.04383528265107204
4 0.4017909356725146 0.6019858674463938 0.06063596491228072 0.06589912280701744
4 0.5190789473684211 0.6215521442495127 0.05741959064327474 0.06909113060428851
4 0.3882675438596491 0.5118664717348927 0.05551900584795327 0.05752923976608184
4 0.42291666666666666 0.44171539961013645 0.04886695906432748 0.05404483430799221
4 0.694078947368421 0.4978679337231969 0.053947368421052556 0.06076998050682273
4 0.6296052631578947 0.41090399610136447 0.04214181286549714 0.04727095516569204
4 0.5859649122807017 0.37269736842105267 0.03881578947368425 0.045528752436647134
4 0.46184210526315783 0.48993664717348934 0.052302631578947295 0.060721247563352905
4 0.6381578947368421 0.5735867446393762 0.055738304093567295 0.06739766081871361
4 0.5086988304093567 0.3766325536062378 0.03881578947368425 0.045528752436647134
4 0.5197368421052632 0.42897173489278745 0.04557748538011695 0.053947368421052556