4 0.5467714424951268 0.48363791423001956 0.04422514619883045 0.049975633528265236
4 0.3683723196881092 0.45137670565302146 0.039096003898635455 0.04332358674463945
4 0.5407407407407409 0.40950292397660815 0.03396686159844065 0.03667153996101366
4 0.4473318713450292 0.6187378167641325 0.06812865497076022 0.07992202729044837
4 0.3671052631578947 0.4941398635477583 0.0492568226120857 0.05333820662768032
4 0.49996345029239764 0.39738060428849903 0.032273391812865565 0.035002436647173486
4 0.4513888888888889 0.4262792397660819 0.03241959064327485 0.03993664717348927
4 0.4866471734892788 0.4580653021442495 0.03914473684210519 0.04496832358674471
4 0.43864522417153995 0.523172514619883 0.05438596491228079 0.05999025341130591
4 0.4098075048732943 0.5523635477582846 0.0595151072124756 0.06664230019493171
4 0.6262061403508772 0.4683601364522418 0.044176413255360626 0.048330896686159974
4 0.6721856725146198 0.5825779727095517 0.05941764132553604 0.06335282651072117
4 0.6517909356725147 0.4934210526315789 0.04582115009746589 0.0483552631578947