4 0.5223440545808967 0.49797758284600385 0.036915204678362595 0.04987816764132559
4 0.34345760233918127 0.46900584795321637 0.046832358674463906 0.053313840155945404
4 0.5281067251461988 0.6642178362573099 0.058516081871345035 0.06499756335282644
4 0.39707602339181286 0.51421783625731 0.041849415204678386 0.049951267056530135
4 0.4336379142300195 0.6003045808966861 0.05186403508771925 0.05996588693957119
4 0.4732334307992203 0.3705774853801169 0.03851120857699803 0.046613060428849884
4 0.5371101364522417 0.38961988304093564 0.04182504873294347 0.04830653021442497
4 0.47406189083820666 0.5367446393762184 0.04022904483430803 0.05157163742690068
4 0.6193469785575049 0.6129264132553606 0.056871345029239774 0.06497319688109153
4 0.6449805068226121 0.437280701754386 0.04180068226120856 0.04666179337231961
4 0.4687256335282651 0.45276559454191034 0.03522173489278751 0.04656432748538015
4 0.6618542884990253 0.519785575048733 0.053435672514619774 0.05505604288499013
4 0.4101730019493178 0.4074805068226121 0.043469785575048735 0.048330896686159884