4 0.4720394736842105 0.43029970760233915 0.04111842105263158 0.05025584795321635
4 0.6167763157894737 0.44024122807017546 0.04276315789473684 0.04864766081871346
4 0.3404605263157895 0.6240131578947368 0.05592105263157895 0.05387426900584782
4 0.600328947368421 0.5985014619883041 0.05098684210526316 0.053764619883040904
4 0.6266447368421053 0.37916666666666665 0.039473684210526314 0.04528508771929829
4 0.46875 0.5027412280701754 0.046052631578947366 0.05365497076023398
4 0.5641447368421053 0.4562134502923977 0.04276315789473684 0.05358187134502925
4 0.33881578947368424 0.5335891812865498 0.05592105263157895 0.06045321637426906
4 0.4588815789473684 0.6016447368421053 0.054276315789473686 0.06370614035087722
4 0.5032894736842105 0.3457236842105263 0.027960526315789474 0.04173976608187128
4 0.3618421052631579 0.41465643274853803 0.047697368421052634 0.052046783625730994
4 0.4161184210526316 0.36904239766081876 0.04276315789473684 0.05029239766081872
4 0.6069078947368421 0.5226973684210525 0.049342105263157895 0.05866228070175451