4 0.5608552631578947 0.6348684210526315 0.05756578947368421 0.06414473684210527
4 0.5016447368421053 0.44901315789473684 0.039473684210526314 0.05098684210526316
4 0.32401315789473684 0.5921052631578947 0.0625 0.0625
4 0.5805921052631579 0.555921052631579 0.047697368421052634 0.05263157894736842
4 0.6447368421052632 0.4029605263157895 0.046052631578947366 0.05098684210526316
4 0.5427631578947368 0.4753289473684211 0.04276315789473684 0.05098684210526316
4 0.6266447368421053 0.4753289473684211 0.05098684210526316 0.054276315789473686
4 0.42598684210526316 0.625 0.05756578947368421 0.06414473684210527
4 0.32401315789473684 0.5032894736842105 0.05098684210526316 0.05592105263157895
4 0.3815789473684211 0.3996710526315789 0.04276315789473684 0.047697368421052634
4 0.46710526315789475 0.5131578947368421 0.04276315789473684 0.05098684210526316
4 0.5493421052631579 0.3651315789473684 0.03782894736842105 0.049342105263157895
4 0.4407894736842105 0.37006578947368424 0.039473684210526314 0.047697368421052634