4 0.6348684210526315 0.5148026315789473 0.044407894736842105 0.054276315789473686
4 0.4407894736842105 0.46875 0.046052631578947366 0.047697368421052634
4 0.4128289473684211 0.618421052631579 0.06085526315789474 0.0805921052631579
4 0.6118421052631579 0.4720394736842105 0.046052631578947366 0.047697368421052634
4 0.524671052631579 0.5476973684210527 0.047697368421052634 0.0625
4 0.35526315789473684 0.5707236842105263 0.06907894736842106 0.07236842105263158
4 0.41118421052631576 0.4194078947368421 0.03289473684210526 0.03453947368421053
4 0.4868421052631579 0.49506578947368424 0.04111842105263158 0.049342105263157895
4 0.5427631578947368 0.4144736842105263 0.03453947368421053 0.03125
4 0.5674342105263158 0.4375 0.039473684210526314 0.039473684210526314
4 0.34539473684210525 0.4769736842105263 0.044407894736842105 0.047697368421052634
4 0.5460526315789473 0.4506578947368421 0.039473684210526314 0.04276315789473684
4 0.3519736842105263 0.45394736842105265 0.04276315789473684 0.04111842105263158