4 0.5033260233918129 0.47916666666666674 0.04940302144249499 0.059332358674464035
4 0.39909844054580895 0.39266569200779733 0.037451267056530194 0.04410331384015589
4 0.36998050682261213 0.5991106237816763 0.06111111111111113 0.06633771929824549
4 0.48607456140350874 0.6178118908382066 0.05791910331384025 0.06950536062378164
4 0.36114766081871347 0.5090765107212475 0.055933235867446404 0.05793128654970752
4 0.39937865497076025 0.4386574074074074 0.0492568226120858 0.054398148148148244
4 0.6672149122807017 0.4928118908382066 0.0543859649122806 0.06115984405458095
4 0.6073464912280702 0.40631091617933723 0.04248294346978554 0.04757553606237817
4 0.5657529239766081 0.3684210526315789 0.03914473684210519 0.04580896686159843
4 0.4357456140350877 0.486598440545809 0.05274122807017534 0.06109892787524367
4 0.6074561403508772 0.5689571150097466 0.056225633528265165 0.0677997076023391
4 0.48840155945419095 0.3729288499025341 0.03914473684210519 0.04580896686159843
4 0.4967105263157895 0.4251949317738792 0.04596734892787518 0.054276315789473686