4 0.48603801169590644 0.5314449317738791 0.05104775828460044 0.05793128654970752
4 0.6127071150097465 0.4222100389863548 0.04262914230019501 0.051291423001949374
4 0.5349658869395711 0.4068347953216374 0.03754873294346975 0.046320662768031214
4 0.40798001949317736 0.6163742690058479 0.06280458089668621 0.06624025341130603
4 0.4683601364522418 0.4342958089668616 0.04093567251461992 0.049634502923976656
4 0.47251461988304094 0.6300073099415205 0.04945175438596481 0.05956384015594551
4 0.3756213450292398 0.41223196881091617 0.04422514619883045 0.04965886939571157
4 0.4447490253411306 0.41438840155945417 0.04093567251461992 0.04963450292397656
4 0.559222709551657 0.5040326510721248 0.039388401559454125 0.05291179337231972
4 0.3070053606237817 0.5383406432748539 0.0626096491228071 0.05966130604288498
4 0.649537037037037 0.4997685185185185 0.04940302144249518 0.05791910331384025
4 0.7375974658869396 0.5859283625730993 0.05748050682261221 0.053045808966861556
4 0.6762183235867446 0.6232943469785575 0.06285331384015604 0.06788499025341148