4 0.4429702729044834 0.4673489278752437 0.038535575048732944 0.048818226120857657
4 0.6390472709551657 0.5964668615984404 0.060307017543859774 0.07576754385964903
4 0.6531554580896686 0.4380847953216374 0.03851120857699803 0.047173489278752395
4 0.5187865497076023 0.5868664717348927 0.058662280701754325 0.0757188109161792
4 0.530433723196881 0.4845029239766082 0.046881091617933635 0.057285575048732905
4 0.35522660818713453 0.5423489278752437 0.058516081871345035 0.06585038986354762
4 0.5838084795321637 0.4220394736842106 0.04180068226120856 0.04727095516569185
4 0.4549098440545809 0.3847222222222222 0.03507553606237822 0.037207602339181356
4 0.6377314814814815 0.5076510721247564 0.05512914230019486 0.05917397660818711
4 0.35192495126705653 0.4305555555555555 0.04673489278752435 0.04741715399610133
4 0.3281067251461988 0.48885233918128657 0.05512914230019486 0.05917397660818711
4 0.5130847953216374 0.42413499025341134 0.03185916179337243 0.042044346978557495
4 0.511025828460039 0.3962231968810916 0.030043859649122782 0.030482456140350826