4 0.3411793372319688 0.4726973684210526 0.042531676413255365 0.048001949317738844
4 0.535696881091618 0.4564571150097466 0.034113060428849935 0.04136208576998052
4 0.471369395711501 0.4076023391812866 0.025645711500974687 0.03307748538011692
4 0.40310672514619883 0.4360623781676413 0.03735380116959064 0.03974171539961016
4 0.5857699805068226 0.4314205653021443 0.03570906432748538 0.039729532163742705
4 0.3829191033138402 0.5069200779727095 0.05598196881091623 0.05796783625730989
4 0.5749512670565302 0.5745614035087719 0.056225633528265165 0.06619152046783638
4 0.46676413255360627 0.45203460038986354 0.044078947368420975 0.04472465886939559
4 0.4237207602339182 0.4063109161793372 0.037256335282651175 0.03645224171539964
4 0.4799585769980506 0.5062012670565302 0.047368421052631504 0.044749025341130504
4 0.6232090643274854 0.4442982456140351 0.04398148148148152 0.04143518518518525
4 0.6973562378167641 0.4947246588693957 0.05917397660818711 0.054702729044834274
4 0.4822733918128655 0.5390716374269007 0.052789961013645165 0.06123294346978569