4 0.3760355750487329 0.6084917153996101 0.05659113060428847 0.06451023391812857
4 0.3273635477582846 0.45516569200779733 0.048001949317738754 0.054337231968810774
4 0.5025584795321637 0.4830653021442495 0.04635721247563358 0.054276315789473686
4 0.4626583820662768 0.5820540935672515 0.05317982456140338 0.06109892787524367
4 0.33150584795321636 0.5211988304093568 0.05305799220272901 0.057809454191033144
4 0.5728557504873294 0.586135477582846 0.04471247563352832 0.054215399610136404
4 0.3896198830409357 0.41959064327485374 0.04117933723196886 0.047514619883040975
4 0.42787524366471735 0.49841617933723203 0.051413255360623744 0.05774853801169586
4 0.6599049707602339 0.5481846978557505 0.05123050682261209 0.05281432748538008
4 0.5255238791423003 0.5300316764132553 0.04976851851851848 0.057687621832358774
4 0.4912280701754386 0.3887670565302144 0.03782894736842105 0.045748050682261156
4 0.6346856725146199 0.47313596491228066 0.048001949317738844 0.054337231968810774
4 0.5725511695906432 0.416483918128655 0.03618421052631579 0.04568713450292387