4 0.5164961013645225 0.4259502923976608 0.03321150097465875 0.04349415204678365
4 0.3958576998050683 0.5059210526315789 0.05471491228070173 0.060416666666666695
4 0.5656798245614035 0.4462353801169591 0.04478557504873287 0.051973684210526165
4 0.4986476608187135 0.3934576023391813 0.03154239766081857 0.04016812865497075
4 0.5275828460038987 0.4832602339181286 0.04315302144249506 0.05358187134502925
4 0.572490253411306 0.41483918128654973 0.03481968810916183 0.038596491228070226
4 0.48276072124756336 0.5401681286549708 0.04483430799220269 0.058552631578947405
4 0.43087231968810913 0.4410087719298246 0.044773391812865417 0.05032894736842109
4 0.35841861598440544 0.4541301169590643 0.048075048732943396 0.052046783625730904
4 0.431140350877193 0.40482456140350875 0.039766081871345074 0.04035087719298241
4 0.6026072124756335 0.5671052631578948 0.054763645224171556 0.06699561403508775
4 0.6394127680311892 0.4824195906432749 0.05140107212475629 0.05705409356725143
4 0.4602582846003898 0.46995614035087724 0.046454678362573235 0.055299707602339244