4 0.47039473684210525 0.4917763157894737 0.047697368421052634 0.054276315789473686
4 0.5328947368421053 0.4128289473684211 0.03289473684210526 0.03618421052631579
4 0.4868421052631579 0.4309210526315789 0.03618421052631579 0.04111842105263158
4 0.6118421052631579 0.4375 0.03782894736842105 0.039473684210526314
4 0.3996710526315789 0.4457236842105263 0.03618421052631579 0.039473684210526314
4 0.5427631578947368 0.46710526315789475 0.044407894736842105 0.047697368421052634
4 0.32730263157894735 0.537828947368421 0.05263157894736842 0.0625
4 0.4588815789473684 0.4654605263157895 0.04111842105263158 0.044407894736842105
4 0.6743421052631579 0.5164473684210527 0.05098684210526316 0.054276315789473686
4 0.30756578947368424 0.47368421052631576 0.047697368421052634 0.046052631578947366
4 0.5608552631578947 0.5888157894736842 0.0625 0.0756578947368421
4 0.6825657894736842 0.46710526315789475 0.047697368421052634 0.047697368421052634
4 0.45394736842105265 0.5921052631578947 0.06578947368421052 0.07730263157894737