4 0.4917153996101364 0.425 0.03981481481481471 0.04692982456140346
4 0.4913499025341131 0.597733918128655 0.05807748538011699 0.07035818713450301
4 0.5650219298245613 0.5500365497076023 0.051449805068226113 0.06363304093567249
4 0.2768396686159844 0.5087353801169591 0.06129385964912278 0.060562865497076165
4 0.5736232943469787 0.37876461988304094 0.034831871345029096 0.04024122807017549
4 0.5759502923976608 0.4708333333333333 0.048099415204678496 0.055336257309941426
4 0.4542641325536063 0.47682748538011704 0.039839181286549626 0.05021929824561398
4 0.39544346978557504 0.5307748538011696 0.04153265107212471 0.056834795321637405
4 0.6827241715399609 0.45036549707602336 0.04314083820662779 0.05193713450292398
4 0.6385355750487328 0.4809576023391813 0.0415082846003898 0.05354532163742688
4 0.43886452241715396 0.3965643274853801 0.03815789473684218 0.04524853801169592
4 0.324208089668616 0.4632675438596491 0.048075048732943396 0.052046783625730904
4 0.4897173489278753 0.3773391812865497 0.03484405458089674 0.04188596491228075