4 0.4918494152046784 0.5036184210526315 0.04389619883040932 0.05193713450292398
4 0.6440423976608187 0.4607821637426901 0.04550438596491222 0.05032894736842109
4 0.453983918128655 0.35815058479532164 0.04225146198830406 0.051900584795321614
4 0.6274122807017545 0.39539473684210524 0.04053362573099406 0.04857456140350872
4 0.3575292397660819 0.48194444444444445 0.052229532163742744 0.05705409356725143
4 0.43146929824561403 0.48358918128654976 0.04557748538011695 0.053618421052631426
4 0.42638888888888893 0.4163011695906432 0.04554093567251458 0.05197368421052635
4 0.636220760233918 0.5908260233918129 0.057127192982456165 0.05551900584795327
4 0.5474780701754386 0.36758040935672515 0.037207602339181356 0.04685672514619882
4 0.4050804093567251 0.6354166666666667 0.050438596491228005 0.05043859649122819
4 0.5212719298245614 0.43720760233918127 0.04557748538011695 0.053618421052631614
4 0.32587719298245615 0.5747076023391813 0.060489766081871336 0.05888157894736835
4 0.5298611111111111 0.6425073099415205 0.057200292397660904 0.058808479532163796