4 0.5813230994152047 0.5609405458089668 0.06335282651072117 0.06833576998050679
4 0.29452972709551656 0.540253411306043 0.0696881091617934 0.06185428849902539
4 0.6209186159844053 0.5204312865497076 0.048001949317738844 0.053313840155945404
4 0.4837962962962963 0.45757797270955164 0.034295808966861595 0.03831627680311892
4 0.4488304093567252 0.5343201754385966 0.05646929824561391 0.060014619883040826
4 0.3276072124756335 0.5012914230019493 0.05951510721247569 0.0534844054580896
4 0.6611842105263158 0.45363060428849905 0.034295808966861595 0.03831627680311892
4 0.47514619883040937 0.49032651072124755 0.04794103313840157 0.051669103313840135
4 0.6438230994152047 0.47309941520467835 0.04270224171539956 0.04337231968810908
4 0.41593567251461994 0.44506578947368425 0.04251949317738791 0.038438109161793486
4 0.5830287524366472 0.47384259259259254 0.044407894736842105 0.045041423001949445
4 0.5302753411306043 0.42538986354775826 0.02917884990253396 0.0333089668615984
4 0.45650584795321636 0.43087231968810913 0.037524366471734835 0.036720272904483486