4 0.5457236842105263 0.4924220272904483 0.03919346978557501 0.04633284600389867
4 0.35841861598440544 0.49761208576998045 0.05095029239766079 0.05464181286549699
4 0.5951023391812865 0.6605141325536062 0.05598196881091604 0.05796783625731008
4 0.4562987329434698 0.3602095516569201 0.04093567251461992 0.049634502923976656
4 0.4270224171539961 0.5375852826510721 0.0475633528265108 0.051327972709551556
4 0.4918615984405458 0.6169956140350877 0.05428849902534114 0.056310916179337166
4 0.6450170565302145 0.40271686159844056 0.044176413255360626 0.0480141325536063
4 0.5288620857699805 0.3673245614035087 0.04093567251461992 0.049634502923976656
4 0.6669712475633528 0.5886939571150097 0.052595029239766056 0.05465399610136445
4 0.403630604288499 0.414083820662768 0.04248294346978554 0.04635721247563358
4 0.6804459064327485 0.48848684210526316 0.05423976608187132 0.054666179337231904
4 0.48050682261208577 0.4557626705653021 0.04093567251461992 0.04963450292397647
4 0.5126949317738791 0.5431530214424951 0.04083820662768028 0.04634502923976594