4 0.5733308966861599 0.6033503898635477 0.05355750487329434 0.06405945419103326
4 0.49857456140350875 0.4443104288499025 0.04354288499025347 0.05389863547758292
4 0.3490131578947368 0.5672149122807018 0.05341130604288505 0.05419103313840149
4 0.5869395711500974 0.5223196881091617 0.05350877192982451 0.060769980506822543
4 0.3777046783625731 0.3935916179337232 0.04349415204678365 0.050609161793372395
4 0.5596247563352826 0.45566520467836263 0.04518762183235855 0.053947368421052556
4 0.4764498050682261 0.5058479532163742 0.05019493177387907 0.05902777777777782
4 0.4465886939571149 0.6005238791423002 0.04855019493177381 0.05897904483430799
4 0.6319931773879142 0.453520955165692 0.05014619883040925 0.055738304093567295
4 0.3462719298245614 0.4932504873294348 0.05009746588693961 0.052448830409356766
4 0.6260599415204678 0.3862329434697856 0.04516325536062382 0.052302631578947385
4 0.4611232943469786 0.3598562378167641 0.041849415204678386 0.05056042884990257
4 0.5516081871345029 0.3588206627680312 0.03023879142300208 0.04364035087719293