4 0.5164473684210527 0.600328947368421 0.054276315789473686 0.06907894736842106
4 0.49835526315789475 0.4407894736842105 0.03125 0.04276315789473684
4 0.5707236842105263 0.3980263157894737 0.03453947368421053 0.039473684210526314
4 0.5707236842105263 0.5476973684210527 0.05592105263157895 0.0625
4 0.33881578947368424 0.47039473684210525 0.044407894736842105 0.049342105263157895
4 0.5674342105263158 0.4868421052631579 0.03782894736842105 0.049342105263157895
4 0.42269736842105265 0.40789473684210525 0.03618421052631579 0.04111842105263158
4 0.6677631578947368 0.45230263157894735 0.03782894736842105 0.046052631578947366
4 0.2911184210526316 0.5263157894736842 0.0625 0.06085526315789474
4 0.4555921052631579 0.48848684210526316 0.047697368421052634 0.05592105263157895
4 0.39144736842105265 0.5509868421052632 0.046052631578947366 0.05921052631578947
4 0.625 0.4917763157894737 0.04111842105263158 0.05098684210526316
4 0.48519736842105265 0.39473684210526316 0.03618421052631579 0.04111842105263158