4 0.5476973684210527 0.5418859649122808 0.04111842105263158 0.048001949317738844
4 0.5345394736842105 0.4628411306042885 0.04276315789473684 0.052948343079921904
4 0.537828947368421 0.39378654970760235 0.04111842105263158 0.051291423001949374
4 0.43914473684210525 0.3766081871345029 0.04276315789473684 0.05130360623781683
4 0.6398026315789473 0.37480506822612086 0.039473684210526314 0.046345029239766126
4 0.4276315789473684 0.5130360623781677 0.049342105263157895 0.05464181286549699
4 0.36348684210526316 0.5257188109161793 0.04276315789473684 0.0480141325536063
4 0.6546052631578947 0.42590155945419095 0.044407894736842105 0.05296052631578955
4 0.6447368421052632 0.5689205653021443 0.05263157894736842 0.054666179337231904
4 0.40625 0.4273513645224171 0.03782894736842105 0.04633284600389867
4 0.32401315789473684 0.5945053606237817 0.05592105263157895 0.049756335282651026
4 0.6151315789473685 0.6443591617933723 0.05592105263157895 0.05962475633528261
4 0.49835526315789475 0.6944809941520468 0.05098684210526316 0.06123294346978569