4 0.3358430799220273 0.5522295321637426 0.05428849902534114 0.057090643274853796
4 0.37796052631578947 0.4083333333333333 0.03754873294346975 0.04685672514619891
4 0.5140229044834307 0.48212719298245615 0.045967348927875365 0.053618421052631614
4 0.4244639376218324 0.56078216374269 0.05607943469785569 0.062061403508771956
4 0.5218810916179337 0.6057383040935672 0.05612816764132551 0.06370614035087722
4 0.507480506822612 0.5362938596491229 0.04940302144249499 0.058625730994151956
4 0.4475268031189083 0.39342105263157895 0.034161793372319574 0.04349415204678365
4 0.635562865497076 0.6016812865497075 0.054434697855750426 0.062024853801169774
4 0.34824561403508775 0.4669225146198831 0.04591861598440554 0.051973684210526165
4 0.43855994152046784 0.47386695906432746 0.04935428849902535 0.056980994152046695
4 0.5578703703703705 0.39093567251461986 0.04083820662768028 0.04692982456140346
4 0.6577363547758285 0.5198830409356724 0.05085282651072133 0.05208333333333346
4 0.6221978557504874 0.4417397660818714 0.045967348927875365 0.053618421052631614