4 0.4866106237816764 0.49527290448343075 0.049305555555555526 0.05462962962962972
4 0.612609649122807 0.4189205653021442 0.035806530214424835 0.043019005847953234
4 0.6841861598440545 0.559222709551657 0.05932017543859639 0.059636939571150065
4 0.4547636452241715 0.6413864522417153 0.06469298245614041 0.07447612085769979
4 0.6130360623781677 0.5998050682261208 0.057772904483430775 0.06291423001949313
4 0.5421296296296297 0.4266203703703703 0.04083820662768028 0.04634502923976594
4 0.6589181286549707 0.4833942495126706 0.05423976608187132 0.054666179337231904
4 0.56536306042885 0.48927875243664726 0.046016081871345184 0.05460526315789481
4 0.376011208576998 0.42538986354775826 0.04248294346978554 0.04635721247563358
4 0.3653996101364523 0.5667275828460039 0.06275584795321638 0.06459551656920076
4 0.4611476608187134 0.4128654970760234 0.040740740740740626 0.04305555555555551
4 0.34651559454191033 0.48436890838206625 0.04596734892787527 0.05296052631578955
4 0.4820053606237817 0.45084064327485374 0.044176413255360626 0.04801413255360611