4 0.39523635477582847 0.6134868421052632 0.04812378167641322 0.059332358674464035
4 0.33880360623781675 0.45839424951267055 0.04644249512670559 0.05433723196881096
4 0.5146564327485381 0.48300438596491224 0.04315302144249506 0.05421539961013659
4 0.4826388888888889 0.5854653996101364 0.04978070175438594 0.06103801169590639
4 0.5945053606237817 0.5863182261208577 0.04479775828460033 0.054276315789473686
4 0.3983065302144249 0.42111354775828463 0.04147173489278753 0.04922027290448333
4 0.34652777777777777 0.5261330409356726 0.053045808966861556 0.057870370370370426
4 0.542275828460039 0.5300925925925926 0.048111598440545765 0.057687621832358774
4 0.4404848927875244 0.5016447368421053 0.04974415204678357 0.0561038011695906
4 0.6787280701754386 0.5433723196881092 0.05136452241715411 0.05287524366471735
4 0.4972831384015595 0.38529483430799216 0.036513157894736914 0.045748050682261156
4 0.646369395711501 0.4697855750487329 0.04643031189083832 0.0526924951267057
4 0.5793494152046783 0.41136695906432746 0.03322368421052639 0.04562621832358678