4 0.48680555555555555 0.5123538011695906 0.048976608187134583 0.0582724171539961
4 0.5514254385964912 0.4900219298245614 0.04550438596491241 0.04999999999999996
4 0.5487573099415205 0.5360989278752437 0.050694444444444396 0.06158625730994154
4 0.395687134502924 0.5432992202729046 0.05237573099415203 0.06325536062378152
4 0.47236842105263155 0.42213693957115 0.03709795321637425 0.04165448343079927
4 0.6147660818713451 0.4512670565302144 0.04707602339181293 0.04673489278752435
4 0.6334795321637428 0.49702729044834304 0.05054824561403511 0.05500730994152049
4 0.44978070175438595 0.4767300194931774 0.04886695906432748 0.05333820662768032
4 0.49477339181286545 0.4497563352826511 0.03881578947368406 0.04496832358674471
4 0.4027777777777778 0.44618664717348927 0.04543128654970757 0.04671052631578944
4 0.5508406432748538 0.4423489278752437 0.04214181286549714 0.04666179337231961
4 0.5514985380116959 0.4127436647173489 0.03863304093567241 0.0367446393762183
4 0.32298976608187135 0.48518518518518516 0.052229532163742744 0.056676413255360665