4 0.47039473684210525 0.45723684210526316 0.044407894736842105 0.05263157894736842
4 0.6578947368421053 0.5394736842105263 0.049342105263157895 0.05098684210526316
4 0.4819078947368421 0.680921052631579 0.05098684210526316 0.05921052631578947
4 0.6085526315789473 0.4819078947368421 0.047697368421052634 0.054276315789473686
4 0.3832236842105263 0.6233552631578947 0.05263157894736842 0.05592105263157895
4 0.5213815789473685 0.45230263157894735 0.04276315789473684 0.05263157894736842
4 0.569078947368421 0.41118421052631576 0.03453947368421053 0.044407894736842105
4 0.506578947368421 0.5230263157894737 0.05098684210526316 0.05921052631578947
4 0.3223684210526316 0.5016447368421053 0.05098684210526316 0.05592105263157895
4 0.5230263157894737 0.3536184210526316 0.03125 0.04276315789473684
4 0.42598684210526316 0.37335526315789475 0.03618421052631579 0.046052631578947366
4 0.5805921052631579 0.618421052631579 0.047697368421052634 0.05263157894736842
4 0.34210526315789475 0.4407894736842105 0.04276315789473684 0.05263157894736842