4 0.5630238791423002 0.4648026315789474 0.04925682261208589 0.05404483430799221
4 0.37692495126705655 0.47853313840155937 0.044371345029239735 0.055543372319688
4 0.5951998050682261 0.43262670565302147 0.04427387914230028 0.05225389863547747
4 0.5312987329434699 0.4263036062378167 0.04422514619883045 0.050609161793372395
4 0.4997928849902534 0.49132553606237817 0.04770955165692009 0.057285575048732905
4 0.540692007797271 0.3865862573099415 0.040740740740740626 0.04393274853801169
4 0.38206627680311894 0.4159356725146199 0.04582115009746589 0.04901315789473686
4 0.4228679337231969 0.5363304093567252 0.05941764132553604 0.06420565302144254
4 0.44611354775828466 0.4173245614035088 0.042336744639376256 0.042336744639376256
4 0.6105141325536063 0.5258406432748538 0.05603070175438587 0.06081871345029237
4 0.47006578947368416 0.38539230019493176 0.0374512670565301 0.04383528265107214
4 0.451474171539961 0.45824805068226127 0.03929093567251466 0.050462962962963105
4 0.507943469785575 0.6044712475633528 0.06295077972709551 0.07252680311890831