4 0.6252680311890838 0.5650584795321637 0.05428849902534114 0.05748050682261221
4 0.41235380116959064 0.6394127680311892 0.06299951267056532 0.07417153996101358
4 0.4615375243664718 0.47954434697855747 0.047612085769980626 0.05399610136452238
4 0.5826632553606238 0.5028874269005849 0.045967348927875365 0.053947368421052556
4 0.3499147173489279 0.5799463937621833 0.05283869395711499 0.06401072124756343
4 0.5265716374269006 0.6181042884990253 0.06125730994152041 0.07083333333333323
4 0.486245126705653 0.5346003898635477 0.04935428849902535 0.05733430799220273
4 0.5211866471734893 0.4664961013645224 0.04262914230019501 0.05220516569200783
4 0.30828460038986355 0.48488060428849894 0.05419103313840149 0.05419103313840168
4 0.5745492202729046 0.44338450292397663 0.03585526315789466 0.04543128654970767
4 0.5281189083820663 0.399208089668616 0.03241959064327485 0.040399610136452234
4 0.4507188109161794 0.4002071150097466 0.03749999999999992 0.0454800194931774
4 0.3692007797270955 0.4290692007797271 0.04083820662768028 0.04722222222222222