4 0.4457236842105263 0.5345394736842105 0.05098684210526316 0.05756578947368421
4 0.4243421052631579 0.4769736842105263 0.044407894736842105 0.05263157894736842
4 0.6069078947368421 0.4753289473684211 0.046052631578947366 0.05263157894736842
4 0.37664473684210525 0.5230263157894737 0.049342105263157895 0.05592105263157895
4 0.42269736842105265 0.6085526315789473 0.05756578947368421 0.05921052631578947
4 0.48519736842105265 0.45230263157894735 0.044407894736842105 0.05263157894736842
4 0.5460526315789473 0.5509868421052632 0.049342105263157895 0.05592105263157895
4 0.6266447368421053 0.5674342105263158 0.054276315789473686 0.05756578947368421
4 0.5493421052631579 0.4128289473684211 0.04276315789473684 0.05263157894736842
4 0.5213815789473685 0.6200657894736842 0.05098684210526316 0.05592105263157895
4 0.3996710526315789 0.4161184210526316 0.04111842105263158 0.049342105263157895
4 0.5345394736842105 0.4934210526315789 0.04111842105263158 0.049342105263157895
4 0.48519736842105265 0.36348684210526316 0.04111842105263158 0.05098684210526316