4 0.5608552631578947 0.5608552631578947 0.047697368421052634 0.0625
4 0.47039473684210525 0.4769736842105263 0.046052631578947366 0.05098684210526316
4 0.6167763157894737 0.4457236842105263 0.03453947368421053 0.04111842105263158
4 0.65625 0.5427631578947368 0.06085526315789474 0.05921052631578947
4 0.3815789473684211 0.5674342105263158 0.0625 0.07072368421052631
4 0.39473684210526316 0.4292763157894737 0.03782894736842105 0.03782894736842105
4 0.6480263157894737 0.48848684210526316 0.05263157894736842 0.049342105263157895
4 0.5444078947368421 0.4819078947368421 0.039473684210526314 0.05098684210526316
4 0.33223684210526316 0.5082236842105263 0.05756578947368421 0.05921052631578947
4 0.5427631578947368 0.44243421052631576 0.03618421052631579 0.039473684210526314
4 0.3470394736842105 0.4605263157894737 0.04111842105263158 0.04276315789473684
4 0.48026315789473684 0.4506578947368421 0.04111842105263158 0.03782894736842105
4 0.4753289473684211 0.4276315789473684 0.03618421052631579 0.03453947368421053