4 0.6414473684210527 0.5460526315789473 0.05263157894736842 0.05592105263157895
4 0.4309210526315789 0.6266447368421053 0.06085526315789474 0.07236842105263158
4 0.4753289473684211 0.4654605263157895 0.046052631578947366 0.05263157894736842
4 0.5970394736842105 0.48519736842105265 0.044407894736842105 0.05263157894736842
4 0.3667763157894737 0.569078947368421 0.05098684210526316 0.0625
4 0.5444078947368421 0.6019736842105263 0.05921052631578947 0.06907894736842106
4 0.5016447368421053 0.5197368421052632 0.047697368421052634 0.05592105263157895
4 0.5345394736842105 0.4506578947368421 0.04111842105263158 0.05098684210526316
4 0.3223684210526316 0.4753289473684211 0.05263157894736842 0.05263157894736842
4 0.587171052631579 0.42598684210526316 0.03453947368421053 0.044407894736842105
4 0.5394736842105263 0.3832236842105263 0.03125 0.039473684210526314
4 0.4621710526315789 0.38651315789473684 0.03618421052631579 0.044407894736842105
4 0.3815789473684211 0.41776315789473684 0.039473684210526314 0.046052631578947366