4 0.5215155945419103 0.47917884990253407 0.04258040935672519 0.05056042884990257
4 0.47417153996101363 0.41320662768031186 0.03556286549707609 0.035562865497076
4 0.29584551656920083 0.4973684210526315 0.05583576998050675 0.054239766081871504
4 0.6482212475633528 0.41790935672514623 0.03894980506822626 0.038949805068226075
4 0.4161671539961014 0.42971491228070174 0.04054580896686161 0.03735380116959064
4 0.3592227095516569 0.465911306042885 0.04577241715399607 0.047368421052631504
4 0.6640350877192983 0.4388036062378168 0.04562621832358678 0.04243421052631571
4 0.4053728070175439 0.4612573099415205 0.04577241715399607 0.047368421052631504
4 0.4183114035087719 0.5791910331384016 0.07311159844054584 0.08268762183235866
4 0.5561159844054581 0.42063840155945426 0.03894980506822626 0.038949805068226075
4 0.6175804093567252 0.5091983430799221 0.04616228070175429 0.06052631578947361
4 0.5258284600389863 0.444541910331384 0.04393274853801169 0.04074074074074081
4 0.5823099415204679 0.5348927875243664 0.06778752436647183 0.06938352826510727