4 0.5697490253411306 0.3987938596491228 0.04093567251461992 0.05021929824561408
4 0.5545321637426901 0.49623538011695906 0.046016081871345 0.05526315789473688
4 0.6408625730994152 0.41038011695906434 0.04083820662768028 0.04692982456140346
4 0.65510477582846 0.5022295321637427 0.05603070175438587 0.060416666666666695
4 0.4853801169590643 0.38421052631578945 0.034161793372319574 0.04349415204678365
4 0.4979653996101365 0.4201388888888889 0.04093567251461992 0.05021929824561398
4 0.689278752436647 0.600219298245614 0.05583576998050694 0.053837719298245636
4 0.4076388888888889 0.371125730994152 0.03580653021442502 0.04353070175438602
4 0.45575048732943463 0.49513888888888896 0.045967348927875365 0.053618421052631426
4 0.33142056530214425 0.46498538011695906 0.050804093567251504 0.050438596491228005
4 0.40986842105263155 0.6130116959064328 0.05941764132553604 0.06377923976608195
4 0.5894858674463938 0.6205409356725147 0.057870370370370426 0.06703216374269011
4 0.34561403508771926 0.5551900584795322 0.06096491228070175 0.06052631578947361