4 0.47867933723196887 0.5037768031189084 0.03965643274853797 0.05046296296296292
4 0.6072733918128654 0.42708333333333337 0.032772904483430704 0.042044346978557495
4 0.4804459064327485 0.6401924951267056 0.05512914230019486 0.06899366471734905
4 0.6502192982456141 0.6107212475633529 0.05841861598440539 0.06909113060428833
4 0.7171052631578947 0.5535575048732944 0.05299707602339173 0.055787037037037114
4 0.33260233918128657 0.5076632553606237 0.05287524366471735 0.05249756335282659
4 0.545138888888889 0.435099902534113 0.039534600389863596 0.04717348927875258
4 0.38870614035087714 0.6029727095516569 0.05482456140350883 0.06076998050682273
4 0.5639010721247564 0.4980872319688109 0.04635721247563358 0.053947368421052556
4 0.6653265107212476 0.4863060428849902 0.04465155945419104 0.05225389863547747
4 0.36117202729044834 0.43622076023391815 0.04617446393762183 0.049013157894736765
4 0.4872076023391813 0.46788499025341135 0.046235380116959025 0.050657894736842034
4 0.4529117933723197 0.4290813840155946 0.04117933723196886 0.04722222222222222