4 0.510014619883041 0.4259502923976608 0.03384502923976609 0.04349415204678365
4 0.3882309941520468 0.5059210526315789 0.055592105263157915 0.060416666666666695
4 0.5588815789473685 0.4462353801169591 0.04554093567251458 0.051973684210526165
4 0.49265350877192976 0.3934576023391813 0.03212719298245609 0.04016812865497075
4 0.5202485380116959 0.4832602339181286 0.04393274853801169 0.05358187134502925
4 0.5661549707602338 0.41483918128654973 0.035380116959064435 0.038596491228070226
4 0.47459795321637427 0.5401681286549708 0.04568713450292406 0.058552631578947405
4 0.4241959064327486 0.4410087719298246 0.04550438596491241 0.05032894736842109
4 0.35157163742690056 0.4541301169590643 0.04883040935672511 0.052046783625730904
4 0.425 0.40482456140350875 0.04035087719298241 0.04035087719298241
4 0.5940058479532164 0.5671052631578948 0.055738304093567295 0.06699561403508775
4 0.6320540935672515 0.4824195906432749 0.052229532163742744 0.05705409356725143
4 0.4531432748538012 0.46995614035087724 0.04725877192982458 0.055299707602339244