4 0.45230263157894735 0.45394736842105265 0.04276315789473684 0.05263157894736842
4 0.4769736842105263 0.35855263157894735 0.03618421052631579 0.046052631578947366
4 0.5789473684210527 0.5953947368421053 0.05592105263157895 0.06414473684210527
4 0.3125 0.6414473684210527 0.06907894736842106 0.06578947368421052
4 0.6134868421052632 0.5180921052631579 0.044407894736842105 0.05098684210526316
4 0.5723684210526315 0.45723684210526316 0.039473684210526314 0.049342105263157895
4 0.6101973684210527 0.3963815789473684 0.04276315789473684 0.046052631578947366
4 0.3684210526315789 0.4342105263157895 0.039473684210526314 0.047697368421052634
4 0.6101973684210527 0.44243421052631576 0.04276315789473684 0.047697368421052634
4 0.4654605263157895 0.5098684210526315 0.046052631578947366 0.054276315789473686
4 0.30756578947368424 0.5707236842105263 0.054276315789473686 0.06085526315789474
4 0.3930921052631579 0.40625 0.044407894736842105 0.049342105263157895
4 0.4506578947368421 0.5970394736842105 0.06085526315789474 0.07072368421052631