4 0.5203947368421052 0.4963572124756335 0.03885233918128662 0.046613060428849974
4 0.33274853801169596 0.5001583820662768 0.05054824561403511 0.05500730994152049
4 0.5610745614035088 0.6647782651072125 0.055555555555555636 0.058369883040935565
4 0.43779239766081873 0.3635112085769981 0.04057017543859662 0.04992690058479532
4 0.3993055555555555 0.5406310916179337 0.04718567251461985 0.051669103313840135
4 0.4600511695906433 0.6205043859649123 0.053874269005848005 0.05670077972709539
4 0.6243786549707603 0.4074074074074074 0.04382309941520459 0.04833089668615979
4 0.5100146198830409 0.3711622807017544 0.04057017543859662 0.04992690058479532
4 0.6366959064327485 0.5935063352826511 0.052192982456140374 0.055031676413255404
4 0.3823099415204679 0.41698343079922023 0.04214181286549714 0.0466617933723197
4 0.6553728070175439 0.4934210526315789 0.053837719298245636 0.05505604288499031
4 0.4570540935672515 0.459222709551657 0.04057017543859662 0.04992690058479541
4 0.4847222222222222 0.546832358674464 0.04049707602339188 0.04663742690058489