4 0.5489766081871345 0.49367690058479535 0.04890350877192985 0.05498294346978558
4 0.34480994152046784 0.4868299220272904 0.05054824561403511 0.05500730994152049
4 0.40654239766081873 0.5254020467836258 0.04711257309941521 0.04837962962962961
4 0.48406432748538014 0.6081627680311891 0.04890350877192985 0.05498294346978558
4 0.581030701754386 0.6774731968810916 0.052192982456140374 0.055031676413255216
4 0.44521198830409353 0.34055799220272903 0.04228801169590643 0.053240740740740665
4 0.5308479532163743 0.34422514619883043 0.03724415204678353 0.04823343079922032
4 0.6422880116959064 0.39851364522417154 0.04557748538011695 0.05328947368421049
4 0.5068347953216374 0.522270955165692 0.03717105263157899 0.0449439571150098
4 0.48373538011695905 0.44528508771929826 0.04554093567251458 0.05164473684210522
4 0.3955043859649123 0.39887914230019494 0.04389619883040932 0.051620370370370317
4 0.6814692982456141 0.4588084795321637 0.05387426900584782 0.05670077972709539
4 0.6743055555555555 0.5806652046783626 0.05888157894736835 0.06006335282651065