4 0.555921052631579 0.46381578947368424 0.03618421052631579 0.046052631578947366
4 0.36348684210526316 0.46381578947368424 0.03782894736842105 0.047697368421052634
4 0.5115131578947368 0.3848684210526316 0.027960526315789474 0.03618421052631579
4 0.4654605263157895 0.37993421052631576 0.03453947368421053 0.039473684210526314
4 0.5361842105263158 0.625 0.05263157894736842 0.06907894736842106
4 0.4342105263157895 0.42105263157894735 0.03289473684210526 0.04111842105263158
4 0.3881578947368421 0.5131578947368421 0.05263157894736842 0.05756578947368421
4 0.6200657894736842 0.43585526315789475 0.04111842105263158 0.046052631578947366
4 0.46875 0.569078947368421 0.05756578947368421 0.06578947368421052
4 0.4786184210526316 0.524671052631579 0.05098684210526316 0.049342105263157895
4 0.48848684210526316 0.44901315789473684 0.04276315789473684 0.049342105263157895
4 0.7105263157894737 0.5444078947368421 0.05921052631578947 0.05921052631578947
4 0.65625 0.4588815789473684 0.044407894736842105 0.047697368421052634