4 0.35730994152046786 0.4544590643274854 0.04217836257309942 0.04861111111111109
4 0.5471125730994152 0.4798611111111112 0.04894005847953222 0.056980994152046695
4 0.45 0.5527777777777777 0.047368421052631504 0.060233918128655035
4 0.5422514619883041 0.6313596491228071 0.05752923976608203 0.07361111111111117
4 0.40073099415204677 0.48311403508771933 0.04886695906432748 0.053691520467836165
4 0.49638157894736845 0.4925073099415205 0.04389619883040932 0.05193713450292398
4 0.48395467836257305 0.37759502923976607 0.033771929824561356 0.04020467836257312
4 0.5548976608187134 0.38589181286549706 0.03209064327485391 0.03852339181286549
4 0.6657529239766081 0.5611476608187135 0.06399853801169597 0.06882309941520466
4 0.6545687134502923 0.42810672514619885 0.04543128654970767 0.04703947368421056
4 0.42697368421052634 0.40519005847953216 0.033808479532163725 0.041849415204678386
4 0.6867690058479532 0.47017543859649125 0.052192982456140374 0.055409356725146165
4 0.49192251461988296 0.43994883040935673 0.04385964912280714 0.05029239766081872