4 0.5223440545808967 0.4901315789473684 0.036915204678362595 0.049342105263157895
4 0.34345760233918127 0.46381578947368424 0.046832358674463906 0.05263157894736842
4 0.5281067251461988 0.65625 0.058516081871345035 0.06414473684210527
4 0.39707602339181286 0.5082236842105263 0.041849415204678386 0.049342105263157895
4 0.4336379142300195 0.59375 0.05186403508771925 0.05921052631578947
4 0.4732334307992203 0.36348684210526316 0.03851120857699803 0.046052631578947366
4 0.5371101364522417 0.3815789473684211 0.04182504873294347 0.047697368421052634
4 0.47406189083820666 0.5296052631578947 0.04022904483430803 0.05098684210526316
4 0.6193469785575049 0.6036184210526315 0.056871345029239774 0.06414473684210527
4 0.6449805068226121 0.4276315789473684 0.04180068226120856 0.046052631578947366
4 0.4687256335282651 0.4457236842105263 0.03522173489278751 0.046052631578947366
4 0.6618542884990253 0.5098684210526315 0.053435672514619774 0.054276315789473686
4 0.4101730019493178 0.40131578947368424 0.043469785575048735 0.047697368421052634