4 0.5400828460038987 0.5733187134502924 0.05001218323586742 0.06355994152046775
4 0.452729044834308 0.4874269005847953 0.04794103313840157 0.05201023391812872
4 0.6002680311890838 0.4594298245614036 0.036062378167641226 0.04188596491228075
4 0.6361476608187134 0.5573464912280702 0.06304824561403514 0.06056286549707598
4 0.36056286549707606 0.5759137426900585 0.06511939571150101 0.07211257309941518
4 0.3788377192982456 0.43804824561403516 0.03923001949317738 0.038669590643274965
4 0.6299342105263158 0.5028874269005847 0.05445906432748534 0.050511695906432744
4 0.5265594541910331 0.4940058479532164 0.04136208576998052 0.05186403508771925
4 0.31341374269005845 0.5156067251461989 0.05975877192982462 0.06048976608187143
4 0.5263767056530215 0.45449561403508776 0.0376461988304094 0.04027777777777767
4 0.3299829434697856 0.4682383040935672 0.04270224171539956 0.0436769005847953
4 0.4635721247563353 0.46133040935672515 0.04251949317738791 0.03874269005847951
4 0.45949074074074064 0.43819444444444444 0.03746345029239775 0.035343567251462066