4 0.5074195906432749 0.6226242690058479 0.05734649122807019 0.06497319688109153
4 0.5150950292397661 0.4497563352826511 0.03556286549707609 0.04656432748538015
4 0.5601242690058479 0.5510964912280701 0.048940058479532034 0.05662768031189084
4 0.4294590643274853 0.37205165692007797 0.03384502923976609 0.04325048732943471
4 0.46520467836257307 0.4998538011695907 0.04057017543859662 0.04992690058479541
4 0.3322733918128655 0.514985380116959 0.057163742690058535 0.056749512670565216
4 0.3944809941520468 0.5749390838206627 0.052229532163742744 0.056676413255360665
4 0.5684210526315789 0.4802266081871345 0.04053362573099406 0.04828216374269015
4 0.6380116959064328 0.5022295321637427 0.052229532163742556 0.056676413255360665
4 0.3620979532163743 0.4503776803118908 0.04886695906432748 0.05333820662768032
4 0.6677631578947368 0.43433235867446396 0.04722222222222222 0.053313840155945404
4 0.6042032163742691 0.38756091617933724 0.04053362573099406 0.04828216374269006
4 0.5181286549707602 0.3641569200779727 0.0388888888888888 0.048257797270955236