4 0.4489400584795321 0.46064814814814814 0.04315302144249506 0.05326510721247558
4 0.47431773879142297 0.3656189083820663 0.03652534113060418 0.04658869395711506
4 0.5745370370370371 0.6039717348927875 0.05639619883040936 0.06497319688109153
4 0.30774853801169594 0.6460769980506822 0.06956627680311893 0.06681286549707609
4 0.6096491228070174 0.5271807992202728 0.04478557504873306 0.05164473684210541
4 0.5689814814814814 0.46571637426900586 0.039839181286549626 0.04992690058479541
4 0.6072612085769981 0.40542153996101365 0.04310428849902542 0.046686159844054526
4 0.3652046783625731 0.4396686159844055 0.03982699805068226 0.04828216374269015
4 0.6069200779727095 0.451474171539961 0.04311647173489288 0.04833089668615979
4 0.46168372319688106 0.5167641325536062 0.04645467836257305 0.054958576998050665
4 0.3033382066276803 0.5752802144249514 0.05472709551656919 0.06165935672514609
4 0.39008284600389864 0.4120735867446394 0.04477339181286551 0.05000000000000006
4 0.4462353801169591 0.6037158869395711 0.06137914230019479 0.07162524366471731