4 0.5296052631578947 0.4901315789473684 0.03618421052631579 0.049342105263157895
4 0.3503289473684211 0.46381578947368424 0.046052631578947366 0.05263157894736842
4 0.537828947368421 0.65625 0.05756578947368421 0.06414473684210527
4 0.40460526315789475 0.5082236842105263 0.04111842105263158 0.049342105263157895
4 0.44243421052631576 0.59375 0.05098684210526316 0.05921052631578947
4 0.4786184210526316 0.36348684210526316 0.03782894736842105 0.046052631578947366
4 0.5427631578947368 0.3815789473684211 0.04111842105263158 0.047697368421052634
4 0.4819078947368421 0.5296052631578947 0.039473684210526314 0.05098684210526316
4 0.6282894736842105 0.6036184210526315 0.05592105263157895 0.06414473684210527
4 0.6513157894736842 0.4276315789473684 0.04111842105263158 0.046052631578947366
4 0.4753289473684211 0.4457236842105263 0.03453947368421053 0.046052631578947366
4 0.6694078947368421 0.5098684210526315 0.05263157894736842 0.054276315789473686
4 0.4161184210526316 0.40131578947368424 0.04276315789473684 0.047697368421052634