4 0.5476973684210527 0.537828947368421 0.04111842105263158 0.047697368421052634
4 0.5345394736842105 0.4588815789473684 0.04276315789473684 0.05263157894736842
4 0.537828947368421 0.38980263157894735 0.04111842105263158 0.05098684210526316
4 0.43914473684210525 0.37335526315789475 0.04276315789473684 0.05098684210526316
4 0.6398026315789473 0.37006578947368424 0.039473684210526314 0.046052631578947366
4 0.4276315789473684 0.5098684210526315 0.049342105263157895 0.054276315789473686
4 0.36348684210526316 0.5230263157894737 0.04276315789473684 0.047697368421052634
4 0.6546052631578947 0.42105263157894735 0.044407894736842105 0.05263157894736842
4 0.6447368421052632 0.5641447368421053 0.05263157894736842 0.054276315789473686
4 0.40625 0.4243421052631579 0.03782894736842105 0.046052631578947366
4 0.32401315789473684 0.5921052631578947 0.05592105263157895 0.049342105263157895
4 0.6151315789473685 0.6398026315789473 0.05592105263157895 0.05921052631578947
4 0.49835526315789475 0.6907894736842105 0.05098684210526316 0.06085526315789474