4 0.5082236842105263 0.5319444444444444 0.046052631578947366 0.056603313840155926
4 0.5641447368421053 0.5903265107212475 0.05098684210526316 0.05996588693957119
4 0.43914473684210525 0.514875730994152 0.049342105263157895 0.05665204678362575
4 0.4457236842105263 0.5723440545808967 0.049342105263157895 0.06158625730994154
4 0.5822368421052632 0.48150584795321644 0.04111842105263158 0.05324074074074085
4 0.5542763157894737 0.41448586744639376 0.03782894736842105 0.048257797270955236
4 0.625 0.5335038986354776 0.047697368421052634 0.0582724171539961
4 0.3815789473684211 0.41375487329434696 0.03782894736842105 0.04496832358674471
4 0.35526315789473684 0.4947368421052632 0.05098684210526316 0.056676413255360665
4 0.4605263157894737 0.46192738791423 0.03618421052631579 0.04987816764132559
4 0.5263157894736842 0.45766325536062374 0.04276315789473684 0.053265107212475765
4 0.46875 0.40752923976608185 0.03618421052631579 0.04823343079922032
4 0.6348684210526315 0.4478313840155945 0.039473684210526314 0.04828216374269015