4 0.4814327485380117 0.5358187134502924 0.04393274853801169 0.05294834307992209
4 0.2930921052631579 0.501035575048733 0.057200292397660904 0.05798001949317735
4 0.4255482456140351 0.46058723196881096 0.04221491228070169 0.04964668615984411
4 0.4917397660818713 0.3680068226120858 0.0388888888888888 0.04797758284600393
4 0.6727704678362574 0.4357334307992203 0.04725877192982458 0.054617446393762266
4 0.44495614035087716 0.4012426900584795 0.04389619883040932 0.05130360623781673
4 0.5339181286549707 0.46800682261208576 0.04725877192982458 0.05461744639376208
4 0.6565058479532164 0.5016325536062378 0.052229532163742744 0.0562987329434699
4 0.3559576023391813 0.6321271929824561 0.06063596491228072 0.06458333333333331
4 0.37313596491228074 0.4511086744639376 0.04722222222222222 0.05297270955165682
4 0.5828947368421052 0.41008771929824556 0.037207602339181356 0.046320662768031214
4 0.5797149122807018 0.6271807992202729 0.055555555555555636 0.05796783625731008
4 0.48530701754385963 0.6574805068226122 0.05734649122807019 0.0645589668615984