4 0.4292763157894737 0.6362938596491228 0.05098684210526316 0.058321150097465926
4 0.5296052631578947 0.4683723196881092 0.04111842105263158 0.054885477582846114
4 0.5032894736842105 0.5896929824561403 0.049342105263157895 0.059941520467836094
4 0.3092105263157895 0.4815545808966862 0.044407894736842105 0.05164473684210522
4 0.6151315789473685 0.5568104288499025 0.04276315789473684 0.049975633528265236
4 0.6957236842105263 0.5103070175438597 0.046052631578947366 0.050024366471734874
4 0.5411184210526315 0.5080165692007798 0.044407894736842105 0.05328947368421049
4 0.36348684210526316 0.42150341130604285 0.039473684210526314 0.04663742690058489
4 0.4753289473684211 0.37217348927875243 0.039473684210526314 0.04828216374269006
4 0.34375 0.5527899610136453 0.047697368421052634 0.05004873294346979
4 0.537828947368421 0.3763888888888889 0.03782894736842105 0.048257797270955236
4 0.45230263157894735 0.4984770955165692 0.05263157894736842 0.0599902534113061
4 0.6365131578947368 0.4222587719298246 0.044407894736842105 0.04999999999999996