4 0.5116349902534113 0.5353435672514619 0.05612816764132551 0.06410818713450289
4 0.39432261208576996 0.5568957115009747 0.06115984405458086 0.06754385964912271
4 0.41416910331384016 0.4971491228070175 0.05104775828460034 0.05902777777777782
4 0.3471247563352826 0.48598927875243664 0.047660818713450265 0.055640838206627644
4 0.43067738791423 0.43914473684210525 0.044176413255360626 0.04896442495126713
4 0.48708576998050684 0.4210404483430799 0.03914473684210519 0.045528752436647134
4 0.4802997076023392 0.4836866471734892 0.046016081871345 0.05559210526315782
4 0.5854166666666667 0.48550194931773877 0.04935428849902535 0.05733430799220273
4 0.36334064327485377 0.43785331384015597 0.047514619883040975 0.05070662768031185
4 0.6344785575048734 0.43803606237816767 0.04586988304093571 0.050657894736842034
4 0.44156920077972717 0.40431286549707607 0.03894980506822626 0.038949805068226075
4 0.5223927875243666 0.44957358674463943 0.04591861598440554 0.052302631578947295
4 0.5518153021442496 0.3994030214424951 0.03909600389863555 0.04388401559454196