4 0.5197368421052632 0.4375 0.03289473684210526 0.04276315789473684
4 0.3996710526315789 0.5148026315789473 0.054276315789473686 0.05921052631578947
4 0.569078947368421 0.4588815789473684 0.044407894736842105 0.05098684210526316
4 0.5016447368421053 0.40460526315789475 0.03125 0.039473684210526314
4 0.53125 0.49506578947368424 0.04276315789473684 0.05263157894736842
4 0.5756578947368421 0.4276315789473684 0.03453947368421053 0.03782894736842105
4 0.4868421052631579 0.5509868421052632 0.044407894736842105 0.05756578947368421
4 0.4342105263157895 0.4506578947368421 0.044407894736842105 0.049342105263157895
4 0.3618421052631579 0.4621710526315789 0.047697368421052634 0.05098684210526316
4 0.4342105263157895 0.4144736842105263 0.039473684210526314 0.039473684210526314
4 0.6069078947368421 0.5805921052631579 0.054276315789473686 0.06578947368421052
4 0.6430921052631579 0.4967105263157895 0.05098684210526316 0.05592105263157895
4 0.46381578947368424 0.48026315789473684 0.046052631578947366 0.054276315789473686