4 0.4125243664717349 0.5777777777777778 0.06006335282651074 0.06871345029239774
4 0.5024975633528266 0.5666301169590643 0.044895224171539974 0.058516081871345035
4 0.6153143274853801 0.5510599415204679 0.05817495126705664 0.06209795321637414
4 0.342166179337232 0.4529605263157894 0.04117933723196877 0.04692982456140346
4 0.5495857699805068 0.4625000000000001 0.03959551656920088 0.04853801169590654
4 0.713511208576998 0.5400950292397662 0.05646929824561391 0.060416666666666695
4 0.5648757309941521 0.5203581871345029 0.049829434697855765 0.058625730994151956
4 0.37506091617933723 0.49806286549707596 0.05135233918128656 0.05537280701754398
4 0.4713084795321637 0.4788377192982456 0.03795077972709562 0.04850146198830398
4 0.6625852826510721 0.45186403508771933 0.044407894736842105 0.04535818713450293
4 0.41045321637426896 0.43311403508771934 0.03929093567251466 0.040314327485380226
4 0.5214424951267057 0.4125730994152047 0.02930068226120852 0.036805555555555584
4 0.5891203703703703 0.42065058479532164 0.031006335282651065 0.038486842105263215