4 0.5832602339181288 0.4575414230019494 0.0475633528265108 0.05269249512670551
4 0.5547027290448343 0.3828581871345029 0.03566033138401574 0.03910818713450291
4 0.48400341130604285 0.4974415204678363 0.04935428849902535 0.057687621832358774
4 0.37679093567251465 0.43555068226120863 0.037402534113060465 0.042458576998050626
4 0.47391569200779726 0.6015472709551657 0.07136939571150093 0.07986111111111127
4 0.46323099415204677 0.4076510721247563 0.03406432748538011 0.04069200779727099
4 0.6942982456140351 0.5374025341130605 0.05932017543859639 0.06134259259259261
4 0.5115497076023392 0.3712841130604289 0.03396686159844065 0.037402534113060465
4 0.4391203703703703 0.5386208576998052 0.06115984405458095 0.06798245614035076
4 0.3894249512670565 0.47295321637426896 0.05254629629629623 0.05451998050682262
4 0.6500121832358674 0.43201754385964913 0.044078947368420975 0.04599171539961009
4 0.5133040935672514 0.43049463937621835 0.035806530214424835 0.0440423976608188
4 0.7004751461988304 0.4680190058479532 0.05419103313840168 0.0545808966861599