4 0.5168737816764132 0.5263157894736842 0.04518762183235855 0.05263157894736842
4 0.30735867446393766 0.569078947368421 0.06006335282651065 0.05756578947368421
4 0.43663499025341135 0.39144736842105265 0.03185916179337243 0.04111842105263158
4 0.454093567251462 0.65625 0.05358187134502925 0.06414473684210527
4 0.6207724171539961 0.3963815789473684 0.03517300194931768 0.04276315789473684
4 0.42370857699805076 0.4868421052631579 0.04521198830409346 0.054276315789473686
4 0.3627071150097466 0.4967105263157895 0.04516325536062382 0.05098684210526316
4 0.6413986354775828 0.4473684210526316 0.046807992202728896 0.05098684210526316
4 0.5877802144249512 0.625 0.060233918128655035 0.06907894736842106
4 0.4097100389863548 0.43256578947368424 0.04516325536062373 0.05098684210526316
4 0.5368421052631579 0.3996710526315789 0.04015594541910348 0.046052631578947366
4 0.52614522417154 0.4555921052631579 0.04187378167641311 0.05098684210526316
4 0.6462719298245614 0.5625 0.05682261208576995 0.06085526315789474