4 0.47039473684210525 0.44678362573099417 0.044407894736842105 0.053618421052631614
4 0.6578947368421053 0.5248538011695906 0.049342105263157895 0.05208333333333346
4 0.4819078947368421 0.6702119883040936 0.05098684210526316 0.060343567251461956
4 0.6085526315789473 0.4683845029239767 0.047697368421052634 0.055336257309941426
4 0.3832236842105263 0.6148391812865497 0.05263157894736842 0.05709064327485398
4 0.5213815789473685 0.4407163742690059 0.04276315789473684 0.05358187134502925
4 0.569078947368421 0.3985380116959064 0.03453947368421053 0.04517543859649118
4 0.506578947368421 0.5117690058479533 0.05098684210526316 0.060343567251461956
4 0.3223684210526316 0.49448099415204677 0.05098684210526316 0.05705409356725143
4 0.5230263157894737 0.3419956140350877 0.03125 0.04345760233918128
4 0.42598684210526316 0.3638888888888889 0.03618421052631579 0.04685672514619882
4 0.5805921052631579 0.6055190058479533 0.047697368421052634 0.053691520467836165
4 0.34210526315789475 0.433187134502924 0.04276315789473684 0.05358187134502925