4 0.32189327485380115 0.4921052631578948 0.055482456140350904 0.055080409356725035
4 0.6005482456140351 0.5932748538011696 0.058954678362573086 0.06335282651072117
4 0.5281432748538011 0.5186647173489279 0.0423245614035088 0.054885477582846114
4 0.5470029239766082 0.6269736842105263 0.052412280701754396 0.06490009746588699
4 0.5300804093567252 0.38372319688109163 0.03384502923976609 0.04325048732943471
4 0.38278508771929826 0.6409234892787524 0.054057017543859665 0.0649244639376217
4 0.45983187134502923 0.40615253411306046 0.04221491228070169 0.049951267056530135
4 0.3901315789473684 0.4532529239766082 0.04722222222222222 0.053313840155945404
4 0.431359649122807 0.45757797270955164 0.04890350877192985 0.05498294346978558
4 0.7156067251461988 0.4402046783625731 0.053764619883040904 0.05176656920077979
4 0.558187134502924 0.4639254385964912 0.04725877192982458 0.054958576998050665
4 0.6098684210526315 0.42038255360623783 0.04214181286549714 0.04666179337231961
4 0.7116959064327485 0.4863304093567251 0.04718567251461985 0.051669103313840135