4 0.4553971734892788 0.4567982456140351 0.04808723196881085 0.05404483430799221
4 0.49870857699805066 0.6035087719298244 0.05975877192982462 0.07576754385964903
4 0.6462841130604288 0.43798732943469787 0.04807504873294358 0.05240009746588694
4 0.6254142300194931 0.5915326510721247 0.0663620857699804 0.07925194931773885
4 0.529203216374269 0.48256578947368417 0.04149610136452253 0.05220516569200764
4 0.33958333333333335 0.5523148148148148 0.06463206627680314 0.06769005847953218
4 0.6490375243664717 0.5102582846003898 0.05801656920077971 0.0625609161793371
4 0.4279970760233918 0.38196881091617935 0.03483187134502928 0.04049707602339188
4 0.5756700779727095 0.4252802144249513 0.03486842105263165 0.04543128654970767
4 0.4917275828460039 0.43598927875243665 0.03817007797270945 0.047173489278752395
4 0.352046783625731 0.42368421052631583 0.04476120857699805 0.049013157894736765
4 0.5002558479532164 0.39462719298245613 0.03647660818713455 0.04054580896686161
4 0.3169590643274854 0.49872076023391815 0.05801656920077971 0.06256091617933728