4 0.5542763157894737 0.5131578947368421 0.044407894736842105 0.05756578947368421
4 0.625 0.5098684210526315 0.05098684210526316 0.05592105263157895
4 0.5131578947368421 0.43256578947368424 0.03453947368421053 0.044407894736842105
4 0.4819078947368421 0.5016447368421053 0.03782894736842105 0.05098684210526316
4 0.5707236842105263 0.4720394736842105 0.044407894736842105 0.046052631578947366
4 0.42105263157894735 0.4407894736842105 0.04276315789473684 0.046052631578947366
4 0.5657894736842105 0.42105263157894735 0.03453947368421053 0.04276315789473684
4 0.625 0.4506578947368421 0.04111842105263158 0.044407894736842105
4 0.39473684210526316 0.4934210526315789 0.04111842105263158 0.05098684210526316
4 0.5197368421052632 0.5838815789473685 0.05098684210526316 0.06578947368421052
4 0.4769736842105263 0.40625 0.03125 0.03782894736842105
4 0.48026315789473684 0.4555921052631579 0.04276315789473684 0.044407894736842105
4 0.37664473684210525 0.5723684210526315 0.054276315789473686 0.06085526315789474