4 0.6386817738791424 0.5195053606237817 0.044809941520467966 0.05460526315789481
4 0.4442616959064327 0.47201510721247564 0.04640594541910341 0.048038499025341026
4 0.41740984405458087 0.621479044834308 0.06145224171539952 0.0810428849902534
4 0.6153386939571149 0.4765716374269006 0.04640594541910341 0.048038499025341026
4 0.5287280701754385 0.5515838206627679 0.04816033138401559 0.06285331384015604
4 0.3594907407407407 0.5733552631578948 0.06961500974658866 0.07288011695906436
4 0.41429093567251457 0.4224537037037037 0.03315058479532165 0.034783138401559464
4 0.4905092592592592 0.4986720272904484 0.04148391812865489 0.04964668615984411
4 0.5458333333333334 0.41849415204678364 0.03477095516569201 0.03150584795321639
4 0.5706749512670565 0.44170321637426896 0.03976608187134489 0.039766081871345074
4 0.3489278752436647 0.47953216374269003 0.04476120857699805 0.04802631578947376
4 0.5493908382066277 0.45470272904483433 0.0397904483430798 0.043055555555555416
4 0.3553362573099415 0.45655458089668616 0.04306773879142306 0.04143518518518506