4 0.5361842105263158 0.49506578947368424 0.04111842105263158 0.049342105263157895
4 0.4868421052631579 0.4276315789473684 0.03453947368421053 0.03453947368421053
4 0.31085526315789475 0.506578947368421 0.054276315789473686 0.05263157894736842
4 0.6611842105263158 0.4375 0.03782894736842105 0.03782894736842105
4 0.4292763157894737 0.44243421052631576 0.039473684210526314 0.03618421052631579
4 0.37335526315789475 0.4769736842105263 0.044407894736842105 0.046052631578947366
4 0.6776315789473685 0.4588815789473684 0.044407894736842105 0.04111842105263158
4 0.4194078947368421 0.47368421052631576 0.044407894736842105 0.046052631578947366
4 0.43585526315789475 0.5921052631578947 0.07072368421052631 0.0805921052631579
4 0.569078947368421 0.4375 0.03782894736842105 0.03782894736842105
4 0.6332236842105263 0.5279605263157895 0.044407894736842105 0.05921052631578947
4 0.5394736842105263 0.4605263157894737 0.04276315789473684 0.039473684210526314
4 0.5986842105263158 0.5526315789473685 0.06578947368421052 0.06743421052631579