4 0.53125 0.48848684210526316 0.03782894736842105 0.046052631578947366
4 0.34375 0.49506578947368424 0.049342105263157895 0.054276315789473686
4 0.5756578947368421 0.65625 0.054276315789473686 0.05756578947368421
4 0.4457236842105263 0.3569078947368421 0.039473684210526314 0.049342105263157895
4 0.41118421052631576 0.5345394736842105 0.046052631578947366 0.05098684210526316
4 0.47368421052631576 0.6134868421052632 0.05263157894736842 0.05592105263157895
4 0.6332236842105263 0.3980263157894737 0.04276315789473684 0.047697368421052634
4 0.5180921052631579 0.36348684210526316 0.039473684210526314 0.049342105263157895
4 0.649671052631579 0.5838815789473685 0.05098684210526316 0.054276315789473686
4 0.39144736842105265 0.41118421052631576 0.04111842105263158 0.046052631578947366
4 0.6661184210526315 0.48355263157894735 0.05263157894736842 0.054276315789473686
4 0.46710526315789475 0.45230263157894735 0.039473684210526314 0.049342105263157895
4 0.4967105263157895 0.5394736842105263 0.039473684210526314 0.046052631578947366