4 0.5040326510721248 0.5238791423001949 0.03855994152046786 0.05074317738791422
4 0.5731237816764133 0.4145346003898636 0.03183479532163752 0.04063109161793371
4 0.34131335282651076 0.6215277777777778 0.06521686159844046 0.07474415204678346
4 0.36408382066276807 0.5285696881091618 0.05348440545808969 0.05951510721247569
4 0.49719785575048736 0.6519858674463938 0.05532407407407416 0.07273391812865489
4 0.408406432748538 0.42489035087719296 0.04008284600389865 0.04258040935672519
4 0.6251949317738791 0.45431286549707595 0.04182504873294347 0.04922027290448333
4 0.45321637426900585 0.5104775828460039 0.050170565302144164 0.05774853801169586
4 0.4045565302144249 0.46259746588693956 0.04349415204678365 0.05092592592592606
4 0.6411671539961014 0.5980750487329436 0.05350877192982451 0.06115984405458095
4 0.6683114035087719 0.5431286549707602 0.0517665692007796 0.05451998050682262
4 0.4990375243664717 0.4167275828460039 0.03679337231968822 0.042458576998050626
4 0.5064814814814815 0.46966374269005845 0.040180311890838205 0.04915935672514624