4 0.5153265107212476 0.47798489278752443 0.047514619883040975 0.049683235867446295
4 0.3341008771929824 0.5451023391812866 0.05414230019493176 0.05137670565302138
4 0.38372319688109163 0.36878654970760233 0.039242202729044835 0.04797758284600393
4 0.608077485380117 0.6220029239766083 0.05419103313840149 0.05302144249512664
4 0.4158503898635478 0.5609405458089669 0.05254629629629632 0.053009259259259374
4 0.5004142300194931 0.5372928849902534 0.04920808966861606 0.0513401559454192
4 0.581384015594542 0.35745614035087714 0.0443226120857701 0.05294834307992209
4 0.458077485380117 0.3567251461988304 0.037597465886939574 0.04796539961013648
4 0.4402046783625731 0.46045321637426895 0.049305555555555526 0.05462962962962972
4 0.3502314814814815 0.4446759259259259 0.04591861598440544 0.05131578947368429
4 0.651827485380117 0.5328825536062378 0.047368421052631504 0.044749025341130504
4 0.5030579922027291 0.6145589668615984 0.05254629629629623 0.053009259259259374
4 0.6399975633528264 0.4326632553606238 0.05099902534113061 0.05628654970760244