4 0.5168737816764132 0.5224293372319688 0.04518762183235855 0.05296052631578955
4 0.30735867446393766 0.5667397660818714 0.06006335282651065 0.05800438596491225
4 0.43663499025341135 0.3881700779727096 0.03185916179337243 0.04134990253411306
4 0.454093567251462 0.6528143274853802 0.05358187134502925 0.06453460038986349
4 0.6207724171539961 0.39173976608187133 0.03517300194931768 0.043019005847953234
4 0.42370857699805076 0.483650097465887 0.04521198830409346 0.05460526315789481
4 0.3627071150097466 0.4939692982456141 0.04516325536062382 0.05131578947368429
4 0.6413986354775828 0.4425682261208577 0.046807992202728896 0.051327972709551556
4 0.5877802144249512 0.620577485380117 0.060233918128655035 0.0695175438596491
4 0.4097100389863548 0.42948343079922024 0.04516325536062373 0.05131578947368429
4 0.5368421052631579 0.3956505847953216 0.04015594541910348 0.046345029239766126
4 0.52614522417154 0.4516447368421053 0.04187378167641311 0.051291423001949374
4 0.6462719298245614 0.5576510721247564 0.05682261208576995 0.06126949317738787