4 0.40625 0.5740131578947368 0.05592105263157895 0.06085526315789474
4 0.5098684210526315 0.5674342105263158 0.05098684210526316 0.06414473684210527
4 0.5032894736842105 0.44243421052631576 0.039473684210526314 0.047697368421052634
4 0.29769736842105265 0.4506578947368421 0.04276315789473684 0.046052631578947366
4 0.6167763157894737 0.53125 0.05263157894736842 0.06085526315789474
4 0.36019736842105265 0.4967105263157895 0.047697368421052634 0.05263157894736842
4 0.569078947368421 0.5115131578947368 0.047697368421052634 0.05921052631578947
4 0.45394736842105265 0.4720394736842105 0.04111842105263158 0.05098684210526316
4 0.34539473684210525 0.42598684210526316 0.04276315789473684 0.047697368421052634
4 0.6891447368421053 0.5098684210526315 0.049342105263157895 0.05756578947368421
4 0.4868421052631579 0.39473684210526316 0.03453947368421053 0.04276315789473684
4 0.5296052631578947 0.3930921052631579 0.03125 0.039473684210526314
4 0.631578947368421 0.40789473684210525 0.03453947368421053 0.04111842105263158