4 0.42941033138401563 0.4819078947368421 0.04093567251461992 0.050511695906432744
4 0.6068104288499026 0.4289961013645224 0.04069200779727099 0.04228801169590643
4 0.5429580896686159 0.4210282651072125 0.03237085769980521 0.038754873294346966
4 0.518421052631579 0.4726973684210526 0.04591861598440554 0.052302631578947295
4 0.5967227095516568 0.5476120857699804 0.05961257309941534 0.07078460038986341
4 0.3986111111111111 0.4121588693957115 0.033966861598440555 0.03715886939571153
4 0.6121710526315789 0.4699195906432749 0.05423976608187132 0.05583576998050675
4 0.3834917153996102 0.5342105263157894 0.061062378167641304 0.06425438596491218
4 0.6956505847953217 0.5364644249512671 0.06764132553606235 0.06444931773879148
4 0.4587841130604289 0.4333820662768031 0.04069200779727099 0.04228801169590643
4 0.2967227095516569 0.4677631578947368 0.05240009746588694 0.04920808966861606
4 0.45109649122807016 0.41553362573099417 0.0306286549707603 0.03541666666666662
4 0.3084673489278752 0.5150706627680313 0.06435185185185183 0.06435185185185183