4 0.5535087719298245 0.4755116959064327 0.04225146198830406 0.05159600389863559
4 0.3508771929824562 0.5377436647173489 0.05884502923976607 0.05841861598440539
4 0.4301169590643275 0.5497319688109162 0.04722222222222222 0.053313840155945404
4 0.5381213450292398 0.597490253411306 0.055555555555555636 0.058369883040935565
4 0.6572733918128655 0.628630604288499 0.06388888888888887 0.06342592592592591
4 0.3933114035087719 0.3742324561403509 0.04554093567251458 0.05164473684210522
4 0.524780701754386 0.5154239766081872 0.04890350877192985 0.05498294346978558
4 0.4735014619883041 0.35494639376218323 0.04057017543859662 0.04992690058479532
4 0.5956140350877193 0.37123538011695906 0.03556286549707609 0.04656432748538015
4 0.3651681286549707 0.44046052631578947 0.04886695906432748 0.05333820662768032
4 0.47079678362573096 0.455348440545809 0.0388888888888888 0.048257797270955236
4 0.6507675438596491 0.4099049707602339 0.04389619883040932 0.051620370370370317
4 0.6942251461988304 0.5145589668615984 0.053910818713450374 0.05834551656920084