4 0.5038011695906434 0.5499512670565302 0.05248538011695895 0.06932261208577
4 0.4604166666666667 0.4315911306042885 0.03212719298245609 0.04063109161793371
4 0.5239766081871345 0.3815789473684211 0.032017543859649174 0.03569688109161792
4 0.3877192982456141 0.5230263157894737 0.055665204678362556 0.06451023391812857
4 0.5821271929824562 0.501035575048733 0.04894005847953222 0.057687621832358774
4 0.285124269005848 0.480811403508772 0.0504385964912281 0.05116959064327481
4 0.6349415204678363 0.41691033138401556 0.03874269005847951 0.04251949317738791
4 0.43322368421052626 0.3980872319688109 0.035380116959064435 0.03910818713450291
4 0.40003654970760233 0.41246345029239767 0.04035087719298241 0.04093567251461992
4 0.4447733918128655 0.4699683235867447 0.04890350877192985 0.056042884990253505
4 0.25456871345029236 0.524671052631579 0.0688961988304094 0.06828703703703697
4 0.5701023391812866 0.4505360623781676 0.03885233918128662 0.0474537037037037
4 0.6112573099415205 0.4473684210526316 0.04049707602339188 0.047514619883040975