4 0.3557017543859649 0.641922514619883 0.06202485380116959 0.07984892787524363
4 0.6283747563352827 0.5587719298245615 0.04857456140350872 0.05991715399610137
4 0.4356603313840156 0.4637914230019493 0.04182504873294347 0.04830653021442506
4 0.5015107212475634 0.5716983430799221 0.05522660818713451 0.06494883040935662
4 0.3303606237816764 0.5757431773879143 0.056798245614035035 0.06003898635477574
4 0.6193104288499025 0.5043494152046784 0.05179093567251451 0.055031676413255404
4 0.46951754385964917 0.5103557504873294 0.050170565302144164 0.05665204678362575
4 0.34846491228070176 0.4641447368421052 0.04509015594541908 0.04671052631578944
4 0.5426656920077972 0.4587962962962963 0.03352826510721242 0.04325048732943471
4 0.5779117933723197 0.4116106237816764 0.035051169590643305 0.035051169590643305
4 0.43982699805068226 0.4046296296296297 0.03674463937621839 0.03836500974658875
4 0.585672514619883 0.4429824561403509 0.04342105263157891 0.045041423001949445
4 0.3686890838206628 0.43154239766081864 0.04010721247563347 0.04334795321637436