4 0.5476973684210527 0.5213815789473685 0.04276315789473684 0.05263157894736842
4 0.3157894736842105 0.5723684210526315 0.06085526315789474 0.05921052631578947
4 0.5148026315789473 0.6611842105263158 0.05263157894736842 0.07236842105263158
4 0.3618421052631579 0.5115131578947368 0.044407894736842105 0.05263157894736842
4 0.40789473684210525 0.4309210526315789 0.03618421052631579 0.044407894736842105
4 0.4407894736842105 0.39473684210526316 0.039473684210526314 0.044407894736842105
4 0.6299342105263158 0.38980263157894735 0.03453947368421053 0.04111842105263158
4 0.6266447368421053 0.6118421052631579 0.05921052631578947 0.06907894736842106
4 0.6480263157894737 0.5427631578947368 0.05098684210526316 0.05756578947368421
4 0.4276315789473684 0.49835526315789475 0.049342105263157895 0.05592105263157895
4 0.6480263157894737 0.42598684210526316 0.04111842105263158 0.049342105263157895
4 0.5328947368421053 0.4555921052631579 0.04111842105263158 0.05263157894736842
4 0.5361842105263158 0.40789473684210525 0.04111842105263158 0.047697368421052634