4 0.45746832358674466 0.48128654970760243 0.049305555555555526 0.055336257309941426
4 0.588048245614035 0.40113304093567254 0.035806530214424835 0.04353070175438592
4 0.6513401559454192 0.539437134502924 0.05932017543859639 0.06048976608187143
4 0.4169468810916179 0.6284722222222222 0.06469298245614041 0.07540204678362572
4 0.5777534113060429 0.5821637426900584 0.057772904483430775 0.06374269005847939
4 0.5170808966861598 0.4109283625730994 0.04083820662768028 0.04692982456140346
4 0.6305555555555555 0.4642909356725146 0.05423976608187132 0.055445906432748535
4 0.5366106237816763 0.47295321637426896 0.046016081871345184 0.05526315789473688
4 0.3509624756335283 0.4146198830409357 0.04248294346978554 0.04696637426900583
4 0.3319688109161793 0.5563961988304094 0.06275584795321638 0.06549707602339176
4 0.4368786549707602 0.39956140350877195 0.04074074074074081 0.04364035087719293
4 0.317958089668616 0.4745248538011696 0.04596734892787527 0.053618421052631614
4 0.4554946393762183 0.43695175438596495 0.044176413255360626 0.04864766081871346