4 0.4440789473684211 0.49506578947368424 0.039473684210526314 0.049342105263157895
4 0.6200657894736842 0.4473684210526316 0.039473684210526314 0.04111842105263158
4 0.555921052631579 0.4375 0.03125 0.03782894736842105
4 0.5328947368421053 0.48848684210526316 0.044407894736842105 0.05098684210526316
4 0.6134868421052632 0.5657894736842105 0.05756578947368421 0.06907894736842106
4 0.41118421052631576 0.4243421052631579 0.03289473684210526 0.03618421052631579
4 0.6266447368421053 0.48848684210526316 0.05263157894736842 0.054276315789473686
4 0.3996710526315789 0.5460526315789473 0.05921052631578947 0.0625
4 0.712171052631579 0.5575657894736842 0.06578947368421052 0.0625
4 0.4720394736842105 0.4473684210526316 0.039473684210526314 0.04111842105263158
4 0.31085526315789475 0.4769736842105263 0.05098684210526316 0.047697368421052634
4 0.46381578947368424 0.4292763157894737 0.029605263157894735 0.03453947368421053
4 0.32401315789473684 0.524671052631579 0.0625 0.0625