4 0.5493421052631579 0.5131578947368421 0.049342105263157895 0.05592105263157895
4 0.3832236842105263 0.6381578947368421 0.05756578947368421 0.06743421052631579
4 0.38651315789473684 0.4161184210526316 0.04111842105263158 0.047697368421052634
4 0.38980263157894735 0.5444078947368421 0.05098684210526316 0.05756578947368421
4 0.5789473684210527 0.6480263157894737 0.05921052631578947 0.06743421052631579
4 0.43914473684210525 0.5115131578947368 0.05098684210526316 0.05921052631578947
4 0.3881578947368421 0.46381578947368424 0.04276315789473684 0.047697368421052634
4 0.5148026315789473 0.4473684210526316 0.03618421052631579 0.046052631578947366
4 0.555921052631579 0.3667763157894737 0.03618421052631579 0.04276315789473684
4 0.6019736842105263 0.40460526315789475 0.03453947368421053 0.044407894736842105
4 0.4868421052631579 0.3930921052631579 0.039473684210526314 0.046052631578947366
4 0.6710526315789473 0.49835526315789475 0.044407894736842105 0.05263157894736842
4 0.6644736842105263 0.569078947368421 0.047697368421052634 0.05592105263157895