4 0.6329312865497075 0.40577485380116957 0.04015594541910348 0.04722222222222222
4 0.5453581871345029 0.49228801169590647 0.04685672514619872 0.055640838206627644
4 0.5636817738791423 0.39630847953216375 0.041849415204678386 0.05056042884990247
4 0.4915813840155946 0.41654483430799216 0.04020467836257312 0.050511695906432744
4 0.5800804093567251 0.6146686159844055 0.05854044834307995 0.06749512670565307
4 0.40363060428849906 0.36649610136452243 0.03517300194931777 0.04378654970760231
4 0.47955653021442496 0.3823464912280702 0.03188352826510715 0.04368908382066276
4 0.6801656920077972 0.5952485380116959 0.05670077972709539 0.05428849902534114
4 0.6458333333333333 0.4991837231968811 0.055153508771929774 0.06081871345029237
4 0.3260477582846004 0.4609405458089668 0.0500730994152047 0.050804093567251504
4 0.40065789473684216 0.6101120857699804 0.06013645224171539 0.06425438596491218
4 0.34057017543859647 0.5526559454191033 0.060087719298245565 0.06096491228070165