4 0.4729897660818714 0.479995126705653 0.04057017543859643 0.04992690058479541
4 0.5947733918128656 0.40744395711500975 0.03212719298245609 0.03993664717348927
4 0.6508406432748538 0.5612694931773878 0.05581140350877203 0.06988304093567241
4 0.4773026315789474 0.6000365497076023 0.05749269005847948 0.07155214424951258
4 0.7104897660818713 0.5060916179337231 0.052156432748538005 0.053386939571150135
4 0.3829312865497076 0.5734649122807017 0.055665204678362556 0.06330409356725135
4 0.556688596491228 0.4705287524366472 0.04393274853801169 0.05326510721247558
4 0.6566520467836257 0.45259502923976613 0.04053362573099406 0.04828216374269015
4 0.3252192982456141 0.4937012670565302 0.053764619883040904 0.0517665692007796
4 0.5341374269005847 0.41821393762183234 0.03877923976608188 0.04332358674463945
4 0.47887426900584795 0.44864766081871343 0.0453947368421053 0.04506578947368417
4 0.35343567251461994 0.4307626705653022 0.0453947368421053 0.04506578947368436
4 0.4436769005847953 0.4195540935672515 0.04206871345029241 0.04337231968810908