4 0.5428728070175439 0.521369395711501 0.04568713450292406 0.05822368421052628
4 0.6136695906432749 0.5191276803118908 0.052229532163742556 0.056676413255360665
4 0.5035453216374269 0.44016812865497074 0.03552631578947372 0.04491959064327489
4 0.47076023391812866 0.5087841130604289 0.03896198830409353 0.051547270955165765
4 0.5602339181286551 0.48049463937621834 0.04543128654970767 0.04671052631578944
4 0.41125730994152043 0.4470272904483431 0.04378654970760241 0.046686159844054526
4 0.5564327485380117 0.42943469785575045 0.035489766081871356 0.043274853801169626
4 0.614985380116959 0.45991715399610145 0.04210526315789478 0.04501705653021454
4 0.3837719298245614 0.4992690058479532 0.04225146198830406 0.05159600389863559
4 0.5067616959064327 0.5915813840155945 0.052448830409356766 0.06654483430799206
4 0.46794590643274847 0.41331627680311894 0.03209064327485391 0.03829191033138401
4 0.4701388888888889 0.46270711500974665 0.04375000000000004 0.045041423001949445
4 0.3639254385964912 0.5779483430799219 0.05562865497076019 0.06165935672514609