4 0.524671052631579 0.4440789473684211 0.04111842105263158 0.049342105263157895
4 0.3667763157894737 0.5476973684210527 0.05756578947368421 0.0625
4 0.4654605263157895 0.5707236842105263 0.046052631578947366 0.05921052631578947
4 0.33881578947368424 0.40789473684210525 0.04111842105263158 0.04276315789473684
4 0.3930921052631579 0.3930921052631579 0.039473684210526314 0.044407894736842105
4 0.4588815789473684 0.4621710526315789 0.039473684210526314 0.047697368421052634
4 0.5345394736842105 0.39144736842105265 0.03453947368421053 0.04276315789473684
4 0.5476973684210527 0.5328947368421053 0.047697368421052634 0.05756578947368421
4 0.37006578947368424 0.46381578947368424 0.05098684210526316 0.05263157894736842
4 0.6743421052631579 0.5657894736842105 0.05921052631578947 0.06414473684210527
4 0.5773026315789473 0.3980263157894737 0.04111842105263158 0.047697368421052634
4 0.6776315789473685 0.43914473684210525 0.044407894736842105 0.05098684210526316
4 0.5822368421052632 0.5657894736842105 0.06085526315789474 0.06414473684210527