4 0.4656554580896686 0.4204312865497076 0.04351851851851837 0.05193713450292398
4 0.5607943469785575 0.5465643274853802 0.053533138401559426 0.06202485380116959
4 0.42071150097465887 0.45760233918128645 0.038535575048732944 0.04853801169590654
4 0.44261695906432746 0.5327485380116959 0.05186403508771925 0.060343567251461956
4 0.4082115009746589 0.41348684210526315 0.036842105263157954 0.04521198830409355
4 0.5195419103313841 0.4455409356725147 0.04020467836257312 0.05021929824561398
4 0.36850633528265103 0.5409722222222222 0.05517787524366469 0.062061403508771956
4 0.5006457115009746 0.5002192982456141 0.04855019493177381 0.058625730994151956
4 0.3481237816764133 0.4740131578947369 0.04845272904483435 0.052046783625730904
4 0.5980750487329435 0.4717470760233918 0.04020467836257312 0.05021929824561398
4 0.46454678362573104 0.6062500000000001 0.0552022417153996 0.06370614035087722
4 0.5156067251461988 0.3782163742690059 0.040180311890838205 0.04857456140350872
4 0.6138767056530214 0.403983918128655 0.04020467836257312 0.05021929824561408