4 0.5636330409356725 0.5297149122807018 0.042531676413255365 0.048306530214424874
4 0.5481359649122807 0.4509624756335283 0.042677875243664835 0.05324074074074085
4 0.547733918128655 0.3818591617933723 0.04262914230019501 0.051596003898635494
4 0.4502071150097466 0.36684941520467834 0.04427387914230028 0.051620370370370317
4 0.6507675438596491 0.3605872319688109 0.04083820662768028 0.04663742690058479
4 0.442738791423002 0.5035331384015594 0.05254629629629642 0.053386939571150135
4 0.3789351851851852 0.5159965886939571 0.044176413255360626 0.04833089668615979
4 0.6670808966861599 0.4113547758284601 0.045967348927875365 0.05328947368421049
4 0.6614522417153996 0.5545930799220273 0.05423976608187132 0.05505604288499013
4 0.4188230994152047 0.4183235867446394 0.03919346978557501 0.046613060428849974
4 0.3415570175438597 0.5873050682261208 0.05738304093567256 0.050170565302144164
4 0.634088693957115 0.6306895711500975 0.05767543859649113 0.06003898635477574
4 0.5188230994152047 0.6834064327485381 0.052789961013645165 0.061610623781676456