4 0.649671052631579 0.44901315789473684 0.047697368421052634 0.05263157894736842
4 0.4588815789473684 0.4753289473684211 0.047697368421052634 0.054276315789473686
4 0.5197368421052632 0.649671052631579 0.05756578947368421 0.06743421052631579
4 0.6332236842105263 0.6332236842105263 0.06414473684210527 0.07072368421052631
4 0.5773026315789473 0.43256578947368424 0.03782894736842105 0.046052631578947366
4 0.3569078947368421 0.59375 0.05921052631578947 0.06085526315789474
4 0.5345394736842105 0.506578947368421 0.039473684210526314 0.05098684210526316
4 0.4917763157894737 0.4473684210526316 0.03782894736842105 0.047697368421052634
4 0.41776315789473684 0.37335526315789475 0.03782894736842105 0.046052631578947366
4 0.6546052631578947 0.5394736842105263 0.05756578947368421 0.06085526315789474
4 0.49506578947368424 0.39473684210526316 0.03782894736842105 0.044407894736842105
4 0.34539473684210525 0.43256578947368424 0.049342105263157895 0.05098684210526316
4 0.3223684210526316 0.5296052631578947 0.05921052631578947 0.06085526315789474