4 0.5157163742690059 0.5627192982456141 0.055665204678362556 0.06370614035087722
4 0.3985380116959064 0.5782163742690059 0.06067251461988299 0.06710526315789467
4 0.41794590643274854 0.519407894736842 0.050621345029239755 0.05866228070175451
4 0.35080409356725145 0.5047514619883041 0.04725877192982458 0.055299707602339244
4 0.43402777777777785 0.4621710526315789 0.04382309941520459 0.04864766081871346
4 0.49031432748538006 0.44696637426900593 0.03881578947368406 0.04524853801169602
4 0.4839912280701754 0.5093567251461988 0.04561403508771932 0.055263157894736695
4 0.5891447368421052 0.5166301169590642 0.04894005847953222 0.056980994152046695
4 0.3666666666666667 0.45738304093567245 0.04714912280701757 0.05036549707602346
4 0.6378654970760234 0.47163742690058486 0.04550438596491241 0.050328947368420904
4 0.4446637426900585 0.4278508771929824 0.03866959064327478 0.038669590643274965
4 0.5258406432748538 0.477375730994152 0.04554093567251458 0.051973684210526165
4 0.5548976608187135 0.428654970760234 0.03877923976608188 0.04360380116959075