4 0.5733308966861599 0.6242446393762183 0.05355750487329434 0.06288986354775822
4 0.49857456140350875 0.4625243664717349 0.04354288499025347 0.05294834307992209
4 0.3490131578947368 0.5798245614035087 0.05341130604288505 0.05302144249512664
4 0.5869395711500974 0.5437621832358674 0.05350877192982451 0.059600389863547695
4 0.3777046783625731 0.40735867446393764 0.04349415204678365 0.04965886939571147
4 0.5596247563352826 0.4761330409356726 0.04518762183235855 0.05296052631578955
4 0.4764498050682261 0.5232090643274854 0.05019493177387907 0.05793128654970752
4 0.4465886939571149 0.6167275828460038 0.04855019493177381 0.05791910331384025
4 0.6319931773879142 0.4766691033138401 0.05014619883040925 0.05464181286549699
4 0.3462719298245614 0.5057992202729045 0.05009746588693961 0.05135233918128647
4 0.6260599415204678 0.40919834307992203 0.04516325536062382 0.0513157894736841
4 0.4611232943469786 0.37673001949317736 0.041849415204678386 0.04964668615984411
4 0.5516081871345029 0.3790448343079922 0.03023879142300208 0.042982456140350865