4 0.555921052631579 0.4761695906432748 0.03618421052631579 0.04685672514619872
4 0.36348684210526316 0.4718932748538012 0.03782894736842105 0.04853801169590654
4 0.5115131578947368 0.396235380116959 0.027960526315789474 0.03680555555555549
4 0.4654605263157895 0.3902777777777778 0.03453947368421053 0.04024122807017549
4 0.5361842105263158 0.6369152046783626 0.05263157894736842 0.07024853801169591
4 0.4342105263157895 0.4307017543859649 0.03289473684210526 0.041849415204678386
4 0.3881578947368421 0.5217836257309942 0.05263157894736842 0.05873538011695906
4 0.6200657894736842 0.4496345029239766 0.04111842105263158 0.04696637426900583
4 0.46875 0.5794956140350878 0.05756578947368421 0.06706871345029249
4 0.4786184210526316 0.5353070175438597 0.05098684210526316 0.050475146198830374
4 0.48848684210526316 0.4598684210526316 0.04276315789473684 0.05029239766081872
4 0.7105263157894737 0.5601973684210527 0.05921052631578947 0.06052631578947361
4 0.65625 0.47346491228070176 0.044407894736842105 0.04868421052631583