4 0.4720394736842105 0.4917763157894737 0.047697368421052634 0.054276315789473686
4 0.600328947368421 0.4144736842105263 0.03453947368421053 0.04276315789473684
4 0.6677631578947368 0.5542763157894737 0.05756578947368421 0.05921052631578947
4 0.43585526315789475 0.6381578947368421 0.0625 0.07401315789473684
4 0.5953947368421053 0.5953947368421053 0.05592105263157895 0.0625
4 0.5296052631578947 0.42269736842105265 0.039473684210526314 0.046052631578947366
4 0.6447368421052632 0.4786184210526316 0.05263157894736842 0.054276315789473686
4 0.5509868421052632 0.48519736842105265 0.044407894736842105 0.054276315789473686
4 0.36348684210526316 0.42269736842105265 0.04111842105263158 0.046052631578947366
4 0.34868421052631576 0.5641447368421053 0.06085526315789474 0.06414473684210527
4 0.44901315789473684 0.4095394736842105 0.039473684210526314 0.04276315789473684
4 0.33223684210526316 0.4819078947368421 0.044407894736842105 0.05263157894736842
4 0.46875 0.4473684210526316 0.04276315789473684 0.047697368421052634