4 0.3980263157894737 0.59375 0.054276315789473686 0.0625
4 0.34375 0.44243421052631576 0.046052631578947366 0.05263157894736842
4 0.5197368421052632 0.46381578947368424 0.044407894736842105 0.05263157894736842
4 0.48355263157894735 0.5641447368421053 0.05098684210526316 0.05921052631578947
4 0.3503289473684211 0.5082236842105263 0.05098684210526316 0.05592105263157895
4 0.59375 0.5641447368421053 0.04276315789473684 0.05263157894736842
4 0.40460526315789475 0.40460526315789475 0.039473684210526314 0.046052631578947366
4 0.4457236842105263 0.4819078947368421 0.049342105263157895 0.05592105263157895
4 0.6792763157894737 0.5230263157894737 0.049342105263157895 0.05098684210526316
4 0.5444078947368421 0.5098684210526315 0.047697368421052634 0.05592105263157895
4 0.5049342105263158 0.37006578947368424 0.03618421052631579 0.044407894736842105
4 0.6513157894736842 0.44901315789473684 0.046052631578947366 0.05263157894736842
4 0.587171052631579 0.39473684210526316 0.03453947368421053 0.044407894736842105