4 0.4473684210526316 0.4588815789473684 0.044407894736842105 0.049342105263157895
4 0.65625 0.5180921052631579 0.05098684210526316 0.05756578947368421
4 0.45723684210526316 0.6365131578947368 0.06907894736842106 0.0805921052631579
4 0.3832236842105263 0.5723684210526315 0.05263157894736842 0.06085526315789474
4 0.6134868421052632 0.4720394736842105 0.04276315789473684 0.047697368421052634
4 0.5526315789473685 0.569078947368421 0.05098684210526316 0.06578947368421052
4 0.32894736842105265 0.4819078947368421 0.046052631578947366 0.047697368421052634
4 0.4243421052631579 0.40460526315789475 0.03618421052631579 0.039473684210526314
4 0.5411184210526315 0.3963815789473684 0.03453947368421053 0.03782894736842105
4 0.5444078947368421 0.44901315789473684 0.04276315789473684 0.046052631578947366
4 0.4934210526315789 0.5032894736842105 0.04276315789473684 0.05263157894736842
4 0.35526315789473684 0.4407894736842105 0.03782894736842105 0.04276315789473684
4 0.5707236842105263 0.4292763157894737 0.039473684210526314 0.044407894736842105