4 0.48394249512670556 0.4537524366471735 0.045967348927875365 0.05296052631578955
4 0.673879142300195 0.5346003898635479 0.05085282651072133 0.05135233918128647
4 0.5020833333333333 0.6773513645224171 0.05274122807017534 0.059588206627680426
4 0.6228313840155945 0.4774000974658869 0.04930555555555571 0.05462962962962972
4 0.4016934697855751 0.6205165692007797 0.05428849902534114 0.056310916179337166
4 0.5347831384015594 0.44844054580896686 0.04432261208576991 0.05294834307992209
4 0.5812621832358674 0.40696881091617937 0.03585526315789466 0.044663742690058496
4 0.5220760233918128 0.5192738791423002 0.05274122807017534 0.05958820662768024
4 0.33723196881091616 0.49925682261208576 0.052643762183235875 0.0562987329434699
4 0.5335038986354775 0.3497441520467836 0.03251705653021431 0.04299463937621832
4 0.4370492202729045 0.37019980506822614 0.03754873294346975 0.046320662768031214
4 0.5989156920077973 0.6141203703703703 0.0492568226120857 0.05298489278752446
4 0.3551656920077973 0.43825536062378173 0.04432261208576991 0.052948343079921904