4 0.41550925925925924 0.5463815789473684 0.05598196881091623 0.05917397660818711
4 0.5860136452241715 0.4774853801169591 0.049305555555555526 0.05568957115009747
4 0.5324074074074074 0.44303118908382066 0.034259259259259225 0.047027290448343105
4 0.5929215399610136 0.43332115009746586 0.034307992202729044 0.04867202729044837
4 0.4457724171539961 0.45854044834307994 0.04925682261208589 0.05404483430799221
4 0.5447124756335283 0.5255604288499025 0.0443226120857701 0.05389863547758273
4 0.3738425925925926 0.47119883040935673 0.05095029239766079 0.055738304093567295
4 0.5161427875243665 0.3932504873294347 0.037597465886939574 0.04876949317738793
4 0.47669346978557503 0.5038255360623782 0.04770955165692009 0.057285575048732905
4 0.5024488304093568 0.59661306042885 0.04591861598440554 0.052302631578947295
4 0.44266569200779726 0.40914961013645224 0.04586988304093571 0.050657894736842124
4 0.6566520467836257 0.5321637426900585 0.05269249512670551 0.059076510721247644
4 0.6153630604288499 0.6361111111111112 0.05603070175438605 0.06081871345029256