4 0.5450292397660818 0.4942495126705653 0.04382309941520459 0.0480141325536063
4 0.560343567251462 0.47133284600389863 0.04532163742690056 0.041447368421052705
4 0.41092836257309945 0.4587110136452242 0.04031432748538013 0.038121345029239626
4 0.49989035087719297 0.4527899610136452 0.033698830409356804 0.036427875243664726
4 0.6125365497076023 0.49145955165692 0.052046783625730904 0.04807504873294358
4 0.47441520467836257 0.4887914230019494 0.03881578947368425 0.04468810916179341
4 0.4699926900584796 0.4657285575048733 0.040314327485380226 0.038121345029239626
4 0.5509868421052632 0.4482334307992203 0.033662280701754435 0.034783138401559464
4 0.5178728070175439 0.5318835282651072 0.050657894736842034 0.05957602339181278
4 0.6083698830409358 0.4568835282651072 0.040131578947368574 0.029897660818713496
4 0.3873538011695907 0.48321150097465887 0.04046052631578951 0.044700292397660865
4 0.4639619883040936 0.4410087719298246 0.028618421052631543 0.029812378167641304
4 0.3666666666666667 0.5258284600389863 0.055555555555555546 0.05796783625730989