4 0.3844176413255361 0.5 0.05603070175438596 0.061220760233918044
4 0.5067738791423002 0.4182504873294347 0.034161793372319574 0.04398148148148152
4 0.5554337231968811 0.43944931773879137 0.04591861598440554 0.05263157894736842
4 0.49299463937621835 0.38425925925925924 0.03406432748538011 0.04069200779727099
4 0.5165813840155945 0.4753898635477583 0.04432261208576991 0.05421539961013659
4 0.5645833333333333 0.40789473684210525 0.03570906432748538 0.04075292397660827
4 0.4687743664717349 0.5363060428849903 0.04775828460038991 0.05927144249512675
4 0.3498416179337232 0.44706384015594536 0.04920808966861597 0.05275341130604298
4 0.42255116959064326 0.43287037037037035 0.047514619883040975 0.05104775828460044
4 0.628277290448343 0.47618177387914223 0.05099902534113061 0.05774853801169586
4 0.4495857699805068 0.46308479532163743 0.047660818713450265 0.05598196881091623
4 0.5878654970760234 0.5647538986354776 0.057870370370370426 0.06786062378167639
4 0.4236720272904484 0.3950414230019493 0.04059454191033134 0.03929093567251466