4 0.4927022417153996 0.49220272904483425 0.045187621832358735 0.053947368421052556
4 0.5489644249512671 0.5135721247563353 0.053533138401559426 0.06241471734892799
4 0.5632066276803119 0.47530458089668615 0.04671052631578944 0.04577241715399607
4 0.5015472709551656 0.42283138401559456 0.03509990253411313 0.03885233918128662
4 0.39426169590643273 0.5115740740740741 0.04690545808966864 0.05893031189083817
4 0.42939814814814814 0.4397782651072124 0.041751949317738735 0.04398148148148133
4 0.6368299220272905 0.4467958089668616 0.04663742690058489 0.04083820662768028
4 0.5804702729044834 0.4188474658869396 0.038340643274853835 0.03566033138401555
4 0.5725633528265107 0.44047270955165696 0.04172758284600401 0.042336744639376256
4 0.6456384015594542 0.486025828460039 0.05510477582845995 0.05752923976608184
4 0.5150462962962963 0.4454678362573099 0.03347953216374278 0.04044834307992205
4 0.46597222222222223 0.4650219298245614 0.048403996101364526 0.04911062378167642
4 0.3458576998050682 0.4652899610136453 0.04675925925925926 0.04906189083820659