5 0.72557261208577 0.4764985380116959 0.040180311890838205 0.04857456140350872
5 0.7234039961013645 0.5520833333333333 0.056871345029239774 0.06538742690058466
5 0.5622319688109162 0.43834064327485384 0.04349415204678365 0.05029239766081872
5 0.4931286549707602 0.6571271929824561 0.06516812865497083 0.07050438596491211
5 0.6278752436647174 0.6519005847953216 0.05527534113060434 0.068640350877193
5 0.6349415204678364 0.4629751461988304 0.045163255360623634 0.05197368421052635
5 0.37987329434697853 0.5592470760233919 0.05188840155945416 0.06198830409356722
5 0.46650828460038984 0.525 0.05336257309941522 0.050511695906432744
5 0.5766081871345029 0.5208698830409356 0.048525828460038896 0.056980994152046695
5 0.45154727095516567 0.40299707602339185 0.04008284600389875 0.04199561403508767
5 0.3673367446393762 0.4899122807017544 0.04342105263157891 0.04535818713450293
5 0.5597344054580897 0.38073830409356724 0.03679337231968822 0.04192251461988303