5 0.34060672514619883 0.4316398635477583 0.04850146198830417 0.054629629629629535
5 0.46219541910331385 0.4389619883040936 0.04513888888888891 0.049671052631579025
5 0.29021686159844057 0.502729044834308 0.06011208576998048 0.06129385964912278
5 0.5286671539961013 0.3924220272904484 0.036769005847953305 0.03974171539961016
5 0.42982456140350883 0.5148513645224172 0.05019493177387907 0.05793128654970752
5 0.3245735867446394 0.6258162768031189 0.06848196881091627 0.07122319688109165
5 0.48440545808966856 0.6048976608187135 0.05201023391812872 0.06945662768031201
5 0.45467836257309946 0.3913255360623782 0.035197368421052595 0.044663742690058496
5 0.6410818713450293 0.46394980506822614 0.04342105263157891 0.04472465886939578
5 0.5527412280701754 0.5435428849902535 0.05191276803118907 0.06287768031189095
5 0.7065058479532164 0.7101486354775829 0.07361111111111097 0.08441764132553611
5 0.4187012670565302 0.7106359649122806 0.06857943469785573 0.07780214424951269