5 0.551279239766082 0.4459795321637427 0.04243421052631571 0.04501705653021454
5 0.6539351851851852 0.4674951267056531 0.047514619883040975 0.050024366471734874
5 0.528630604288499 0.40353313840155947 0.03222465886939574 0.03335769980506822
5 0.3713328460038986 0.4815545808966862 0.047368421052631504 0.04509015594541908
5 0.4513279727095516 0.40467836257309936 0.035611598440545914 0.03669590643274857
5 0.283869395711501 0.4729775828460039 0.052448830409356766 0.05009746588693961
5 0.45757797270955164 0.44901315789473684 0.04074074074074081 0.04334795321637436
5 0.6133893762183235 0.43189571150097467 0.03890107212475644 0.03674463937621839
5 0.3975755360623781 0.589766081871345 0.06798245614035085 0.07498781676413258
5 0.3517787524366472 0.43248050682261213 0.03566033138401555 0.038340643274853835
5 0.5840521442495126 0.5524488304093568 0.05951510721247569 0.06664230019493171
5 0.4394980506822612 0.5052266081871345 0.04915935672514624 0.05004873294346979