5 0.5740131578947368 0.4819078947368421 0.05098684210526316 0.05263157894736842
5 0.6036184210526315 0.6332236842105263 0.05921052631578947 0.06743421052631579
5 0.4868421052631579 0.5328947368421053 0.047697368421052634 0.05756578947368421
5 0.524671052631579 0.3207236842105263 0.03125 0.04276315789473684
5 0.5838815789473685 0.40789473684210525 0.04276315789473684 0.047697368421052634
5 0.3667763157894737 0.5444078947368421 0.054276315789473686 0.05592105263157895
5 0.6957236842105263 0.5707236842105263 0.05756578947368421 0.06085526315789474
5 0.4407894736842105 0.600328947368421 0.05098684210526316 0.05098684210526316
5 0.3832236842105263 0.4194078947368421 0.04111842105263158 0.046052631578947366
5 0.5082236842105263 0.41118421052631576 0.04111842105263158 0.046052631578947366
5 0.618421052631579 0.33223684210526316 0.03453947368421053 0.04276315789473684
5 0.7039473684210527 0.3881578947368421 0.047697368421052634 0.049342105263157895