5 0.3470394736842105 0.4342105263157895 0.047697368421052634 0.054276315789473686
5 0.46875 0.44243421052631576 0.044407894736842105 0.049342105263157895
5 0.29769736842105265 0.5049342105263158 0.05921052631578947 0.06085526315789474
5 0.5345394736842105 0.3963815789473684 0.03618421052631579 0.039473684210526314
5 0.4375 0.5180921052631579 0.049342105263157895 0.05756578947368421
5 0.3338815789473684 0.6282894736842105 0.06743421052631579 0.07072368421052631
5 0.4934210526315789 0.6085526315789473 0.05098684210526316 0.06907894736842106
5 0.4605263157894737 0.39473684210526316 0.03453947368421053 0.044407894736842105
5 0.6480263157894737 0.46875 0.04276315789473684 0.044407894736842105
5 0.5608552631578947 0.5476973684210527 0.05098684210526316 0.0625
5 0.7171052631578947 0.7154605263157895 0.07236842105263158 0.08388157894736842
5 0.4292763157894737 0.7138157894736842 0.06743421052631579 0.07730263157894737