5 0.5735136452241715 0.38837719298245615 0.047465886939571156 0.04906189083820659
5 0.5645346003898635 0.4735623781676413 0.04427387914230028 0.05225389863547766
5 0.6518153021442495 0.5353070175438597 0.046016081871345 0.05559210526315782
5 0.6398513645224172 0.4642909356725146 0.044176413255360626 0.04896442495126713
5 0.4875 0.36939571150097467 0.03749999999999992 0.0454800194931774
5 0.37587719298245614 0.4844054580896686 0.04248294346978554 0.04727095516569204
5 0.46695906432748535 0.45259502923976613 0.04258040935672519 0.05056042884990238
5 0.24041179337231972 0.6266447368421053 0.07431773879142306 0.06793372319688111
5 0.2158625730994152 0.519103313840156 0.06749512670565307 0.05951510721247569
5 0.28022660818713446 0.4174829434697856 0.044176413255360626 0.04896442495126704
5 0.426827485380117 0.5401437621832358 0.04596734892787518 0.053947368421052556
5 0.5317738791423002 0.6434941520467836 0.057626705653021304 0.05922270955165693