5 0.5542763157894737 0.4868421052631579 0.047697368421052634 0.05756578947368421
5 0.6200657894736842 0.3832236842105263 0.03782894736842105 0.04276315789473684
5 0.43914473684210525 0.3980263157894737 0.039473684210526314 0.039473684210526314
5 0.5460526315789473 0.6069078947368421 0.05098684210526316 0.06085526315789474
5 0.6282894736842105 0.47039473684210525 0.04276315789473684 0.044407894736842105
5 0.6217105263157895 0.5641447368421053 0.044407894736842105 0.05098684210526316
5 0.33223684210526316 0.4934210526315789 0.05756578947368421 0.05592105263157895
5 0.5197368421052632 0.42598684210526316 0.03782894736842105 0.05263157894736842
5 0.4440789473684211 0.53125 0.05098684210526316 0.05756578947368421
5 0.5230263157894737 0.3651315789473684 0.03782894736842105 0.04276315789473684
5 0.35855263157894735 0.5740131578947368 0.05921052631578947 0.06414473684210527
5 0.40460526315789475 0.4555921052631579 0.047697368421052634 0.05263157894736842