5 0.5257675438596492 0.514083820662768 0.05099902534113061 0.05628654970760225
5 0.4426900584795322 0.5985623781676414 0.053082358674463925 0.07110136452241708
5 0.6643762183235866 0.4423489278752436 0.04572368421052624 0.044736842105263235
5 0.3272904483430799 0.49746588693957117 0.05607943469785569 0.0612573099415206
5 0.34327485380116957 0.40197368421052626 0.035757797270955204 0.04137426900584797
5 0.663730506822612 0.5196393762183235 0.052448830409356766 0.049719785575048844
5 0.5497928849902534 0.5911915204678363 0.0511452241715399 0.061220760233918044
5 0.5362816764132554 0.4367202729044834 0.04078947368421045 0.04470029239766068
5 0.48017787524366473 0.3878045808966862 0.03570906432748538 0.039729532163742705
5 0.5842348927875244 0.37223440545808967 0.03570906432748538 0.039729532163742705
5 0.5159356725146198 0.34643031189083817 0.03401559454191048 0.03807261208576999
5 0.43145711500974665 0.42269736842105265 0.04248294346978554 0.04635721247563358