5 0.515229044834308 0.5174220272904484 0.04976851851851867 0.056274366471734984
5 0.49043615984405464 0.3877071150097466 0.03435672514619887 0.03971734892787525
5 0.4236111111111111 0.5937378167641325 0.05354532163742688 0.06945662768031201
5 0.6688596491228069 0.45380116959064337 0.04775828460038972 0.046393762183235765
5 0.6610014619883041 0.5327850877192982 0.052875243664717166 0.051364522417153925
5 0.3538011695906432 0.39200779727095514 0.03600146198830414 0.039729532163742705
5 0.5288133528265108 0.5946028265107212 0.051474171539961026 0.05793128654970752
5 0.32401315789473684 0.48595272904483433 0.056469298245614 0.05961257309941534
5 0.5280823586744638 0.34796539961013645 0.036062378167641226 0.04137426900584797
5 0.4349415204678363 0.42100389863547755 0.04270224171539956 0.04306773879142306
5 0.5944200779727096 0.37707115009746583 0.0376461988304094 0.03974171539961016
5 0.539412768031189 0.4416057504873294 0.04264132553606228 0.04142300194931779