5 0.46318226120857703 0.5226851851851851 0.05303362573099429 0.05505604288499031
5 0.5204556530214425 0.3392909356725146 0.03488060428849892 0.04656432748538015
5 0.5702850877192983 0.4947855750487329 0.051413255360623744 0.05832115009746574
5 0.6119395711500976 0.4218079922027291 0.04478557504873306 0.05164473684210522
5 0.35314327485380115 0.5029361598440546 0.046393762183235855 0.04673489278752435
5 0.41650828460038986 0.385233918128655 0.03813352826510717 0.04167884990253409
5 0.523062865497076 0.6533625730994151 0.054763645224171556 0.06659356725146189
5 0.6450170565302145 0.6186647173489279 0.05309454191033138 0.06327972709551663
5 0.708406432748538 0.49767300194931774 0.058028752436647166 0.06335282651072117
5 0.392056530214425 0.5780092592592593 0.04978070175438594 0.059941520467836275
5 0.5347465886939571 0.4081505847953217 0.04478557504873306 0.05164473684210522
5 0.6991349902534113 0.41722709551656917 0.039839181286549626 0.04992690058479532