5 0.5592105263157895 0.4901315789473684 0.03782894736842105 0.046052631578947366
5 0.6398026315789473 0.40789473684210525 0.04276315789473684 0.05098684210526316
5 0.5740131578947368 0.3470394736842105 0.03618421052631579 0.049342105263157895
5 0.3930921052631579 0.41118421052631576 0.04111842105263158 0.049342105263157895
5 0.5921052631578947 0.5986842105263158 0.047697368421052634 0.044407894736842105
5 0.4934210526315789 0.42269736842105265 0.039473684210526314 0.054276315789473686
5 0.29276315789473684 0.537828947368421 0.05921052631578947 0.054276315789473686
5 0.36019736842105265 0.3536184210526316 0.044407894736842105 0.046052631578947366
5 0.4144736842105263 0.625 0.049342105263157895 0.05098684210526316
5 0.4473684210526316 0.33223684210526316 0.039473684210526314 0.05098684210526316
5 0.3996710526315789 0.48519736842105265 0.044407894736842105 0.05756578947368421
5 0.6414473684210527 0.5230263157894737 0.05756578947368421 0.06085526315789474