5 0.5822246588693957 0.6101973684210527 0.04935428849902535 0.05592105263157895
5 0.4481237816764133 0.35855263157894735 0.03933966861598449 0.05098684210526316
5 0.5292397660818713 0.5427631578947368 0.04562621832358678 0.04111842105263158
5 0.40347222222222223 0.5723684210526315 0.04582115009746589 0.047697368421052634
5 0.5917763157894737 0.48848684210526316 0.052302631578947295 0.044407894736842105
5 0.5907407407407408 0.3980263157894737 0.04282407407407394 0.05756578947368421
5 0.7093932748538012 0.5723684210526315 0.05598196881091604 0.05756578947368421
5 0.44461500974658874 0.4621710526315789 0.04248294346978554 0.046052631578947366
5 0.4675804093567251 0.6266447368421053 0.04915935672514624 0.049342105263157895
5 0.3807504873294347 0.4161184210526316 0.040886939571150104 0.047697368421052634
5 0.5117446393762183 0.3963815789473684 0.042531676413255365 0.047697368421052634
5 0.6814571150097466 0.4621710526315789 0.039242202729044835 0.047697368421052634