5 0.6365131578947368 0.3963815789473684 0.044407894736842105 0.05263157894736842
5 0.5592105263157895 0.4934210526315789 0.039473684210526314 0.044407894736842105
5 0.5953947368421053 0.6052631578947368 0.046052631578947366 0.047697368421052634
5 0.569078947368421 0.3256578947368421 0.039473684210526314 0.054276315789473686
5 0.48848684210526316 0.4194078947368421 0.039473684210526314 0.05592105263157895
5 0.3832236842105263 0.41776315789473684 0.04276315789473684 0.05263157894736842
5 0.34210526315789475 0.3470394736842105 0.049342105263157895 0.05098684210526316
5 0.29769736842105265 0.5608552631578947 0.05921052631578947 0.049342105263157895
5 0.6414473684210527 0.5213815789473685 0.05098684210526316 0.05263157894736842
5 0.4276315789473684 0.6398026315789473 0.047697368421052634 0.05263157894736842
5 0.3996710526315789 0.4967105263157895 0.044407894736842105 0.054276315789473686
5 0.43585526315789475 0.3157894736842105 0.044407894736842105 0.05592105263157895