5 0.5399731968810917 0.36281676413255365 0.040131578947368386 0.044700292397660865
5 0.552729044834308 0.44661306042884985 0.04516325536062382 0.05131578947368429
5 0.6488547758284601 0.4952485380116959 0.04521198830409365 0.05460526315789481
5 0.4559454191033138 0.35356968810916173 0.03848684210526312 0.04468810916179341
5 0.3625974658869396 0.49243421052631575 0.04177631578947365 0.04471247563352832
5 0.6215155945419104 0.426364522417154 0.04010721247563366 0.043055555555555604
5 0.45230263157894735 0.4407772904483431 0.04182504873294347 0.048001949317738844
5 0.3814571150097466 0.6551413255360624 0.05689571150097469 0.06620370370370365
5 0.27835038986354776 0.4683845029239767 0.05014619883040934 0.05464181286549699
5 0.3415448343079922 0.4037646198830409 0.03517300194931768 0.043019005847953234
5 0.4290204678362573 0.5347100389863547 0.045114522417153996 0.04802631578947376
5 0.5553118908382066 0.6209551656920077 0.056798245614035035 0.05962475633528261