5 0.5482090643274854 0.5212231968810916 0.04483430799220288 0.05822368421052646
5 0.6338693957115009 0.5405823586744639 0.05299707602339173 0.05012183235867434
5 0.6841617933723196 0.4475877192982456 0.04805068226120867 0.048403996101364526
5 0.5542519493177388 0.44895224171539955 0.039826998050682356 0.04828216374269015
5 0.3584551656920078 0.4361842105263158 0.052984892787524364 0.04847709551656926
5 0.4733430799220273 0.6270102339181286 0.054666179337231904 0.053435672514619774
5 0.4281189083820663 0.5161549707602339 0.054666179337231904 0.053435672514619774
5 0.5670808966861598 0.6267543859649123 0.0497076023391812 0.0500730994152047
5 0.4962231968810916 0.3855994152046784 0.038194444444444364 0.049902534113060504
5 0.4356968810916179 0.42910575048732946 0.046381578947368496 0.04509015594541908
5 0.34097222222222223 0.5181530214424952 0.05300925925925928 0.0517665692007796
5 0.5981846978557505 0.3854653996101365 0.04314083820662779 0.051620370370370317