5 0.5155945419103314 0.6607212475633528 0.06298732943469787 0.05936890838206622
5 0.2540204678362573 0.4767909356725147 0.052936159844054635 0.05414230019493185
5 0.3208455165692008 0.40632309941520467 0.037889863547758335 0.04712475633528266
5 0.438291910331384 0.34723440545808965 0.042945906432748496 0.05056042884990257
5 0.6058114035087719 0.44769736842105273 0.05421539961013659 0.0443226120857701
5 0.42939814814814814 0.45399610136452245 0.04117933723196886 0.04722222222222222
5 0.40064571150097467 0.5634624756335282 0.046052631578947366 0.04572368421052624
5 0.3400341130604289 0.5106237816764133 0.04763645224171535 0.0441276803118908
5 0.6225024366471735 0.5305190058479532 0.04806286549707594 0.055640838206627644
5 0.5282041910331384 0.3647173489278752 0.0462962962962963 0.052302631578947385
5 0.3517300194931774 0.6838572124756336 0.05299707602339182 0.055787037037037114
5 0.5309454191033138 0.468530701754386 0.04812378167641341 0.057285575048732905