5 0.3808114035087719 0.47368421052631576 0.047660818713450265 0.054276315789473686
5 0.46290204678362573 0.46875 0.044030214424951156 0.04276315789473684
5 0.4983918128654971 0.38980263157894735 0.035806530214424835 0.04276315789473684
5 0.328057992202729 0.5805921052631579 0.06435185185185183 0.0625
5 0.4765107212475634 0.5394736842105263 0.04920808966861606 0.05098684210526316
5 0.6791910331384015 0.4967105263157895 0.05583576998050694 0.05263157894736842
5 0.5691764132553606 0.4473684210526316 0.04577241715399607 0.046052631578947366
5 0.5703216374269007 0.5970394736842105 0.04959795321637429 0.06414473684210527
5 0.6092958089668616 0.524671052631579 0.052643762183235875 0.05592105263157895
5 0.6393153021442495 0.4276315789473684 0.04582115009746589 0.047697368421052634
5 0.4297514619883041 0.40460526315789475 0.037694931773879226 0.05098684210526316
5 0.4416057504873294 0.6381578947368421 0.061062378167641304 0.0625