5 0.6394493177387914 0.41995614035087714 0.04479775828460033 0.054276315789473686
5 0.5628654970760233 0.5141325536062379 0.039802631578947444 0.04586988304093571
5 0.5998781676413255 0.6273148148148148 0.04640594541910341 0.04940302144249499
5 0.5714912280701755 0.3467348927875244 0.03987573099415218 0.055738304093567295
5 0.491593567251462 0.4375 0.03988791423001945 0.05738304093567256
5 0.38631822612085776 0.4319566276803119 0.04315302144249506 0.054215399610136404
5 0.34467592592592594 0.3597100389863548 0.049719785575048754 0.05281432748538008
5 0.3018518518518518 0.5718810916179337 0.05957602339181287 0.05153508771929812
5 0.6453094541910331 0.545138888888889 0.05137670565302138 0.05451998050682262
5 0.4323708576998051 0.6556408382066278 0.04808723196881085 0.054398148148148244
5 0.40335038986354776 0.5115131578947368 0.04480994152046778 0.05592105263157895
5 0.43819444444444444 0.331932261208577 0.044822124756335235 0.05756578947368421