5 0.5394736842105263 0.6447368421052632 0.06085526315789474 0.05756578947368421
5 0.2713815789473684 0.46875 0.05098684210526316 0.05263157894736842
5 0.3355263157894737 0.3963815789473684 0.03618421052631579 0.046052631578947366
5 0.4506578947368421 0.3338815789473684 0.04111842105263158 0.049342105263157895
5 0.6217105263157895 0.4292763157894737 0.05263157894736842 0.04276315789473684
5 0.4457236842105263 0.4407894736842105 0.039473684210526314 0.046052631578947366
5 0.42105263157894735 0.5509868421052632 0.044407894736842105 0.044407894736842105
5 0.35855263157894735 0.5 0.046052631578947366 0.04276315789473684
5 0.6414473684210527 0.5115131578947368 0.046052631578947366 0.054276315789473686
5 0.5411184210526315 0.34868421052631576 0.044407894736842105 0.05098684210526316
5 0.37664473684210525 0.6726973684210527 0.05098684210526316 0.054276315789473686
5 0.5476973684210527 0.45230263157894735 0.046052631578947366 0.05592105263157895