5 0.45425194931773877 0.5208455165692008 0.05169346978557505 0.04920808966861606
5 0.5378167641325536 0.31779970760233917 0.04020467836257312 0.050511695906432744
5 0.5647173489278753 0.4994883040935672 0.050170565302144164 0.05738304093567256
5 0.4933235867446393 0.6577850877192982 0.05677387914230012 0.05922270955165693
5 0.6201388888888889 0.42057748538011697 0.04518762183235855 0.053947368421052556
5 0.6169468810916179 0.6360380116959065 0.05183966861598434 0.059076510721247644
5 0.3494761208576998 0.4910696881091618 0.04501705653021435 0.04243421052631571
5 0.42369639376218327 0.3639254385964912 0.040131578947368386 0.04557748538011695
5 0.37791179337231967 0.5691398635477584 0.04850146198830417 0.05568957115009747
5 0.5432017543859649 0.398196881091618 0.04683235867446381 0.05399610136452238
5 0.712171052631579 0.4227826510721247 0.040180311890838205 0.04886695906432748
5 0.7075414230019493 0.5133406432748537 0.05517787524366469 0.06246345029239782