5 0.5476973684210527 0.6101973684210527 0.054276315789473686 0.054276315789473686
5 0.6661184210526315 0.4506578947368421 0.039473684210526314 0.047697368421052634
5 0.5148026315789473 0.42598684210526316 0.03782894736842105 0.05263157894736842
5 0.555921052631579 0.5016447368421053 0.04111842105263158 0.04276315789473684
5 0.618421052631579 0.3832236842105263 0.03453947368421053 0.04276315789473684
5 0.4309210526315789 0.3963815789473684 0.04111842105263158 0.049342105263157895
5 0.2993421052631579 0.4720394736842105 0.05263157894736842 0.049342105263157895
5 0.6299342105263158 0.5542763157894737 0.047697368421052634 0.06414473684210527
5 0.4276315789473684 0.34539473684210525 0.03782894736842105 0.039473684210526314
5 0.5098684210526315 0.3470394736842105 0.03618421052631579 0.044407894736842105
5 0.41118421052631576 0.45394736842105265 0.046052631578947366 0.05592105263157895
5 0.3667763157894737 0.5756578947368421 0.046052631578947366 0.06085526315789474