5 0.3223684210526316 0.45230263157894735 0.04111842105263158 0.04276315789473684
5 0.6710526315789473 0.47039473684210525 0.039473684210526314 0.044407894736842105
5 0.6332236842105263 0.4292763157894737 0.03618421052631579 0.039473684210526314
5 0.5197368421052632 0.5575657894736842 0.05263157894736842 0.06578947368421052
5 0.5526315789473685 0.4917763157894737 0.044407894736842105 0.047697368421052634
5 0.45394736842105265 0.42269736842105265 0.03782894736842105 0.04111842105263158
5 0.5263157894736842 0.4440789473684211 0.03618421052631579 0.04276315789473684
5 0.618421052631579 0.5296052631578947 0.05098684210526316 0.06414473684210527
5 0.42105263157894735 0.4506578947368421 0.04276315789473684 0.046052631578947366
5 0.3470394736842105 0.5164473684210527 0.05263157894736842 0.06085526315789474
5 0.5345394736842105 0.40131578947368424 0.03289473684210526 0.03289473684210526
5 0.4654605263157895 0.3963815789473684 0.03125 0.03125