5 0.37028508771929824 0.47096734892787534 0.04645467836257305 0.05461744639376208
5 0.45248538011695905 0.46542397660818713 0.04307992202729033 0.04307992202729033
5 0.48972953216374276 0.3861963937621833 0.03485623781676401 0.043019005847953234
5 0.3151559454191033 0.5782894736842106 0.06296296296296296 0.06296296296296296
5 0.4645224171539961 0.5360623781676415 0.048075048732943396 0.0513401559454192
5 0.6681530214424951 0.49178849902534116 0.054666179337231904 0.0530336257309941
5 0.5592348927875244 0.4432504873294347 0.044749025341130504 0.046381578947368496
5 0.5570540935672514 0.5929459064327485 0.04817251461988305 0.0644980506822613
5 0.5976364522417154 0.5202729044834309 0.05140107212475629 0.0562987329434699
5 0.6298123781676415 0.4229897660818714 0.04476120857699815 0.04802631578947376
5 0.42076023391812867 0.4015107212475633 0.03656189083820665 0.051254873294347005
5 0.42742446393762185 0.6350268031189085 0.059673489278752434 0.06293859649122804