5 0.31525341130604295 0.4621710526315789 0.05104775828460044 0.05756578947368421
5 0.44388401559454194 0.4506578947368421 0.04596734892787518 0.05263157894736842
5 0.49488304093567254 0.39473684210526316 0.03740253411306028 0.04111842105263158
5 0.43825536062378173 0.5296052631578947 0.04775828460038972 0.05756578947368421
5 0.2832115009746589 0.5444078947368421 0.06449805068226121 0.06743421052631579
5 0.4206262183235867 0.4029605263157895 0.037451267056530194 0.04276315789473684
5 0.6926535087719298 0.5476973684210527 0.06280458089668621 0.06578947368421052
5 0.5151072124756336 0.600328947368421 0.056225633528265165 0.06578947368421052
5 0.6217592592592593 0.44243421052631576 0.039096003898635365 0.04276315789473684
5 0.5632066276803119 0.53125 0.052643762183235875 0.05592105263157895
5 0.36353557504873296 0.6644736842105263 0.059710038986354796 0.07236842105263158
5 0.48687865497076027 0.7203947368421053 0.061695906432748644 0.08388157894736842