5 0.5449561403508772 0.5341252436647174 0.049756335282651026 0.05738304093567256
5 0.46498538011695906 0.6156189083820663 0.051510721247563396 0.07223440545808975
5 0.6809454191033139 0.4674463937621832 0.044736842105263235 0.04572368421052624
5 0.34580896686159845 0.5101364522417154 0.05472709551656919 0.06246345029239763
5 0.35826023391812867 0.4151315789473684 0.03484405458089665 0.04214181286549705
5 0.683162768031189 0.5447977582846003 0.05135233918128647 0.05085282651072133
5 0.5718445419103313 0.6122076023391813 0.04979288499025358 0.06231725146198835
5 0.5526072124756335 0.45706627680311884 0.039802631578947444 0.04557748538011695
5 0.49467592592592596 0.4060185185185185 0.034831871345029096 0.04049707602339188
5 0.5981846978557505 0.39428606237816766 0.03483187134502928 0.04049707602339188
5 0.5289108187134502 0.3659234892787524 0.033174951267056565 0.03880360623781679
5 0.44723440545808973 0.43914473684210525 0.041459551656919974 0.04727095516569204