5 0.4967105263157895 0.6332236842105263 0.046052631578947366 0.05592105263157895
5 0.537828947368421 0.4309210526315789 0.039473684210526314 0.047697368421052634
5 0.5476973684210527 0.5263157894736842 0.046052631578947366 0.044407894736842105
5 0.6661184210526315 0.4128289473684211 0.04111842105263158 0.04111842105263158
5 0.3190789473684211 0.4194078947368421 0.046052631578947366 0.039473684210526314
5 0.4654605263157895 0.3717105263157895 0.04111842105263158 0.047697368421052634
5 0.680921052631579 0.5049342105263158 0.044407894736842105 0.04111842105263158
5 0.48355263157894735 0.3059210526315789 0.03453947368421053 0.044407894736842105
5 0.5674342105263158 0.3305921052631579 0.039473684210526314 0.046052631578947366
5 0.5921052631578947 0.6052631578947368 0.04276315789473684 0.054276315789473686
5 0.4243421052631579 0.43256578947368424 0.046052631578947366 0.05263157894736842
5 0.3470394736842105 0.5476973684210527 0.05098684210526316 0.06085526315789474
5 0.6447368421052632 0.23684210526315788 0.03289473684210526 0.03453947368421053