5 0.4442982456140351 0.46715399610136454 0.04315302144249506 0.053265107212475765
5 0.32967836257309946 0.5379385964912281 0.04649122807017542 0.059892787524366456
5 0.4307383040935673 0.41307261208577 0.03815789473684218 0.04496832358674471
5 0.6306164717348928 0.5269005847953216 0.04808723196881085 0.05333820662768032
5 0.3911062378167641 0.6143396686159843 0.058065302144249535 0.06828703703703697
5 0.6809332358674464 0.43568469785575054 0.041459551656919974 0.0466617933723198
5 0.5104775828460039 0.5188109161793373 0.04476120857699815 0.0483552631578947
5 0.5638767056530214 0.3995857699805068 0.03484405458089674 0.04163011695906436
5 0.37506091617933723 0.4467958089668615 0.0397904483430799 0.04334795321637436
5 0.7101486354775829 0.6046783625730994 0.06962719298245601 0.0750365497076024
5 0.6005604288499026 0.46648391812865503 0.03979044834307999 0.04334795321637436
5 0.5821150097465887 0.6411184210526316 0.06461988304093567 0.0650950292397661