5 0.6100755360623782 0.44272660818713455 0.049342105263157895 0.04476120857699815
5 0.5340521442495126 0.45315545808966856 0.04465155945419104 0.05130360623781664
5 0.5434941520467836 0.3758040935672515 0.04111842105263158 0.044700292397660865
5 0.6207358674463938 0.5100633528265107 0.04806286549707594 0.05461744639376208
5 0.3460038986354776 0.4693469785575049 0.042824074074074125 0.04635721247563358
5 0.46521686159844056 0.358296783625731 0.03782894736842105 0.04467592592592595
5 0.44097222222222215 0.4357577972709552 0.0428849902534114 0.048001949317738844
5 0.31243908382066277 0.6208698830409357 0.061769005847953196 0.0695175438596491
5 0.27473196881091616 0.44027777777777777 0.05287524366471735 0.05136452241715411
5 0.4901315789473684 0.6179093567251461 0.05975877192982462 0.05963693957115025
5 0.3505116959064327 0.39203216374269007 0.03776803118908377 0.04303118908382069
5 0.390229044834308 0.5183479532163743 0.048062865497076036 0.05461744639376208