5 0.5411184210526315 0.5050560428849903 0.039534600389863596 0.047173489278752395
5 0.6198830409356726 0.42341617933723197 0.04471247563352832 0.05389863547758273
5 0.5563474658869395 0.3606115984405458 0.03807261208576999 0.05205896686159845
5 0.5732212475633528 0.6163255360623782 0.047697368421052634 0.04577241715399607
5 0.474537037037037 0.43557504873294345 0.04148391812865489 0.055445906432748535
5 0.27259990253411304 0.5530823586744639 0.06122076023391814 0.05603070175438587
5 0.3760964912280702 0.42607212475633527 0.04471247563352832 0.05389863547758292
5 0.348745126705653 0.36433966861598444 0.04617446393762183 0.049013157894736765
5 0.6254873294346979 0.5388401559454191 0.054763645224171556 0.05912524366471747
5 0.43177387914230014 0.34539473684210525 0.04142300194931779 0.05380116959064327
5 0.39443226120857705 0.6423123781676413 0.04952485380116955 0.05075536062378168
5 0.3816398635477583 0.49868421052631584 0.046539961013645235 0.05888157894736835
5 0.3481359649122807 0.24741715399610137 0.037402534113060465 0.033966861598440555