5 0.5411184210526315 0.5180921052631579 0.049342105263157895 0.05592105263157895
5 0.4605263157894737 0.6019736842105263 0.05098684210526316 0.07072368421052631
5 0.6776315789473685 0.4473684210526316 0.044407894736842105 0.044407894736842105
5 0.34210526315789475 0.5 0.054276315789473686 0.06085526315789474
5 0.35526315789473684 0.40460526315789475 0.03453947368421053 0.04111842105263158
5 0.6792763157894737 0.524671052631579 0.05098684210526316 0.049342105263157895
5 0.5674342105263158 0.5953947368421053 0.049342105263157895 0.06085526315789474
5 0.5493421052631579 0.4407894736842105 0.039473684210526314 0.044407894736842105
5 0.4917763157894737 0.39144736842105265 0.03453947368421053 0.039473684210526314
5 0.5953947368421053 0.37664473684210525 0.03453947368421053 0.039473684210526314
5 0.5263157894736842 0.3503289473684211 0.03289473684210526 0.03782894736842105
5 0.4440789473684211 0.42598684210526316 0.04111842105263158 0.046052631578947366