5 0.38913255360623783 0.40226608187134505 0.039047270955165726 0.0419590643274853
5 0.4803118908382067 0.4314692982456141 0.0406920077972708 0.04199561403508767
5 0.566374269005848 0.4114766081871345 0.04064327485380117 0.0403508771929825
5 0.3124512670565302 0.4384868421052632 0.04741715399610133 0.04707602339181293
5 0.40986842105263155 0.4790570175438596 0.055787037037037114 0.052192982456140374
5 0.6412402534113061 0.4919956140350877 0.05598196881091623 0.05877192982456143
5 0.40095029239766083 0.5581505847953216 0.06130604288499024 0.07203947368421044
5 0.28740253411306044 0.6182017543859649 0.06435185185185183 0.06388888888888887
5 0.601498538011696 0.6128654970760234 0.058065302144249535 0.07361111111111097
5 0.2686525341130604 0.5298611111111111 0.064303118908382 0.06224415204678361
5 0.49872076023391815 0.5313230994152047 0.052789961013645165 0.06198830409356722
5 0.4978313840155945 0.3949195906432748 0.03566033138401574 0.038596491228070226