5 0.4856481481481481 0.497380604288499 0.055933235867446404 0.05793128654970752
5 0.5886817738791423 0.47380604288499023 0.05433723196881096 0.05951510721247569
5 0.5307992202729045 0.35410575048732945 0.03406432748538011 0.04069200779727099
5 0.3717714424951267 0.4884259259259259 0.04756335282651071 0.05269249512670551
5 0.5516569200779727 0.6134868421052632 0.059758771929824435 0.07614522417153997
5 0.6247563352826511 0.4131944444444445 0.047465886939571156 0.04940302144249518
5 0.4314936647173489 0.3923611111111111 0.03735380116959064 0.040813840155945365
5 0.6888888888888889 0.5771198830409358 0.0545808966861599 0.067738791423002
5 0.4130482456140351 0.5478192007797271 0.054434697855750426 0.06280458089668621
5 0.7036549707602339 0.40862573099415206 0.03919346978557501 0.0474537037037037
5 0.5504020467836257 0.4044225146198831 0.0441276803118908 0.04763645224171535
5 0.7268884015594541 0.47033382066276797 0.05936890838206622 0.06298732943469787