5 0.3470394736842105 0.4393518518518518 0.047697368421052634 0.05498294346978558
5 0.46875 0.44937865497076024 0.044407894736842105 0.04999999999999996
5 0.29769736842105265 0.5093445419103313 0.05921052631578947 0.061732456140350826
5 0.5345394736842105 0.4043006822612086 0.03618421052631579 0.04000974658869392
5 0.4375 0.5245735867446394 0.049342105263157895 0.05829678362573101
5 0.3338815789473684 0.6332358674463938 0.06743421052631579 0.07172270955165697
5 0.4934210526315789 0.6158625730994153 0.05098684210526316 0.06983430799220276
5 0.4605263157894737 0.40155945419103317 0.03453947368421053 0.04491959064327489
5 0.6480263157894737 0.4783503898635477 0.04276315789473684 0.045041423001949445
5 0.5608552631578947 0.5560063352826511 0.05098684210526316 0.06325536062378172
5 0.7171052631578947 0.7260843079922028 0.07236842105263158 0.08495370370370381
5 0.4292763157894737 0.7201754385964912 0.06743421052631579 0.07830165692007802