5 0.2587110136452242 0.606469298245614 0.052936159844054635 0.053009259259259374
5 0.4643031189083821 0.5605506822612085 0.05646929824561391 0.05961257309941534
5 0.36537524366471735 0.5678606237816763 0.059880604288499 0.06292641325536077
5 0.26723927875243664 0.5093932748538011 0.057809454191033144 0.05140107212475629
5 0.6242690058479532 0.5478557504873295 0.06152534113060426 0.06293859649122804
5 0.5232090643274854 0.3907529239766082 0.03776803118908396 0.04303118908382069
5 0.40497076023391815 0.4754873294346978 0.05445906432748534 0.04973196881091611
5 0.4887305068226121 0.433759746588694 0.04111842105263158 0.044700292397660865
5 0.592714424951267 0.42312378167641324 0.04775828460038991 0.046393762183235765
5 0.5240009746588694 0.6801413255360623 0.05634746588693972 0.05632309941520481
5 0.3350389863547758 0.41023391812865495 0.04276315789473684 0.04471247563352832
5 0.4184332358674464 0.3783747563352826 0.037707115009746585 0.04138645224171542