5 0.5736354775828459 0.4702729044834308 0.04083820662768028 0.04722222222222222
5 0.6485501949317739 0.387390350877193 0.04427387914230028 0.05225389863547756
5 0.5794590643274854 0.3334673489278753 0.039242202729044835 0.048818226120857657
5 0.40537280701754386 0.40282651072124753 0.04262914230019492 0.05220516569200783
5 0.6129385964912281 0.5744639376218323 0.04731968810916168 0.0441276803118908
5 0.5043006822612086 0.40812621832358675 0.0410818713450294 0.055445906432748535
5 0.3708211500974659 0.34788011695906434 0.04577241715399607 0.047368421052631504
5 0.30715155945419104 0.5324926900584795 0.06246345029239763 0.05607943469785569
5 0.6600389863547759 0.49734405458089664 0.0543859649122806 0.06076998050682273
5 0.4345882066276802 0.6110258284600389 0.04920808966861606 0.05240009746588694
5 0.4574074074074074 0.32556042884990255 0.04258040935672519 0.05056042884990257
5 0.4140472709551657 0.47335526315789467 0.04611354775828456 0.05888157894736835