5 0.458296783625731 0.6528874269005848 0.06923732943469779 0.06185428849902539
5 0.4642178362573099 0.5198099415204678 0.04906189083820659 0.04675925925925926
5 0.5747076023391813 0.5313109161793372 0.04770955165692009 0.056603313840156114
5 0.3820175438596491 0.46433966861598447 0.04248294346978554 0.0466617933723198
5 0.680324074074074 0.3783382066276803 0.032468323586744674 0.04158138401559454
5 0.6537402534113061 0.4798732943469786 0.0443226120857701 0.053265107212475765
5 0.590557992202729 0.6778630604288499 0.061062378167641304 0.06337719298245609
5 0.37763157894736843 0.5382553606237817 0.05767543859649122 0.06003898635477574
5 0.48334551656920083 0.3885721247563353 0.04078947368421045 0.04499269005847953
5 0.8052631578947369 0.5445906432748537 0.06101364522417148 0.061732456140350826
5 0.5819444444444444 0.44264132553606234 0.04262914230019501 0.05159600389863559
5 0.7643640350877193 0.44041179337231967 0.039096003898635365 0.04332358674463945