5 0.45723684210526316 0.5148026315789473 0.05098684210526316 0.05098684210526316
5 0.5707236842105263 0.5082236842105263 0.047697368421052634 0.05756578947368421
5 0.48355263157894735 0.6463815789473685 0.06578947368421052 0.06907894736842106
5 0.5542763157894737 0.37006578947368424 0.03782894736842105 0.04111842105263158
5 0.36019736842105265 0.4819078947368421 0.044407894736842105 0.046052631578947366
5 0.6282894736842105 0.44901315789473684 0.044407894736842105 0.05098684210526316
5 0.6200657894736842 0.6398026315789473 0.05592105263157895 0.06907894736842106
5 0.4457236842105263 0.3930921052631579 0.039473684210526314 0.04111842105263158
5 0.3717105263157895 0.5493421052631579 0.05263157894736842 0.0625
5 0.7154605263157895 0.5361842105263158 0.05756578947368421 0.06414473684210527
5 0.555921052631579 0.42598684210526316 0.04276315789473684 0.049342105263157895
5 0.71875 0.4605263157894737 0.04111842105263158 0.047697368421052634