5 0.71875 0.4605263157894737 0.039473684210526314 0.047697368421052634
5 0.7154605263157895 0.5361842105263158 0.05592105263157895 0.06414473684210527
5 0.555921052631579 0.42598684210526316 0.04276315789473684 0.049342105263157895
5 0.48355263157894735 0.6463815789473685 0.06414473684210527 0.06907894736842106
5 0.618421052631579 0.6381578947368421 0.054276315789473686 0.06743421052631579
5 0.6282894736842105 0.44901315789473684 0.044407894736842105 0.05098684210526316
5 0.3717105263157895 0.5509868421052632 0.05098684210526316 0.06085526315789474
5 0.4588815789473684 0.5148026315789473 0.05263157894736842 0.049342105263157895
5 0.569078947368421 0.5082236842105263 0.047697368421052634 0.05592105263157895
5 0.4457236842105263 0.3930921052631579 0.039473684210526314 0.04111842105263158
5 0.36019736842105265 0.4819078947368421 0.04276315789473684 0.044407894736842105
5 0.5542763157894737 0.3684210526315789 0.03618421052631579 0.04111842105263158