5 0.5611842105263157 0.462962962962963 0.04228801169590643 0.052936159844054635
5 0.5691520467836257 0.377509746588694 0.04049707602339188 0.046345029239766126
5 0.6497076023391813 0.5244639376218324 0.04725877192982458 0.05461744639376208
5 0.48651315789473687 0.35880847953216377 0.03717105263157899 0.04467592592592595
5 0.37233187134502926 0.47471978557504874 0.04214181286549714 0.04635721247563358
5 0.6382309941520469 0.45202241715399605 0.04546783625730985 0.04802631578947376
5 0.34788011695906434 0.6324074074074074 0.05902777777777782 0.06621588693957112
5 0.4653143274853802 0.4408747563352826 0.04221491228070188 0.04964668615984411
5 0.30087719298245613 0.4413011695906433 0.05380116959064327 0.05302144249512664
5 0.5288011695906432 0.6337475633528266 0.057200292397660904 0.05798001949317735
5 0.37211257309941526 0.39085038986354775 0.03717105263157899 0.04467592592592595
5 0.4228801169590643 0.5293615984405458 0.04557748538011695 0.05296052631578955