5 0.4407894736842105 0.4720394736842105 0.04111842105263158 0.054276315789473686
5 0.32401315789473684 0.5427631578947368 0.046052631578947366 0.05921052631578947
5 0.4342105263157895 0.4095394736842105 0.03782894736842105 0.044407894736842105
5 0.618421052631579 0.5509868421052632 0.047697368421052634 0.05098684210526316
5 0.3717105263157895 0.6282894736842105 0.05263157894736842 0.06743421052631579
5 0.5 0.5345394736842105 0.044407894736842105 0.047697368421052634
5 0.6875 0.4506578947368421 0.044407894736842105 0.047697368421052634
5 0.375 0.4440789473684211 0.03782894736842105 0.039473684210526314
5 0.5707236842105263 0.4029605263157895 0.03453947368421053 0.044407894736842105
5 0.6907894736842105 0.6430921052631579 0.06743421052631579 0.07401315789473684
5 0.5986842105263158 0.48355263157894735 0.04111842105263158 0.04276315789473684
5 0.5575657894736842 0.6726973684210527 0.06414473684210527 0.0625