5 0.4273269980506823 0.5033138401559455 0.04952485380116955 0.05004873294346979
5 0.3534356725146199 0.5433601364522417 0.04635721247563349 0.05328947368421049
5 0.36829922027290446 0.6752314814814815 0.056347465886939535 0.056725146198830304
5 0.6287158869395711 0.4421174463937622 0.04434697855750501 0.043396686159843996
5 0.414656432748538 0.4010964912280702 0.047697368421052634 0.04509015594541908
5 0.4759381091617934 0.5682139376218324 0.046052631578947366 0.04506578947368436
5 0.5874147173489279 0.5797392787524367 0.059636939571150065 0.05677387914230012
5 0.5137061403508771 0.4371223196881092 0.04276315789473684 0.04501705653021454
5 0.35709064327485374 0.4446759259259259 0.03624512670565307 0.04656432748538015
5 0.5665813840155945 0.3868908382066277 0.03929093567251466 0.04003411306042892
5 0.5001218323586745 0.6706018518518518 0.05500730994152049 0.0649244639376219
5 0.5854653996101364 0.49907407407407406 0.04258040935672519 0.04008284600389875