5 0.4478070175438596 0.46388888888888885 0.043542884990253286 0.05358187134502925
5 0.3336988304093568 0.5355263157894737 0.04692982456140346 0.060233918128655035
5 0.4338450292397661 0.4099049707602339 0.03848684210526312 0.04524853801169583
5 0.6345882066276802 0.5222587719298245 0.04847709551656907 0.053691520467836165
5 0.39569931773879147 0.6114766081871346 0.05856481481481486 0.06871345029239774
5 0.6842348927875244 0.43066520467836256 0.04180068226120856 0.04696637426900583
5 0.5143762183235868 0.5150584795321638 0.045114522417153996 0.04868421052631583
5 0.5668981481481481 0.3954312865497076 0.03514863547758296 0.04188596491228075
5 0.378411306042885 0.4440423976608187 0.040107212475633564 0.04364035087719293
5 0.7147051656920077 0.599451754385965 0.07017543859649135 0.07554824561403518
5 0.6040813840155945 0.46206140350877195 0.04010721247563347 0.04364035087719293
5 0.58692738791423 0.6368421052631579 0.0650950292397661 0.0655701754385965