5 0.3618421052631579 0.4309210526315789 0.044407894736842105 0.047697368421052634
5 0.47368421052631576 0.4457236842105263 0.04111842105263158 0.044407894736842105
5 0.5427631578947368 0.41118421052631576 0.03453947368421053 0.03782894736842105
5 0.30098684210526316 0.48519736842105265 0.05756578947368421 0.05592105263157895
5 0.43256578947368424 0.5032894736842105 0.05098684210526316 0.05756578947368421
5 0.6858552631578947 0.5855263157894737 0.05756578947368421 0.07236842105263158
5 0.4786184210526316 0.5822368421052632 0.05263157894736842 0.07401315789473684
5 0.6513157894736842 0.47368421052631576 0.044407894736842105 0.047697368421052634
5 0.39473684210526316 0.6759868421052632 0.07401315789473684 0.08223684210526316
5 0.3125 0.5921052631578947 0.06907894736842106 0.07236842105263158
5 0.5542763157894737 0.5361842105263158 0.047697368421052634 0.06085526315789474
5 0.47039473684210525 0.40625 0.03453947368421053 0.04111842105263158