5 0.5296174463937622 0.5899122807017543 0.05588450292397658 0.05628654970760225
5 0.6527655945419104 0.42598684210526316 0.040886939571150104 0.04915935672514624
5 0.5021807992202729 0.4069200779727095 0.03938840155945431 0.05403265107212475
5 0.5410575048732943 0.48105506822612093 0.04238547758284589 0.04428606237816755
5 0.6070662768031189 0.3603192007797271 0.035806530214424835 0.0440423976608187
5 0.41917641325536065 0.38042153996101363 0.04258040935672519 0.05086500974658869
5 0.2853557504873294 0.46095272904483425 0.05409356725146203 0.051291423001949374
5 0.613511208576998 0.5309454191033138 0.04959795321637429 0.06591130604288509
5 0.41739766081871343 0.329556530214425 0.0389985380116959 0.04087475633528265
5 0.49958576998050686 0.3281554580896686 0.03749999999999992 0.045748050682261156
5 0.39773391812865494 0.4387183235867447 0.04770955165692009 0.057626705653021304
5 0.34971978557504874 0.5620735867446394 0.047855750487329374 0.0625609161793371