5 0.5509868421052632 0.5164473684210527 0.044407894736842105 0.044407894736842105
5 0.5148026315789473 0.6266447368421053 0.054276315789473686 0.05592105263157895
5 0.53125 0.4276315789473684 0.039473684210526314 0.049342105263157895
5 0.45394736842105265 0.37993421052631576 0.04276315789473684 0.047697368421052634
5 0.2993421052631579 0.3667763157894737 0.046052631578947366 0.04111842105263158
5 0.3503289473684211 0.555921052631579 0.049342105263157895 0.06085526315789474
5 0.6513157894736842 0.3996710526315789 0.03782894736842105 0.04276315789473684
5 0.6759868421052632 0.48355263157894735 0.04111842105263158 0.04276315789473684
5 0.3782894736842105 0.30756578947368424 0.03453947368421053 0.039473684210526314
5 0.48848684210526316 0.2911184210526316 0.039473684210526314 0.044407894736842105
5 0.4194078947368421 0.4407894736842105 0.047697368421052634 0.054276315789473686
5 0.6052631578947368 0.5888157894736842 0.04276315789473684 0.05921052631578947