5 0.5395102339181287 0.5286915204678363 0.04539473684210511 0.0453947368421053
5 0.5008771929824561 0.6380847953216374 0.055519005847953086 0.057127192982456165
5 0.5217470760233919 0.43943713450292404 0.04057017543859643 0.05021929824561398
5 0.4455043859649123 0.3900219298245614 0.04382309941520459 0.04864766081871346
5 0.29119152046783625 0.37342836257309936 0.04696637426900583 0.04214181286549714
5 0.3379751461988304 0.5637061403508772 0.050694444444444396 0.061951754385965035
5 0.6424342105263158 0.4141447368421053 0.03877923976608188 0.04360380116959056
5 0.6652412280701755 0.49857456140350875 0.04206871345029241 0.0436769005847953
5 0.37145467836257307 0.31597222222222215 0.03541666666666662 0.04024122807017549
5 0.4820175438596491 0.30197368421052634 0.04046052631578951 0.0452850877192982
5 0.4096125730994152 0.45010964912280693 0.04890350877192985 0.055336257309941426
5 0.5921783625730995 0.6022660818713451 0.044078947368420975 0.060160818713450304