5 0.5625 0.3717105263157895 0.046052631578947366 0.047697368421052634
5 0.5509868421052632 0.45723684210526316 0.04276315789473684 0.05098684210526316
5 0.6365131578947368 0.5164473684210527 0.044407894736842105 0.054276315789473686
5 0.6266447368421053 0.4457236842105263 0.04276315789473684 0.047697368421052634
5 0.4769736842105263 0.35526315789473684 0.03618421052631579 0.044407894736842105
5 0.3618421052631579 0.47368421052631576 0.04111842105263158 0.046052631578947366
5 0.45394736842105265 0.43914473684210525 0.04111842105263158 0.049342105263157895
5 0.22203947368421054 0.6200657894736842 0.07236842105263158 0.06578947368421052
5 0.20065789473684212 0.5131578947368421 0.06578947368421052 0.05756578947368421
5 0.2680921052631579 0.4095394736842105 0.04276315789473684 0.047697368421052634
5 0.41118421052631576 0.5279605263157895 0.044407894736842105 0.05263157894736842
5 0.5131578947368421 0.6282894736842105 0.05592105263157895 0.05756578947368421