5 0.6052631578947368 0.3470394736842105 0.03782894736842105 0.046052631578947366
5 0.4473684210526316 0.524671052631579 0.046052631578947366 0.039473684210526314
5 0.5542763157894737 0.5427631578947368 0.04276315789473684 0.049342105263157895
5 0.6430921052631579 0.48355263157894735 0.04276315789473684 0.049342105263157895
5 0.43585526315789475 0.6694078947368421 0.05921052631578947 0.05263157894736842
5 0.3667763157894737 0.4588815789473684 0.04111842105263158 0.044407894736842105
5 0.5509868421052632 0.6990131578947368 0.05263157894736842 0.05592105263157895
5 0.4769736842105263 0.3569078947368421 0.04276315789473684 0.05098684210526316
5 0.3618421052631579 0.5444078947368421 0.05263157894736842 0.05263157894736842
5 0.5756578947368421 0.4342105263157895 0.04111842105263158 0.05263157894736842
5 0.7335526315789473 0.5230263157894737 0.047697368421052634 0.039473684210526314
5 0.6907894736842105 0.6118421052631579 0.04276315789473684 0.05098684210526316