5 0.4268031189083821 0.47856968810916173 0.042726608187134474 0.054885477582846114
5 0.30793128654970764 0.5475633528265107 0.047807017543859645 0.059892787524366456
5 0.42207602339181294 0.4159722222222222 0.03914473684210519 0.04496832358674471
5 0.6020955165692008 0.5601486354775829 0.04920808966861606 0.05169346978557505
5 0.3530945419103314 0.6337962962962963 0.05462962962962963 0.06821393762183242
5 0.4841617933723197 0.5419468810916179 0.04582115009746589 0.0483552631578947
5 0.6741471734892788 0.4608430799220273 0.04582115009746589 0.0483552631578947
5 0.3618421052631579 0.44963450292397655 0.0389985380116959 0.04003411306042892
5 0.5587841130604289 0.41141569200779726 0.03585526315789466 0.04491959064327489
5 0.6717348927875243 0.6533260233918129 0.06962719298245601 0.07501218323586749
5 0.5843567251461989 0.4924220272904483 0.042385477582846075 0.04337231968810927
5 0.5376340155945419 0.6809576023391813 0.0659965886939571 0.06345029239766083