5 0.3566885964912281 0.44449317738791416 0.04890350877192985 0.05568957115009747
5 0.4785818713450292 0.4563230994152047 0.04550438596491241 0.050657894736842034
5 0.3089181286549707 0.5137548732943469 0.06056286549707598 0.06260964912280692
5 0.5433479532163743 0.41221978557504874 0.03706140350877188 0.04054580896686161
5 0.44901315789473684 0.5310550682261209 0.05062134502923985 0.05902777777777782
5 0.7055921052631579 0.6126218323586745 0.05910087719298237 0.07078460038986341
5 0.5069444444444443 0.6231725146198831 0.052521929824561504 0.07058966861598448
5 0.6600877192982457 0.4879995126705653 0.04374999999999985 0.04567495126705642
5 0.5729897660818712 0.5626705653021442 0.05233918128654985 0.06236598440545817
5 0.46929824561403516 0.4083820662768031 0.0371710526315788 0.04548001949317731
5 0.4451388888888889 0.7265350877192983 0.07083333333333341 0.08099415204678376
5 0.34788011695906434 0.6398269980506823 0.06736111111111105 0.07267300194931779