5 0.5509868421052632 0.4588815789473684 0.04111842105263158 0.05263157894736842
5 0.5608552631578947 0.37335526315789475 0.039473684210526314 0.046052631578947366
5 0.6381578947368421 0.5197368421052632 0.046052631578947366 0.054276315789473686
5 0.4786184210526316 0.35526315789473684 0.03618421052631579 0.044407894736842105
5 0.3618421052631579 0.4720394736842105 0.04111842105263158 0.046052631578947366
5 0.6282894736842105 0.4473684210526316 0.044407894736842105 0.047697368421052634
5 0.3338815789473684 0.6299342105263158 0.05756578947368421 0.06578947368421052
5 0.4555921052631579 0.4375 0.04111842105263158 0.049342105263157895
5 0.2911184210526316 0.43914473684210525 0.05263157894736842 0.05263157894736842
5 0.5148026315789473 0.6299342105263158 0.05592105263157895 0.05756578947368421
5 0.36348684210526316 0.3881578947368421 0.03618421052631579 0.044407894736842105
5 0.41118421052631576 0.5263157894736842 0.044407894736842105 0.05263157894736842