5 0.5597344054580897 0.4904117933723197 0.05254629629629642 0.05338693957114995
5 0.5848562378167642 0.642166179337232 0.061208576998050775 0.06831140350877188
5 0.47105263157894733 0.5401072124756335 0.04940302144249499 0.0582724171539961
5 0.5151681286549707 0.32849658869395715 0.0325170565302145 0.0432261208576998
5 0.5717958089668617 0.4165448343079922 0.044176413255360626 0.048330896686159884
5 0.3506457115009746 0.5498416179337232 0.055933235867446404 0.056725146198830304
5 0.6788133528265107 0.581030701754386 0.05936890838206622 0.06170808966861591
5 0.4230019493177388 0.6068591617933723 0.05249756335282659 0.05174220272904469
5 0.37079678362573104 0.42508528265107215 0.04248294346978554 0.04666179337231961
5 0.49604044834308 0.41871345029239765 0.04248294346978554 0.04666179337231961
5 0.6085769980506823 0.34139863547758287 0.035806530214424835 0.043274853801169626
5 0.6924463937621832 0.3985867446393762 0.04915935672514624 0.05004873294346979