5 0.4457236842105263 0.4967105263157895 0.047697368421052634 0.049342105263157895
5 0.37335526315789475 0.537828947368421 0.044407894736842105 0.05263157894736842
5 0.3930921052631579 0.6694078947368421 0.054276315789473686 0.05592105263157895
5 0.6447368421052632 0.43256578947368424 0.04276315789473684 0.04276315789473684
5 0.4292763157894737 0.39473684210526316 0.046052631578947366 0.044407894736842105
5 0.4967105263157895 0.5608552631578947 0.044407894736842105 0.044407894736842105
5 0.6085526315789473 0.5707236842105263 0.05756578947368421 0.05592105263157895
5 0.5296052631578947 0.4292763157894737 0.04111842105263158 0.044407894736842105
5 0.37335526315789475 0.43914473684210525 0.03453947368421053 0.046052631578947366
5 0.5805921052631579 0.3782894736842105 0.03782894736842105 0.039473684210526314
5 0.524671052631579 0.662828947368421 0.05263157894736842 0.06414473684210527
5 0.6036184210526315 0.4901315789473684 0.04111842105263158 0.039473684210526314