5 0.5493421052631579 0.5197368421052632 0.044407894736842105 0.047697368421052634
5 0.5016447368421053 0.625 0.046052631578947366 0.05921052631578947
5 0.3190789473684211 0.4276315789473684 0.046052631578947366 0.04276315789473684
5 0.6776315789473685 0.49506578947368424 0.044407894736842105 0.04276315789473684
5 0.3470394736842105 0.5444078947368421 0.05263157894736842 0.0625
5 0.5328947368421053 0.4309210526315789 0.039473684210526314 0.049342105263157895
5 0.46381578947368424 0.37993421052631576 0.04276315789473684 0.047697368421052634
5 0.6595394736842105 0.4095394736842105 0.03782894736842105 0.04111842105263158
5 0.4786184210526316 0.3207236842105263 0.03289473684210526 0.04111842105263158
5 0.5970394736842105 0.59375 0.044407894736842105 0.05921052631578947
5 0.5592105263157895 0.3404605263157895 0.03618421052631579 0.04276315789473684
5 0.42269736842105265 0.43585526315789475 0.046052631578947366 0.05263157894736842