5 0.31762914230019496 0.450328947368421 0.04675925925925926 0.04872076023391819
5 0.5431408382066277 0.5687134502923976 0.056871345029239774 0.06538742690058486
5 0.6746101364522418 0.4473318713450292 0.03848684210526312 0.04524853801169602
5 0.5632553606237817 0.4827119883040936 0.04673489278752454 0.04707602339181293
5 0.4518153021442495 0.4012792397660819 0.040131578947368386 0.04528508771929829
5 0.6327363547758285 0.39725877192982456 0.03347953216374278 0.04020467836257312
5 0.5311281676413255 0.4241959064327486 0.03851120857699803 0.04689327485380128
5 0.6313961988304094 0.5289108187134502 0.05029239766081872 0.06524122807017538
5 0.42443957115009745 0.441374269005848 0.04678362573099417 0.05036549707602346
5 0.5319200779727096 0.36659356725146197 0.03345516569200787 0.03855994152046786
5 0.45618908382066276 0.36334064327485377 0.03176169590643278 0.035233918128654965
5 0.3599902534113061 0.533296783625731 0.050316764132553635 0.06688596491228083