5 0.5203703703703703 0.6447368421052632 0.0625609161793371 0.05756578947368421
5 0.2574926900584795 0.46875 0.05254629629629623 0.05263157894736842
5 0.32378167641325534 0.3963815789473684 0.03754873294346975 0.046052631578947366
5 0.44076510721247564 0.3338815789473684 0.04258040935672519 0.049342105263157895
5 0.6089912280701754 0.4292763157894737 0.05389863547758273 0.04276315789473684
5 0.4326632553606238 0.4407894736842105 0.04083820662768028 0.046052631578947366
5 0.4047270955165692 0.5509868421052632 0.04572368421052624 0.044407894736842105
5 0.34373781676413256 0.5 0.047319688109161775 0.04276315789473684
5 0.6262914230019493 0.5115131578947368 0.047660818713450265 0.054276315789473686
5 0.530787037037037 0.34868421052631576 0.04591861598440554 0.05098684210526316
5 0.356712962962963 0.6726973684210527 0.052595029239766056 0.054276315789473686
5 0.5342958089668616 0.45230263157894735 0.04770955165692009 0.05592105263157895