5 0.537828947368421 0.45394736842105265 0.04111842105263158 0.044407894736842105
5 0.6398026315789473 0.4769736842105263 0.046052631578947366 0.049342105263157895
5 0.5164473684210527 0.41118421052631576 0.03125 0.03289473684210526
5 0.3569078947368421 0.4868421052631579 0.046052631578947366 0.044407894736842105
5 0.43914473684210525 0.41118421052631576 0.03453947368421053 0.03618421052631579
5 0.26973684210526316 0.4769736842105263 0.05098684210526316 0.049342105263157895
5 0.4440789473684211 0.4555921052631579 0.039473684210526314 0.04276315789473684
5 0.600328947368421 0.4407894736842105 0.03782894736842105 0.03618421052631579
5 0.37993421052631576 0.5953947368421053 0.06578947368421052 0.07401315789473684
5 0.33881578947368424 0.4375 0.03453947368421053 0.03782894736842105
5 0.5674342105263158 0.5608552631578947 0.05756578947368421 0.06578947368421052
5 0.4243421052631579 0.5115131578947368 0.047697368421052634 0.049342105263157895