5 0.5483187134502924 0.4942738791423002 0.03885233918128662 0.04633284600389867
5 0.6307383040935672 0.4126340155945419 0.04389619883040932 0.05130360623781673
5 0.5663011695906434 0.3512914230019493 0.03728070175438609 0.04961013645224174
5 0.38395467836257313 0.41409600389863543 0.04221491228070169 0.04964668615984411
5 0.5788011695906432 0.6030701754385964 0.04868421052631583 0.04476120857699815
5 0.4840277777777778 0.42635233918128657 0.04067982456140353 0.05456871345029244
5 0.28081140350877193 0.5399975633528266 0.060416666666666695 0.05471491228070173
5 0.35233918128654973 0.3562865497076023 0.04543128654970767 0.046381578947368496
5 0.40058479532163743 0.6280701754385966 0.050475146198830374 0.05135233918128647
5 0.4399853801169591 0.3355506822612086 0.0406067251461988 0.05127923976608192
5 0.3888888888888889 0.488157894736842 0.04568713450292406 0.05789473684210534
5 0.6298245614035087 0.5277777777777778 0.05891812865497072 0.06128167641325551