5 0.5592105263157895 0.48848684210526316 0.03782894736842105 0.046052631578947366
5 0.6348684210526315 0.40460526315789475 0.04276315789473684 0.05263157894736842
5 0.569078947368421 0.34375 0.03618421052631579 0.05098684210526316
5 0.5953947368421053 0.5986842105263158 0.046052631578947366 0.044407894736842105
5 0.4901315789473684 0.42105263157894735 0.039473684210526314 0.054276315789473686
5 0.29276315789473684 0.5444078947368421 0.05921052631578947 0.054276315789473686
5 0.39144736842105265 0.4144736842105263 0.04276315789473684 0.05263157894736842
5 0.3618421052631579 0.3536184210526316 0.044407894736842105 0.047697368421052634
5 0.6447368421052632 0.5197368421052632 0.05263157894736842 0.05756578947368421
5 0.4440789473684211 0.33223684210526316 0.039473684210526314 0.05263157894736842
5 0.41776315789473684 0.6299342105263158 0.047697368421052634 0.049342105263157895
5 0.3996710526315789 0.4868421052631579 0.044407894736842105 0.05756578947368421
5 0.3569078947368421 0.23684210526315788 0.03618421052631579 0.03289473684210526