5 0.4407894736842105 0.4769736842105263 0.04276315789473684 0.05592105263157895
5 0.4243421052631579 0.40789473684210525 0.03782894736842105 0.047697368421052634
5 0.33223684210526316 0.5625 0.044407894736842105 0.05756578947368421
5 0.3684210526315789 0.45230263157894735 0.04276315789473684 0.04111842105263158
5 0.6792763157894737 0.43914473684210525 0.044407894736842105 0.047697368421052634
5 0.5098684210526315 0.5411184210526315 0.046052631578947366 0.044407894736842105
5 0.6266447368421053 0.5493421052631579 0.047697368421052634 0.049342105263157895
5 0.39473684210526316 0.6513157894736842 0.054276315789473686 0.0625
5 0.5608552631578947 0.3930921052631579 0.03618421052631579 0.046052631578947366
5 0.7023026315789473 0.6365131578947368 0.06743421052631579 0.07072368421052631
5 0.5986842105263158 0.48026315789473684 0.04111842105263158 0.044407894736842105
5 0.5789473684210527 0.6792763157894737 0.06085526315789474 0.054276315789473686