5 0.32894736842105265 0.4621710526315789 0.049342105263157895 0.05756578947368421
5 0.45723684210526316 0.4506578947368421 0.044407894736842105 0.05263157894736842
5 0.506578947368421 0.39473684210526316 0.03618421052631579 0.04111842105263158
5 0.45394736842105265 0.5296052631578947 0.046052631578947366 0.05756578947368421
5 0.2993421052631579 0.5444078947368421 0.0625 0.06743421052631579
5 0.43256578947368424 0.4029605263157895 0.03618421052631579 0.04276315789473684
5 0.7088815789473685 0.5476973684210527 0.06085526315789474 0.06578947368421052
5 0.5328947368421053 0.600328947368421 0.054276315789473686 0.06578947368421052
5 0.6348684210526315 0.44243421052631576 0.03782894736842105 0.04276315789473684
5 0.5789473684210527 0.53125 0.05098684210526316 0.05592105263157895
5 0.3832236842105263 0.6644736842105263 0.05756578947368421 0.07236842105263158
5 0.5082236842105263 0.7203947368421053 0.05921052631578947 0.08388157894736842