5 0.44243421052631576 0.4868421052631579 0.044407894736842105 0.05098684210526316
5 0.3651315789473684 0.5855263157894737 0.05921052631578947 0.05592105263157895
5 0.5361842105263158 0.5213815789473685 0.047697368421052634 0.05263157894736842
5 0.3963815789473684 0.43585526315789475 0.039473684210526314 0.046052631578947366
5 0.6348684210526315 0.4128289473684211 0.03782894736842105 0.039473684210526314
5 0.4769736842105263 0.6447368421052632 0.0625 0.0625
5 0.7368421052631579 0.5460526315789473 0.05592105263157895 0.05756578947368421
5 0.6398026315789473 0.5 0.046052631578947366 0.05263157894736842
5 0.3569078947368421 0.48355263157894735 0.05098684210526316 0.05098684210526316
5 0.5180921052631579 0.3996710526315789 0.03289473684210526 0.04111842105263158
5 0.5855263157894737 0.4555921052631579 0.03782894736842105 0.046052631578947366
5 0.662828947368421 0.6118421052631579 0.05098684210526316 0.06578947368421052