5 0.4301900584795321 0.46717836257309936 0.04400584795321643 0.056871345029239774
5 0.41527777777777775 0.3984649122807018 0.03888888888888899 0.04853801169590645
5 0.31973684210526315 0.5551169590643275 0.045687134502923964 0.058552631578947405
5 0.35836988304093564 0.44411549707602344 0.0436769005847953 0.04206871345029241
5 0.6695175438596492 0.4240497076023391 0.04546783625730985 0.04868421052631583
5 0.49784356725146195 0.5297880116959064 0.047039473684210374 0.04543128654970767
5 0.614437134502924 0.5354166666666667 0.048793859649122744 0.05040204678362564
5 0.3802631578947368 0.6425438596491229 0.055665204678362556 0.06370614035087722
5 0.5521198830409356 0.3806286549707602 0.037207602339181356 0.04685672514619882
5 0.6881578947368421 0.620906432748538 0.06900584795321632 0.0722222222222221
5 0.5880116959064328 0.46695906432748535 0.04210526315789478 0.04532163742690056
5 0.5638523391812865 0.6664108187134503 0.062061403508771956 0.055628654970760374