5 0.5475877192982456 0.46704434697855746 0.0415082846003898 0.05324074074074085
5 0.5580896686159844 0.3816642300194932 0.03981481481481471 0.04663742690058479
5 0.6343079922027289 0.5291910331384017 0.046454678362573235 0.05495857699805085
5 0.4759868421052631 0.36235380116959065 0.036513157894736914 0.0449439571150098
5 0.35834551656920083 0.4774000974658869 0.04145955165692016 0.0466617933723198
5 0.6249756335282651 0.4566764132553606 0.04476120857699815 0.0483552631578947
5 0.32921539961013646 0.634880604288499 0.05805311890838208 0.06664230019493171
5 0.4523513645224172 0.4442495126705652 0.04148391812865489 0.04995126705653032
5 0.28786549707602344 0.44345760233918124 0.05302144249512664 0.05341130604288505
5 0.5101364522417154 0.6375609161793373 0.056347465886939535 0.05839424951267048
5 0.3606115984405458 0.3935428849902534 0.036513157894736824 0.0449439571150098
5 0.407285575048733 0.5324074074074074 0.04479775828460042 0.05328947368421049