5 0.5164473684210527 0.4407894736842105 0.044407894736842105 0.046052631578947366
5 0.4555921052631579 0.37993421052631576 0.03618421052631579 0.03782894736842105
5 0.6200657894736842 0.44243421052631576 0.047697368421052634 0.047697368421052634
5 0.37006578947368424 0.40131578947368424 0.03618421052631579 0.039473684210526314
5 0.3717105263157895 0.5509868421052632 0.05263157894736842 0.05756578947368421
5 0.4243421052631579 0.47039473684210525 0.047697368421052634 0.046052631578947366
5 0.506578947368421 0.6825657894736842 0.0625 0.05592105263157895
5 0.5592105263157895 0.40131578947368424 0.03782894736842105 0.04276315789473684
5 0.2911184210526316 0.4819078947368421 0.049342105263157895 0.047697368421052634
5 0.46875 0.5575657894736842 0.05592105263157895 0.05756578947368421
5 0.2631578947368421 0.5707236842105263 0.049342105263157895 0.05592105263157895
5 0.6332236842105263 0.569078947368421 0.05756578947368421 0.06414473684210527