5 0.40131578947368424 0.41118421052631576 0.03782894736842105 0.04111842105263158
5 0.4934210526315789 0.44243421052631576 0.039473684210526314 0.04111842105263158
5 0.5789473684210527 0.4243421052631579 0.039473684210526314 0.039473684210526314
5 0.3256578947368421 0.4457236842105263 0.046052631578947366 0.046052631578947366
5 0.4243421052631579 0.48848684210526316 0.054276315789473686 0.05098684210526316
5 0.65625 0.506578947368421 0.054276315789473686 0.05756578947368421
5 0.41776315789473684 0.5674342105263158 0.05921052631578947 0.07072368421052631
5 0.3059210526315789 0.625 0.0625 0.0625
5 0.6200657894736842 0.6266447368421053 0.05592105263157895 0.07236842105263158
5 0.2845394736842105 0.5361842105263158 0.0625 0.06085526315789474
5 0.5148026315789473 0.5427631578947368 0.05098684210526316 0.06085526315789474
5 0.5098684210526315 0.40625 0.03453947368421053 0.03782894736842105