5 0.4280092592592592 0.5032285575048734 0.04591861598440554 0.05263157894736842
5 0.3477826510721248 0.5990497076023392 0.060867446393762195 0.05811403508771936
5 0.5207358674463938 0.541240253411306 0.04925682261208589 0.05439814814814806
5 0.38346734892787526 0.4505360623781676 0.04083820662768028 0.047514619883040975
5 0.6226364522417154 0.4363425925925926 0.0389985380116959 0.04087475633528265
5 0.4578703703703703 0.6624025341130605 0.06435185185185183 0.06481481481481478
5 0.7206627680311891 0.5733430799220273 0.057626705653021304 0.059636939571150065
5 0.6249878167641325 0.5236963937621832 0.04761208576998044 0.054337231968810774
5 0.3425804093567251 0.4967714424951268 0.052497563352826494 0.052875243664717166
5 0.50625 0.41885964912280704 0.034113060428849935 0.042336744639376256
5 0.5720272904483431 0.47727826510721244 0.03919346978557501 0.0474537037037037
5 0.6447002923976608 0.6363913255360624 0.052936159844054635 0.06767787524366473