5 0.5686647173489279 0.6060185185185185 0.048111598440545765 0.056274366471734984
5 0.44015594541910336 0.3553118908382067 0.038206627680312 0.05126705653021446
5 0.5171783625730995 0.5389619883040936 0.04471247563352832 0.041447368421052705
5 0.3907529239766082 0.5695053606237817 0.04476120857699805 0.04802631578947376
5 0.580921052631579 0.4842105263157894 0.05131578947368429 0.04478557504873306
5 0.5818957115009746 0.39373781676413255 0.04154483430799217 0.05787037037037033
5 0.6966739766081872 0.5672392787524366 0.054702729044834274 0.05796783625731008
5 0.4343445419103314 0.45897904483430796 0.041459551656919974 0.04635721247563358
5 0.45365497076023387 0.6233187134502923 0.04806286549707594 0.04969541910331393
5 0.3715034113060429 0.41338937621832356 0.03982699805068226 0.04798976608187139
5 0.5029361598440546 0.3926778752436647 0.04147173489278743 0.048001949317738754
5 0.6711866471734892 0.45722465886939573 0.038182261208577095 0.04797758284600393