5 0.57953216374269 0.4221247563352827 0.03706140350877188 0.03974171539961016
5 0.5439327485380117 0.4695662768031189 0.03885233918128662 0.04633284600389867
5 0.6167397660818713 0.5243908382066277 0.050475146198830374 0.05135233918128647
5 0.6277412280701754 0.47347709551656925 0.04714912280701767 0.049683235867446295
5 0.36991959064327484 0.4534722222222222 0.04042397660818714 0.043055555555555604
5 0.5092470760233919 0.40186403508771934 0.03037280701754391 0.03475877192982455
5 0.4638523391812866 0.44594298245614034 0.03881578947368406 0.04468810916179341
5 0.2806652046783626 0.5465765107212476 0.0688961988304094 0.06628898635477566
5 0.3228070175438596 0.4268031189083821 0.04203216374269004 0.04142300194931779
5 0.40051169590643276 0.40928362573099414 0.035380116959064345 0.038084795321637444
5 0.44769736842105273 0.5807139376218323 0.06052631578947361 0.05964912280701752
5 0.39210526315789473 0.49147173489278745 0.04561403508771932 0.05460526315789481