5 0.31566764132553604 0.44275097465886937 0.041751949317738825 0.04398148148148152
5 0.664083820662768 0.45051169590643275 0.040131578947368574 0.04557748538011695
5 0.6268640350877193 0.41051413255360625 0.036769005847953305 0.04054580896686152
5 0.5114766081871345 0.542166179337232 0.05360623781676416 0.0673489278752436
5 0.5453460038986355 0.4754020467836258 0.045114522417153996 0.049013157894736765
5 0.44768518518518524 0.4092470760233919 0.038438109161793486 0.042239278752436604
5 0.5197368421052632 0.4284844054580897 0.036817738791422944 0.04383528265107204
5 0.6105750487329434 0.5112816764132554 0.05193713450292398 0.0656554580896687
5 0.4143762183235868 0.438182261208577 0.04344541910331382 0.047319688109161866
5 0.33938840155945416 0.5061647173489279 0.053533138401559426 0.06241471734892799
5 0.5285940545808967 0.3854775828460039 0.03338206627680313 0.033869395711501
5 0.4595882066276803 0.3825901559454191 0.03171296296296296 0.03217592592592591