5 0.46876218323586744 0.45642056530214425 0.04312865497076015 0.050609161793372395
5 0.350462962962963 0.4364644249512671 0.04808723196881085 0.05404483430799221
5 0.2973075048732943 0.5056286549707603 0.05966130604288498 0.06260964912280692
5 0.4320297270955166 0.5293615984405458 0.051413255360623744 0.059076510721247644
5 0.5398391812865497 0.41081871345029236 0.03647660818713455 0.040545808966861704
5 0.4642178362573099 0.40364278752436644 0.03817007797270945 0.047173489278752395
5 0.6764254385964912 0.6270833333333333 0.05643274853801173 0.07073586744639378
5 0.47904483430799216 0.6228801169590643 0.05151072124756321 0.07223440545808975
5 0.40589668615984403 0.7259990253411306 0.06797027290448349 0.07436647173489289
5 0.6477948343079922 0.49462719298245617 0.04639376218323595 0.04741715399610133
5 0.3193835282651072 0.6346003898635477 0.06465643274853805 0.07097953216374271
5 0.5534844054580897 0.5675073099415205 0.049792884990253396 0.06231725146198835