5 0.5847222222222223 0.4946637426900585 0.052156432748538005 0.053764619883040904
5 0.6176900584795322 0.6466374269005848 0.06070906432748526 0.06874999999999992
5 0.49868421052631584 0.5437134502923977 0.048976608187134583 0.058625730994151956
5 0.5317982456140351 0.33238304093567256 0.032200292397660826 0.04345760233918128
5 0.5929459064327485 0.4208698830409357 0.04382309941520459 0.04864766081871346
5 0.378874269005848 0.5525584795321636 0.055519005847953176 0.057127192982456165
5 0.708406432748538 0.5861842105263158 0.05891812865497072 0.06213450292397669
5 0.4541301169590643 0.6101242690058479 0.05211988304093564 0.05211988304093564
5 0.39254385964912286 0.4279239766081872 0.04214181286549714 0.04696637426900583
5 0.517361111111111 0.4224780701754386 0.04214181286549714 0.04696637426900583
5 0.6258040935672514 0.34597953216374266 0.035489766081871356 0.04353070175438602
5 0.7125730994152046 0.40380116959064327 0.04879385964912293 0.05040204678362564