5 0.5483187134502924 0.49841617933723203 0.03885233918128662 0.046613060428849974
5 0.6307383040935672 0.41737329434697856 0.04389619883040932 0.05162037037037041
5 0.5663011695906434 0.35554337231968813 0.03728070175438609 0.04987816764132559
5 0.38395467836257313 0.41700779727095516 0.04221491228070169 0.04995126705653023
5 0.5788011695906432 0.6074561403508771 0.04868421052631583 0.045114522417153996
5 0.4840277777777778 0.4300073099415205 0.04067982456140353 0.05486111111111101
5 0.28081140350877193 0.542166179337232 0.060416666666666695 0.055153508771929774
5 0.35233918128654973 0.35895467836257317 0.04543128654970767 0.04671052631578944
5 0.40058479532163743 0.631140350877193 0.050475146198830374 0.05171783625730996
5 0.4399853801169591 0.338864522417154 0.0406067251461988 0.05157163742690058
5 0.3888888888888889 0.4911184210526316 0.04568713450292406 0.05822368421052646
5 0.6298245614035087 0.5325292397660819 0.05891812865497072 0.06170808966861591