5 0.4352217348927875 0.49667397660818713 0.04516325536062382 0.051973684210526165
5 0.3564571150097466 0.593640350877193 0.060038986354775836 0.057236842105263086
5 0.5284600389863549 0.533296783625731 0.04847709551656907 0.053691520467836165
5 0.3899244639376218 0.4446637426900585 0.0401559454191033 0.04692982456140346
5 0.6287524366471735 0.426937134502924 0.038413742690058574 0.04031432748538004
5 0.4674220272904483 0.6553362573099415 0.06342592592592591 0.06388888888888887
5 0.7287524366471734 0.5624269005847953 0.05677387914230012 0.05880847953216361
5 0.6323952241715399 0.51421783625731 0.046832358674463996 0.05365497076023398
5 0.3497441520467836 0.49148391812865494 0.051742202729044874 0.05211988304093564
5 0.5121710526315789 0.41118421052631576 0.033503898635477695 0.041849415204678386
5 0.5787768031189084 0.4686038011695907 0.03851120857699822 0.04689327485380128
5 0.6537646198830409 0.6265716374269005 0.051961500974658896 0.06692251461988301