5 0.5434576023391813 0.4704191033138402 0.048976608187134583 0.05897904483430799
5 0.6115497076023392 0.3648513645224171 0.03877923976608188 0.043884015594541866
5 0.43029970760233927 0.385014619883041 0.04035087719298241 0.04064327485380117
5 0.5325657894736843 0.5907285575048733 0.052339181286549664 0.06236598440545817
5 0.6178362573099415 0.4517787524366471 0.04375000000000004 0.04567495126705642
5 0.6091739766081872 0.5457236842105262 0.04554093567251458 0.052302631578947295
5 0.3212719298245614 0.48357699805068227 0.058808479532163796 0.05762670565302149
5 0.5102704678362574 0.4105872319688109 0.0389985380116959 0.05375243664717345
5 0.43227339181286545 0.5180921052631579 0.05226608187134511 0.059076510721247644
5 0.5149122807017544 0.34963450292397663 0.03877923976608188 0.043884015594541866
5 0.34579678362573096 0.5633893762183235 0.06063596491228072 0.06589912280701744
5 0.3944809941520468 0.44360380116959064 0.04886695906432748 0.05404483430799221