5 0.5243786549707602 0.44199561403508775 0.04243421052631571 0.04532163742690056
5 0.6256700779727096 0.4627558479532164 0.047514619883040975 0.05036549707602346
5 0.5042641325536062 0.3997076023391813 0.03222465886939574 0.033589181286549696
5 0.3424829434697856 0.4789108187134503 0.047368421052631504 0.04543128654970767
5 0.4269615009746589 0.4014254385964912 0.035611598440545726 0.036951754385964965
5 0.25560428849902533 0.47097953216374266 0.052448830409356766 0.050475146198830374
5 0.43057992202729045 0.4457236842105263 0.04074074074074081 0.04364035087719293
5 0.5872685185185186 0.4274488304093568 0.03890107212475644 0.037024853801169696
5 0.3622928849902534 0.5869517543859649 0.06798245614035094 0.07547514619883045
5 0.3258528265107212 0.4299707602339181 0.03566033138401555 0.038596491228070226
5 0.550816276803119 0.5482456140350878 0.05951510721247569 0.06706871345029249
5 0.4091861598440546 0.5020833333333333 0.04915935672514624 0.05040204678362564