5 0.6349658869395711 0.46578947368421053 0.04915935672514624 0.05075536062378168
5 0.4734283625730994 0.3936281676413255 0.037256335282651175 0.037256335282651085
5 0.5328460038986355 0.45783382066276795 0.04582115009746589 0.049013157894736765
5 0.39008284600389864 0.40923489278752434 0.03735380116959064 0.04054580896686161
5 0.3878898635477583 0.5570662768031189 0.052643762183235875 0.05743177387914238
5 0.438182261208577 0.4796783625730994 0.04906189083820659 0.047465886939571156
5 0.5761330409356725 0.4213206627680312 0.039047270955165726 0.042239278752436604
5 0.5152412280701754 0.6955896686159844 0.06589912280701744 0.06111111111111113
5 0.48028752436647176 0.5696637426900585 0.057577972709551666 0.057577972709551666
5 0.6436038011695907 0.5909356725146199 0.05951510721247569 0.06749512670565307
5 0.30684697855750487 0.48400341130604285 0.04911062378167642 0.04911062378167642
5 0.2781310916179337 0.5686038011695906 0.05099902534113061 0.05738304093567256