5 0.48355263157894735 0.7058845029239766 0.0756578947368421 0.10088937621832365
5 0.36019736842105265 0.6391812865497076 0.06085526315789474 0.07610867446393761
5 0.5756578947368421 0.5322246588693957 0.05098684210526316 0.057943469785575165
5 0.524671052631579 0.5927022417153996 0.05592105263157895 0.07113791423001944
5 0.4605263157894737 0.4524244639376218 0.04276315789473684 0.05130360623781683
5 0.29605263157894735 0.5235745614035088 0.06085526315789474 0.06459551656920076
5 0.3371710526315789 0.4548001949317738 0.047697368421052634 0.05298489278752446
5 0.7055921052631579 0.5562134502923977 0.06085526315789474 0.06952972709551675
5 0.6381578947368421 0.45538499025341134 0.03618421052631579 0.04138645224171542
5 0.4473684210526316 0.5214059454191033 0.046052631578947366 0.05790692007797261
5 0.4440789473684211 0.4128289473684211 0.03618421052631579 0.04303118908382069
5 0.5148026315789473 0.4067738791423001 0.03453947368421053 0.039729532163742705