5 0.5197124756335283 0.4560916179337232 0.044749025341130504 0.047368421052631504
5 0.458406432748538 0.3934332358674464 0.036464424951267095 0.038901072124756346
5 0.6233430799220273 0.46080653021442497 0.04805068226120867 0.04911062378167642
5 0.37303849902534114 0.41228070175438597 0.03647660818713455 0.04054580896686161
5 0.375791910331384 0.5620004873294346 0.05305799220272901 0.05912524366471747
5 0.42782651072124755 0.48296783625730993 0.048038499025341026 0.047465886939571156
5 0.5116349902534113 0.6975755360623781 0.06291423001949313 0.057772904483430775
5 0.5621832358674463 0.4178849902534113 0.03814571150097454 0.043884015594541866
5 0.2946881091617934 0.49053362573099407 0.04969541910331384 0.04915935672514624
5 0.47288011695906434 0.5714546783625731 0.056347465886939535 0.05922270955165693
5 0.267385477582846 0.578520955165692 0.049756335282651026 0.05738304093567256
5 0.6374390838206627 0.5878411306042884 0.05804093567251462 0.06585038986354762