5 0.6150828460038986 0.4427631578947368 0.04842836257309925 0.04969541910331393
5 0.4565423976608187 0.37651072124756335 0.036720272904483486 0.03645224171539964
5 0.513182261208577 0.43858430799220266 0.045114522417153996 0.04802631578947376
5 0.37239278752436644 0.39522417153996103 0.036769005847953215 0.03974171539961016
5 0.36362085769980507 0.5432992202729046 0.051815302144249516 0.0562987329434699
5 0.41742202729044836 0.4639619883040935 0.04837962962962961 0.04640594541910341
5 0.5581505847953216 0.4004264132553606 0.0384381091617933 0.04139863547758279
5 0.4849780701754386 0.6772538986354776 0.06502192982456136 0.05968567251461989
5 0.4555799220272904 0.552485380116959 0.056749512670565216 0.05633528265107208
5 0.6181652046783626 0.5677266081871345 0.05854044834307995 0.0662158869395713
5 0.2857212475633528 0.47316033138401553 0.048403996101364526 0.04805068226120867
5 0.2532041910331384 0.5589181286549707 0.050170565302144164 0.05628654970760225