5 0.6217105263157895 0.4473684210526316 0.047697368421052634 0.049342105263157895
5 0.4621710526315789 0.37993421052631576 0.03618421052631579 0.03618421052631579
5 0.5197368421052632 0.44243421052631576 0.044407894736842105 0.047697368421052634
5 0.3782894736842105 0.3980263157894737 0.03618421052631579 0.039473684210526314
5 0.3717105263157895 0.5460526315789473 0.05098684210526316 0.05592105263157895
5 0.4243421052631579 0.46710526315789475 0.047697368421052634 0.046052631578947366
5 0.5641447368421053 0.40460526315789475 0.03782894736842105 0.04111842105263158
5 0.49506578947368424 0.680921052631579 0.06414473684210527 0.05921052631578947
5 0.46381578947368424 0.555921052631579 0.05592105263157895 0.05592105263157895
5 0.6266447368421053 0.5723684210526315 0.05756578947368421 0.06578947368421052
5 0.29276315789473684 0.4753289473684211 0.047697368421052634 0.047697368421052634
5 0.26151315789473684 0.5608552631578947 0.049342105263157895 0.05592105263157895