1 0.263347 0.572906 0.0396197 0.0588354
2 0.376662 0.169304 0.0242848 0.0455658
1 0.671082 0.671792 0.0393655 0.0704899
2 0.621818 0.788055 0.0410017 0.0771741
2 0.182602 0.780113 0.0450973 0.0728273
2 0.515246 0.92908 0.044077 0.087858
0 0.523588 0.496638 0.0265786 0.0513645
1 0.651319 0.2804 0.0267302 0.0509974
4 0.274439 0.470881 0.0364772 0.0612588
2 0.725952 0.536696 0.0341877 0.058128
5 0.415771 0.619407 0.0383871 0.0608959
1 0.517392 0.725024 0.0402711 0.0735356
1 0.857729 0.592374 0.0394723 0.0657366
4 0.166058 0.634654 0.0448292 0.0708099
0 0.759252 0.251049 0.0277029 0.0522308
1 0.341546 0.457633 0.0330876 0.0539205
0 0.62291 0.561779 0.0345001 0.0655501
2 0.367966 0.869041 0.0479825 0.0841093
4 0.439957 0.39039 0.0280542 0.0525241
0 0.353143 0.366391 0.0274937 0.049527
1 0.711813 0.919139 0.0453733 0.0915264
0 0.641471 0.478033 0.0316703 0.0627843
4 0.705918 0.195659 0.0236071 0.0460458
3 0.650567 0.189034 0.0221114 0.0398093
3 0.617549 0.339452 0.026743 0.0542719
5 0.409028 0.470505 0.0263167 0.0523328
0 0.513712 0.123255 0.0206853 0.042852
5 0.454392 0.205487 0.0211316 0.0480381
3 0.423492 0.120715 0.0222271 0.0443619
4 0.23279 0.280936 0.0285237 0.0537852
3 0.216333 0.360181 0.0305981 0.0487926
3 0.56305 0.104593 0.0228942 0.0394707
5 0.618954 0.409726 0.0259337 0.0486859
2 0.54415 0.558776 0.0349003 0.0616812
5 0.588146 0.261127 0.0269237 0.0475708
3 0.517529 0.354014 0.0264525 0.0466644
4 0.517026 0.264419 0.0198296 0.0460077
5 0.322367 0.240087 0.0234277 0.0432741
3 0.694824 0.243306 0.0269619 0.0505614
4 0.693754 0.392392 0.0320389 0.0585716
4 0.628331 0.108956 0.018947 0.0399888
0 0.413043 0.282817 0.0232867 0.0463549
3 0.464933 0.340776 0.026573 0.0524923
5 0.185892 0.532583 0.0454293 0.0731272
0 0.606728 0.131051 0.0232239 0.0461275
5 0.299283 0.327631 0.0313936 0.057141
1 0.522994 0.218872 0.0257137 0.0466715
2 0.750001 0.408675 0.0319161 0.0549575
4 0.274077 0.0306485 0.0223211 0.0325915
0 0.185942 0.532864 0.0457782 0.0728119
