4 0.475482 0.150158 0.0203728 0.0431244
1 0.485148 0.839196 0.0469981 0.0877784
1 0.231624 0.476191 0.0348552 0.062535
1 0.32723 0.295029 0.0296472 0.0529643
2 0.394708 0.727291 0.0421654 0.0803528
1 0.206799 0.738269 0.0479534 0.0798065
1 0.179537 0.440432 0.0372721 0.0577548
4 0.57989 0.379507 0.0305941 0.0580497
3 0.523345 0.491793 0.0329548 0.0624186
0 0.41192 0.42531 0.0279023 0.0593745
2 0.225725 0.289011 0.0327638 0.0484776
0 0.585033 0.249156 0.0264311 0.0482536
1 0.316532 0.869735 0.0525224 0.0872129
2 0.273085 0.372251 0.0308058 0.0546155
4 0.698222 0.769192 0.0460121 0.0845428
0 0.622313 0.896839 0.046419 0.0849809
0 0.721891 0.365856 0.0323541 0.0528552
2 0.321477 0.572024 0.0385699 0.067112
3 0.532862 0.109814 0.0190189 0.0364967
3 0.729239 0.27831 0.0243882 0.0486736
2 0.311153 0.206256 0.025714 0.0487484
1 0.556173 0.602491 0.0371719 0.065479
4 0.584659 0.12512 0.017135 0.0381214
4 0.807365 0.676023 0.0510243 0.0803417
3 0.788815 0.4972 0.0361525 0.0582127
2 0.369135 0.128345 0.0224822 0.0425408
2 0.669279 0.220146 0.0225012 0.0458659
0 0.725385 0.538226 0.0367695 0.0551974
4 0.440742 0.575994 0.0362396 0.0729733
3 0.641516 0.724705 0.0403324 0.0716769
1 0.664016 0.410554 0.0305625 0.0580269
3 0.54411 0.308365 0.027369 0.0487507
4 0.493857 0.304396 0.0269658 0.053287
5 0.44485 0.230597 0.0211711 0.0415816
0 0.322337 0.430427 0.031976 0.0594919
3 0.521889 0.379321 0.028465 0.0492553
4 0.408599 0.10917 0.0163903 0.0360606
5 0.594212 0.450649 0.0281356 0.056513
3 0.663531 0.618228 0.0384853 0.0617335
5 0.379931 0.250473 0.0268266 0.046873
5 0.649292 0.304513 0.0284921 0.0514254
5 0.79378 0.918479 0.0557512 0.0990037
5 0.442199 0.109581 0.0191868 0.0345097
3 0.50599 0.197211 0.022349 0.0466111
2 0.368851 0.330354 0.0293674 0.0558987
5 0.54871 0.16608 0.0225465 0.0406803
0 0.44932 0.478135 0.03067 0.0643047
4 0.274651 0.0298964 0.0248333 0.0338495
0 0.978207 0.965174 0.0284281 0.0493403
0 0.427457 0.33595 0.0288279 0.0485008
4 0.900103 0.0252093 0.0130157 0.0211559
5 0.427355 0.335828 0.0286393 0.0488434
