0 0.37 0.405 0.043333333333333335 0.04
0 0.56 0.4116666666666667 0.04 0.045
0 0.3433333333333333 0.49 0.055 0.058333333333333334
0 0.3433333333333333 0.6033333333333334 0.06333333333333334 0.06166666666666667
0 0.5183333333333333 0.36 0.03333333333333333 0.043333333333333335
0 0.48 0.6716666666666666 0.065 0.07333333333333333
0 0.6466666666666666 0.44 0.041666666666666664 0.04666666666666667
0 0.47 0.36666666666666664 0.041666666666666664 0.043333333333333335
0 0.6766666666666666 0.5783333333333334 0.06 0.05333333333333334
0 0.4583333333333333 0.44166666666666665 0.04666666666666667 0.05333333333333334
0 0.3883333333333333 0.5166666666666667 0.04833333333333333 0.051666666666666666
0 0.52 0.49833333333333335 0.04 0.041666666666666664