0 0.6550740740740741 0.4368148148148148 0.04274074074074065 0.04895061728395054
0 0.323037037037037 0.4583950617283951 0.051222222222222245 0.05574074074074057
0 0.33985185185185185 0.6014320987654321 0.052888888888888916 0.05576543209876547
0 0.3904814814814815 0.3474320987654321 0.042740740740740746 0.048950617283950636
0 0.5532592592592593 0.37001234567901237 0.03925925925925924 0.042234567901234546
0 0.4077037037037037 0.4721358024691358 0.04425925925925924 0.042308641975308585
0 0.6481111111111111 0.6001975308641975 0.054518518518518515 0.05412345679012333
0 0.47137037037037033 0.3812222222222222 0.04096296296296297 0.043925925925925924
0 0.42922222222222217 0.5534567901234568 0.04770370370370377 0.047358024691358004
0 0.5243703703703705 0.47040740740740733 0.052962962962963045 0.05909876543209862
0 0.47007407407407414 0.6644814814814815 0.06299999999999993 0.06091358024691355
0 0.3675185185185185 0.40608641975308646 0.03925925925925924 0.04223456790123445