0 0.5233333333333333 0.6233333333333333 0.07 0.08
0 0.5616666666666666 0.39666666666666667 0.03666666666666667 0.04
0 0.43666666666666665 0.515 0.051666666666666666 0.056666666666666664
0 0.685 0.46166666666666667 0.05333333333333334 0.055
0 0.45 0.40166666666666667 0.03833333333333333 0.041666666666666664
0 0.2916666666666667 0.4583333333333333 0.04666666666666667 0.041666666666666664
0 0.6616666666666666 0.5716666666666667 0.05333333333333334 0.056666666666666664
0 0.40166666666666667 0.43833333333333335 0.041666666666666664 0.045
0 0.34833333333333333 0.5583333333333333 0.05333333333333334 0.05
0 0.515 0.45666666666666667 0.03666666666666667 0.043333333333333335
0 0.335 0.5 0.051666666666666666 0.055
0 0.535 0.54 0.045 0.058333333333333334