0 0.706716049382716 0.4514567901234568 0.04866666666666674 0.04535802469135812
0 0.4561728395061728 0.6049876543209877 0.06716049382716051 0.06716049382716051
0 0.6258395061728396 0.5587283950617284 0.06383950617283952 0.06880246913580246
0 0.5780123456790123 0.40240740740740744 0.03861728395061732 0.03861728395061732
0 0.30549382716049384 0.5144320987654322 0.06041975308641971 0.057111111111111085
0 0.5382345679012346 0.4327037037037037 0.03697530864197537 0.0419382716049383
0 0.36318518518518517 0.4273333333333333 0.03862962962962967 0.04028395061728399
0 0.49198765432098773 0.489716049382716 0.04372839506172833 0.0536543209876542
0 0.6232098765432099 0.4287407407407407 0.045333333333333406 0.045333333333333406
0 0.6320000000000001 0.49034567901234566 0.055395061728395 0.053740740740740686
0 0.4546172839506173 0.39498765432098765 0.03191358024691359 0.0335679012345679
0 0.4532098765432099 0.43 0.0353086419753087 0.04192592592592594