0 0.6562962962962963 0.43333333333333335 0.03933333333333337 0.045
0 0.35962962962962963 0.5833333333333334 0.05448148148148145 0.051666666666666666
0 0.33655555555555555 0.445 0.046111111111111144 0.05
0 0.5091851851851852 0.41333333333333333 0.04096296296296297 0.043333333333333335
0 0.5222962962962963 0.6283333333333333 0.05129629629629638 0.058333333333333334
0 0.7357407407407408 0.5583333333333333 0.05959259259259246 0.056666666666666664
0 0.5783703703703704 0.45166666666666666 0.04599999999999985 0.045
0 0.48262962962962963 0.49333333333333335 0.05118518518518518 0.05333333333333334
0 0.5450370370370371 0.37666666666666665 0.03588888888888884 0.04
0 0.6058148148148148 0.5616666666666666 0.04625925925925931 0.056666666666666664
0 0.6741481481481482 0.4866666666666667 0.04618518518518518 0.05333333333333334
0 0.4434074074074075 0.37833333333333335 0.032555555555555504 0.04