0 0.3265802469135803 0.46411111111111114 0.05208641975308637 0.0570493827160495
0 0.43054320987654326 0.3798765432098765 0.0386543209876542 0.04361728395061732
0 0.6626543209876543 0.5466049382716048 0.05708641975308638 0.05708641975308638
0 0.6434938271604937 0.4331234567901235 0.04034567901234558 0.04696296296296301
0 0.5667777777777778 0.4392222222222222 0.04035802469135812 0.04862962962962949
0 0.5588518518518519 0.3841604938271605 0.03864197530864203 0.04195061728395066
0 0.3541358024691358 0.569320987654321 0.05044444444444442 0.06037037037037029
0 0.46318518518518526 0.4734567901234568 0.05038271604938283 0.05203703703703695
0 0.46399999999999997 0.5884691358024691 0.052049382716049496 0.052049382716049496
0 0.5615432098765432 0.6958641975308643 0.0688765432098766 0.07383950617283953
0 0.5746296296296297 0.5042839506172839 0.043716049382716164 0.051987654320987724
0 0.605604938271605 0.5978518518518519 0.05372839506172833 0.05372839506172833