0 0.6261234567901235 0.4134938271604939 0.039518518518518515 0.04113580246913576
0 0.3950246913580247 0.5521234567901234 0.06172839506172845 0.06011111111111101
0 0.7412345679012347 0.4701358024691357 0.06162962962962979 0.05677777777777768
0 0.3240246913580247 0.46414814814814825 0.05314814814814819 0.051530864197530946
0 0.5817407407407408 0.5482592592592593 0.0653086419753087 0.06854320987654319
0 0.6317283950617284 0.4900617283950618 0.05829629629629646 0.056679012345678834
0 0.4912222222222222 0.4208271604938272 0.03780246913580262 0.03941975308641967
0 0.4909876543209877 0.46920987654320984 0.044814814814814856 0.05128395061728384
0 0.5666172839506173 0.4319382716049383 0.037851851851851845 0.041086419753086335
0 0.41744444444444445 0.40800000000000003 0.03437037037037034 0.03598765432098768
0 0.5087654320987653 0.39361728395061735 0.030888888888888837 0.030888888888888837
0 0.6619135802469136 0.43912345679012343 0.04971604938271601 0.04809876543209877