0 0.5200864197530864 0.32777777777777783 0.04574074074074076 0.05033333333333341
0 0.6760123456790124 0.3766172839506173 0.05071604938271586 0.048703703703703714
0 0.3078641975308642 0.4793333333333334 0.04904938271604938 0.048691358024691454
0 0.4067654320987654 0.4402716049382716 0.05071604938271605 0.04870370370370362
0 0.3695185185185185 0.3672222222222222 0.04904938271604938 0.04869135802469136
0 0.3489259259259259 0.6323456790123456 0.054049382716049386 0.04872839506172833
0 0.5862592592592594 0.3606172839506173 0.047333333333333484 0.04534567901234567
0 0.6179135802469137 0.47370370370370374 0.05233333333333348 0.04538271604938264
0 0.49718518518518523 0.41127160493827164 0.049074074074074096 0.05035802469135803
0 0.53 0.671 0.04245679012345685 0.05364197530864203
0 0.6348395061728395 0.5685679012345679 0.05402469135802467 0.04706172839506166
0 0.49709876543209874 0.5295925925925926 0.04409876543209862 0.05198765432098753