0 0.38125925925925924 0.5094074074074074 0.05803703703703699 0.062086419753086375
0 0.46474074074074073 0.366716049382716 0.0341851851851853 0.03858024691358025
0 0.615074074074074 0.38282716049382715 0.0392962962962963 0.04361728395061732
0 0.4962592592592593 0.6602345679012346 0.059814814814814855 0.06709876543209874
0 0.6032592592592592 0.5260493827160495 0.05448148148148145 0.052061728395061665
0 0.3712592592592593 0.4343456790123457 0.05107407407407408 0.04870370370370362
0 0.5034074074074074 0.4569876543209877 0.04440740740740731 0.048654320987654195
0 0.4119629629629629 0.6162839506172839 0.06311111111111112 0.06545679012345677
0 0.6664814814814816 0.5965061728395062 0.059555555555555584 0.05543209876543225
0 0.30514814814814817 0.6088271604938271 0.07137037037037032 0.06218518518518522
0 0.6990740740740741 0.4884320987654322 0.049481481481481446 0.05202469135802479
0 0.5123333333333333 0.5587037037037037 0.05618518518518518 0.053740740740740686