0 0.665 0.44666666666666666 0.041666666666666664 0.04833333333333333
0 0.3333333333333333 0.4633333333333333 0.05 0.055
0 0.35333333333333333 0.6066666666666667 0.051666666666666666 0.055
0 0.3983333333333333 0.35333333333333333 0.041666666666666664 0.04833333333333333
0 0.5616666666666666 0.37833333333333335 0.03833333333333333 0.041666666666666664
0 0.41833333333333333 0.47833333333333333 0.043333333333333335 0.041666666666666664
0 0.6616666666666666 0.61 0.05333333333333334 0.05333333333333334
0 0.48 0.3883333333333333 0.04 0.043333333333333335
0 0.44166666666666665 0.56 0.04666666666666667 0.04666666666666667
0 0.535 0.47833333333333333 0.051666666666666666 0.058333333333333334
0 0.485 0.6716666666666666 0.06166666666666667 0.06
0 0.37666666666666665 0.4116666666666667 0.03833333333333333 0.041666666666666664