0 0.68 0.4583333333333333 0.043333333333333335 0.05
0 0.31666666666666665 0.51 0.051666666666666666 0.051666666666666666
0 0.5666666666666667 0.365 0.03833333333333333 0.045
0 0.39 0.6 0.055 0.055
0 0.4816666666666667 0.3883333333333333 0.041666666666666664 0.043333333333333335
0 0.6366666666666667 0.635 0.04833333333333333 0.05333333333333334
0 0.45166666666666666 0.59 0.056666666666666664 0.04833333333333333
0 0.395 0.36833333333333335 0.03666666666666667 0.03833333333333333
0 0.49833333333333335 0.6883333333333334 0.06166666666666667 0.055
0 0.43166666666666664 0.4816666666666667 0.045 0.045
0 0.5316666666666666 0.48833333333333334 0.043333333333333335 0.05333333333333334
0 0.36333333333333334 0.405 0.045 0.04666666666666667