0 0.59 0.3933333333333333 0.041666666666666664 0.041666666666666664
0 0.6 0.6016666666666667 0.06 0.065
0 0.4583333333333333 0.42 0.03666666666666667 0.04
0 0.43166666666666664 0.6383333333333333 0.06333333333333334 0.06333333333333334
0 0.715 0.4716666666666667 0.05333333333333334 0.04833333333333333
0 0.36666666666666664 0.4083333333333333 0.03666666666666667 0.041666666666666664
0 0.635 0.43333333333333335 0.04666666666666667 0.04666666666666667
0 0.4633333333333333 0.37333333333333335 0.03333333333333333 0.03666666666666667
0 0.625 0.5166666666666667 0.055 0.05333333333333334
0 0.54 0.43166666666666664 0.03666666666666667 0.041666666666666664
0 0.30333333333333334 0.5183333333333333 0.058333333333333334 0.055
0 0.4866666666666667 0.5033333333333333 0.041666666666666664 0.056666666666666664