0 0.5414074074074073 0.34690123456790123 0.044098765432098806 0.05230864197530868
0 0.2988148148148148 0.5254567901234568 0.052382716049382716 0.049098765432098804
0 0.42218518518518516 0.40865432098765436 0.04225925925925926 0.040617283950617304
0 0.6091728395061728 0.6091728395061728 0.05919753086419746 0.05919753086419746
0 0.4377283950617284 0.3717654320987654 0.04066666666666663 0.04559259259259259
0 0.47580246913580254 0.5011728395061729 0.050839506172839416 0.05740740740740743
0 0.42661728395061727 0.6718641975308641 0.06245679012345685 0.054246913580246886
0 0.67 0.4399753086419753 0.047407407407407426 0.05069135802469134
0 0.5251975308641975 0.42879012345679013 0.04233333333333349 0.0456172839506174
0 0.33380246913580247 0.41329629629629633 0.04235802469135801 0.047283950617283965
0 0.6073703703703703 0.5058888888888888 0.05079012345679018 0.054074074074073906
0 0.6322592592592593 0.40054320987654324 0.04066666666666663 0.04559259259259259