0 0.43 0.36725925925925923 0.03833333333333333 0.04446913580246909
0 0.57 0.3447777777777778 0.04 0.04618518518518518
0 0.655 0.5505925925925926 0.058333333333333334 0.05672839506172844
0 0.3416666666666667 0.5398765432098765 0.05 0.05481481481481486
0 0.6533333333333333 0.44730864197530856 0.05 0.051481481481481524
0 0.43 0.5022592592592593 0.04666666666666667 0.053049382716049344
0 0.3466666666666667 0.45472839506172835 0.045 0.05133333333333326
0 0.5183333333333333 0.48964197530864195 0.051666666666666666 0.05486419753086428
0 0.5783333333333334 0.3978641975308642 0.045 0.04800000000000002
0 0.4666666666666667 0.41617283950617284 0.041666666666666664 0.04956790123456794
0 0.49833333333333335 0.3535679012345679 0.03666666666666667 0.03941975308641976
0 0.4666666666666667 0.6495061728395062 0.06 0.06344444444444435