0 0.32 0.49666666666666665 0.055 0.056666666666666664
0 0.39 0.41 0.03666666666666667 0.043333333333333335
0 0.6766666666666666 0.49166666666666664 0.05 0.055
0 0.605 0.41333333333333333 0.03666666666666667 0.041666666666666664
0 0.52 0.5633333333333334 0.05333333333333334 0.056666666666666664
0 0.545 0.42833333333333334 0.035 0.041666666666666664
0 0.6616666666666666 0.6216666666666667 0.06666666666666667 0.07166666666666667
0 0.40166666666666667 0.5766666666666667 0.06 0.06333333333333334
0 0.5783333333333334 0.47333333333333333 0.043333333333333335 0.05
0 0.4666666666666667 0.475 0.05 0.051666666666666666
0 0.5133333333333333 0.39166666666666666 0.03333333333333333 0.03666666666666667
0 0.65 0.5366666666666666 0.04833333333333333 0.05333333333333334