0 0.4042222222222222 0.39911111111111114 0.03897530864197535 0.0441851851851852
0 0.5489506172839507 0.6457407407407407 0.054320987654321015 0.06785185185185184
0 0.5219753086419754 0.5534444444444444 0.05417283950617275 0.05785185185185185
0 0.37374074074074076 0.5434814814814815 0.05591358024691355 0.06288888888888891
0 0.6755061728395062 0.5435185185185185 0.055814814814814706 0.05622222222222225
0 0.59279012345679 0.5 0.05074074074074057 0.051111111111111045
0 0.47490123456790123 0.4673703703703704 0.040740740740740765 0.05088888888888884
0 0.33196296296296296 0.6625925925925926 0.06598765432098769 0.06811111111111112
0 0.5478765432098766 0.38062962962962965 0.03218518518518522 0.035703703703703696
0 0.3347037037037037 0.47759259259259257 0.05240740740740743 0.051148148148148116
0 0.45076543209876546 0.6335555555555555 0.06267901234567906 0.06970370370370366
0 0.6535555555555556 0.4496666666666666 0.04738271604938272 0.04937037037037044