0 0.6266666666666667 0.39 0.043333333333333335 0.05333333333333334
0 0.48 0.3883333333333333 0.043333333333333335 0.04833333333333333
0 0.325 0.435 0.04666666666666667 0.05333333333333334
0 0.3416666666666667 0.6133333333333333 0.055 0.05
0 0.5816666666666667 0.5816666666666667 0.04833333333333333 0.05333333333333334
0 0.52 0.6683333333333333 0.04666666666666667 0.06
0 0.41333333333333333 0.3516666666666667 0.043333333333333335 0.05333333333333334
0 0.5583333333333333 0.4633333333333333 0.045 0.045
0 0.5216666666666666 0.3616666666666667 0.03666666666666667 0.05
0 0.68 0.5533333333333333 0.051666666666666666 0.04833333333333333
0 0.47333333333333333 0.5033333333333333 0.04833333333333333 0.04666666666666667
0 0.6766666666666666 0.49333333333333335 0.041666666666666664 0.045