0 0.44148148148148153 0.6157037037037036 0.06370370370370362 0.05637037037037032
0 0.6879012345679013 0.46844444444444444 0.04845679012345689 0.04937037037037044
0 0.36858024691358027 0.5389259259259259 0.0553086419753087 0.054518518518518515
0 0.370679012345679 0.4154444444444444 0.045 0.04596296296296297
0 0.48858024691358026 0.5362592592592593 0.05870370370370362 0.05625925925925913
0 0.6238888888888889 0.6316666666666667 0.06203703703703695 0.056333333333333256
0 0.6233333333333333 0.3914814814814815 0.04845679012345689 0.04937037037037034
0 0.45012345679012344 0.4437037037037037 0.050061728395061775 0.047740740740740646
0 0.482716049382716 0.3328888888888889 0.04160493827160489 0.04422222222222217
0 0.4291358024691358 0.37244444444444447 0.04 0.045851851851851866
0 0.5532716049382715 0.48144444444444445 0.05351851851851848 0.051148148148148116
0 0.5310493827160494 0.3768518518518518 0.04672839506172844 0.047666666666666704