0 0.6562222222222223 0.47 0.046111111111111235 0.05
0 0.3458888888888889 0.41 0.03762962962962964 0.043333333333333335
0 0.31125925925925924 0.5433333333333333 0.056259259259259314 0.056666666666666664
0 0.5174814814814814 0.41333333333333333 0.041000000000000036 0.045
0 0.5681851851851851 0.38166666666666665 0.04092592592592591 0.041666666666666664
0 0.4344074074074074 0.6266666666666667 0.056333333333333256 0.06
0 0.6812222222222223 0.62 0.05799999999999993 0.06
0 0.4702222222222222 0.365 0.03762962962962964 0.043333333333333335
0 0.6499259259259259 0.5283333333333333 0.04618518518518518 0.05333333333333334
0 0.5695925925925927 0.4683333333333333 0.04607407407407398 0.04833333333333333
0 0.45585185185185184 0.4866666666666667 0.052851851851851844 0.05333333333333334
0 0.542 0.585 0.05133333333333326 0.06