0 0.6628888888888889 0.4446296296296296 0.04471604938271601 0.04730864197530858
0 0.582074074074074 0.5283950617283951 0.05172839506172826 0.059074074074073904
0 0.528469135802469 0.40598765432098766 0.03437037037037044 0.03549382716049384
0 0.3936296296296296 0.46562962962962967 0.04981481481481486 0.05071604938271605
0 0.2864814814814815 0.5040246913580246 0.06153086419753085 0.05255555555555551
0 0.4224444444444444 0.42607407407407405 0.04290123456790127 0.04228395061728387
0 0.47864197530864205 0.5235308641975308 0.048296296296296455 0.05569135802469134
0 0.6175308641975308 0.6005555555555555 0.06374074074074088 0.07091358024691355
0 0.5201481481481481 0.4625061728395062 0.03956790123456794 0.04223456790123464
0 0.41218518518518515 0.5858518518518518 0.0651111111111111 0.06093827160493826
0 0.3607037037037037 0.5351111111111111 0.060209876543209855 0.06419753086419747
0 0.7037407407407408 0.5301975308641975 0.05001234567901235 0.05738271604938272