0 0.37 0.5066666666666667 0.056666666666666664 0.06166666666666667
0 0.45666666666666667 0.36333333333333334 0.03333333333333333 0.03833333333333333
0 0.6066666666666667 0.37833333333333335 0.03833333333333333 0.043333333333333335
0 0.4816666666666667 0.6566666666666666 0.058333333333333334 0.06666666666666667
0 0.5916666666666667 0.5216666666666666 0.05333333333333334 0.051666666666666666
0 0.3616666666666667 0.43166666666666664 0.05 0.04833333333333333
0 0.49333333333333335 0.4533333333333333 0.043333333333333335 0.04833333333333333
0 0.3983333333333333 0.6133333333333333 0.06166666666666667 0.065
0 0.6533333333333333 0.5916666666666667 0.058333333333333334 0.055
0 0.2916666666666667 0.6066666666666667 0.07 0.06166666666666667
0 0.6883333333333334 0.48333333333333334 0.04833333333333333 0.051666666666666666
0 0.5 0.555 0.055 0.05333333333333334