0 0.3334814814814815 0.44333333333333336 0.05118518518518518 0.05333333333333334
0 0.44996296296296295 0.37666666666666665 0.03922222222222217 0.04
0 0.6441851851851851 0.5616666666666666 0.06296296296296305 0.058333333333333334
0 0.6501111111111111 0.445 0.044370370370370435 0.04666666666666667
0 0.33292592592592596 0.5433333333333333 0.05629629629629629 0.058333333333333334
0 0.5717777777777777 0.445 0.046037037037037105 0.04666666666666667
0 0.4305925925925926 0.5733333333333334 0.05118518518518518 0.05333333333333334
0 0.4596296296296296 0.4666666666666667 0.04781481481481478 0.051666666666666666
0 0.498 0.69 0.07329629629629626 0.07333333333333333
0 0.562037037037037 0.5083333333333333 0.049481481481481446 0.051666666666666666
0 0.5763333333333334 0.39 0.04092592592592591 0.041666666666666664
0 0.5699629629629629 0.6016666666666667 0.05444444444444457 0.05