0 0.4308148148148149 0.6416296296296295 0.06133333333333326 0.06044444444444442
0 0.5812592592592594 0.39770370370370367 0.0358148148148147 0.036925925925925945
0 0.6135185185185185 0.5212962962962964 0.04599999999999985 0.045333333333333406
0 0.6941851851851852 0.4918888888888889 0.04600000000000004 0.045333333333333406
0 0.5731481481481482 0.612679012345679 0.05455555555555558 0.055395061728395
0 0.29859259259259263 0.5156296296296295 0.05603703703703711 0.047074074074074206
0 0.45481481481481484 0.3867654320987654 0.037518518518518625 0.038604938271604966
0 0.46388888888888896 0.5035185185185185 0.04937037037037044 0.047024691358024784
0 0.42844444444444446 0.4482469135802468 0.04425925925925924 0.04198765432098753
0 0.3741851851851852 0.41450617283950614 0.044296296296296306 0.043654320987654385
0 0.632 0.4397530864197531 0.04614814814814811 0.052000000000000074
0 0.5336296296296297 0.44069135802469134 0.04259259259259276 0.041975308641975365