0 0.6370370370370371 0.4381234567901235 0.03933333333333337 0.045283950617283984
0 0.3337037037037037 0.5859012345679012 0.05448148148148145 0.052061728395061665
0 0.31677777777777777 0.4474197530864198 0.046111111111111144 0.05033333333333341
0 0.4908148148148148 0.41703703703703704 0.04096296296296297 0.04362962962962968
0 0.49437037037037046 0.6320987654320988 0.05129629629629638 0.05870370370370362
0 0.7109259259259259 0.5636913580246914 0.05959259259259246 0.05709876543209873
0 0.5582962962962963 0.4558765432098765 0.04599999999999985 0.045333333333333406
0 0.46070370370370367 0.4968271604938271 0.05118518518518518 0.05370370370370362
0 0.5282962962962963 0.38064197530864197 0.03588888888888884 0.04025925925925928
0 0.5808518518518518 0.5660617283950617 0.04625925925925931 0.05700000000000008
0 0.6525185185185185 0.49158024691358015 0.04618518518518518 0.053666666666666744
0 0.42659259259259263 0.38155555555555554 0.032555555555555504 0.040234567901234565