0 0.5616666666666666 0.6066666666666667 0.055 0.07
0 0.5533333333333333 0.53 0.04666666666666667 0.058333333333333334
0 0.6683333333333333 0.44666666666666666 0.04666666666666667 0.051666666666666666
0 0.54 0.39666666666666667 0.03666666666666667 0.03666666666666667
0 0.4483333333333333 0.5166666666666667 0.04666666666666667 0.055
0 0.28 0.47833333333333333 0.05333333333333334 0.04666666666666667
0 0.43 0.41 0.04 0.041666666666666664
0 0.39 0.4483333333333333 0.043333333333333335 0.04833333333333333
0 0.68 0.5433333333333333 0.051666666666666666 0.058333333333333334
0 0.365 0.57 0.056666666666666664 0.05333333333333334
0 0.51 0.45666666666666667 0.035 0.04
0 0.33666666666666667 0.515 0.055 0.058333333333333334