0 0.6384814814814815 0.4401728395061728 0.04138271604938268 0.04696296296296282
0 0.3202222222222222 0.5525061728395062 0.05829629629629627 0.05541975308641971
0 0.3253950617283951 0.4341604938271605 0.04466666666666659 0.045320987654321056
0 0.5685555555555556 0.5506666666666666 0.05011111111111101 0.06035802469135812
0 0.5581358024691359 0.45243209876543217 0.04638271604938268 0.047000000000000076
0 0.49417283950617286 0.41791358024691355 0.03956790123456794 0.04195061728395066
0 0.4720246913580247 0.603037037037037 0.05501234567901236 0.05706172839506166
0 0.4539629629629629 0.48153086419753094 0.05324691358024703 0.053716049382716166
0 0.7066419753086419 0.5579753086419753 0.06354320987654319 0.06379012345679011
0 0.5367283950617284 0.3876049382716049 0.03613580246913595 0.03859259259259261
0 0.43849382716049384 0.385 0.03285185185185185 0.040234567901234565
0 0.6470493827160493 0.4884320987654322 0.04653086419753095 0.052000000000000074