0 0.618 0.380716049382716 0.04451851851851851 0.05397530864197535
0 0.47137037037037033 0.38122222222222224 0.04440740740740731 0.04897530864197525
0 0.3153333333333333 0.4301851851851852 0.04785185185185185 0.05402469135802467
0 0.328037037037037 0.6082716049382716 0.05611111111111114 0.05081481481481471
0 0.5687407407407408 0.5730493827160493 0.04951851851851852 0.054049382716049386
0 0.5051481481481481 0.6606296296296297 0.047999999999999925 0.06069135802469134
0 0.40551851851851856 0.3455432098765432 0.04451851851851851 0.05397530864197525
0 0.548037037037037 0.45506172839506176 0.04599999999999985 0.04566666666666682
0 0.5136296296296297 0.3539382716049383 0.0377777777777779 0.05054320987654326
0 0.6677037037037038 0.5432592592592592 0.05274074074074065 0.049098765432098616
0 0.46214814814814814 0.496320987654321 0.04937037037037044 0.04738271604938272
0 0.6657037037037037 0.4833086419753086 0.04266666666666671 0.0456172839506174