0 0.5133333333333333 0.36666666666666664 0.03666666666666667 0.03833333333333333
0 0.5966666666666667 0.635 0.056666666666666664 0.065
0 0.6516666666666666 0.41833333333333333 0.045 0.05
0 0.375 0.4633333333333333 0.04833333333333333 0.05333333333333334
0 0.40166666666666667 0.6266666666666667 0.06 0.06166666666666667
0 0.6833333333333333 0.5416666666666666 0.05 0.056666666666666664
0 0.4033333333333333 0.4 0.045 0.04833333333333333
0 0.4666666666666667 0.5433333333333333 0.04833333333333333 0.056666666666666664
0 0.57 0.5433333333333333 0.04833333333333333 0.056666666666666664
0 0.27166666666666667 0.525 0.06333333333333334 0.05
0 0.34833333333333333 0.56 0.056666666666666664 0.065
0 0.505 0.4533333333333333 0.04 0.041666666666666664