0 0.3233333333333333 0.4766666666666667 0.051666666666666666 0.051666666666666666
0 0.675 0.49 0.055 0.055
0 0.4083333333333333 0.42333333333333334 0.035 0.03833333333333333
0 0.37666666666666665 0.5366666666666666 0.05333333333333334 0.06166666666666667
0 0.6166666666666667 0.43333333333333335 0.035 0.03666666666666667
0 0.5 0.5333333333333333 0.05333333333333334 0.056666666666666664
0 0.5533333333333333 0.44333333333333336 0.03666666666666667 0.04
0 0.6383333333333333 0.59 0.07666666666666666 0.07833333333333334
0 0.465 0.47 0.05 0.04833333333333333
0 0.58 0.4766666666666667 0.041666666666666664 0.04833333333333333
0 0.6416666666666667 0.5233333333333333 0.05333333333333334 0.055
0 0.525 0.4166666666666667 0.028333333333333332 0.03333333333333333