0 0.5794320987654321 0.3647901234567901 0.03696296296296301 0.040543209876543265
0 0.4512098765432099 0.3816913580246914 0.033629629629629676 0.040493827160493844
0 0.3399753086419753 0.441679012345679 0.050395061728394995 0.054074074074074094
0 0.3189753086419753 0.532 0.057111111111111085 0.06083950617283942
0 0.4051851851851852 0.4690493827160494 0.0504197530864198 0.05740740740740743
0 0.5898148148148149 0.41630864197530865 0.04198765432098753 0.04395061728395054
0 0.660148148148148 0.46027160493827163 0.047037037037036954 0.05069135802469134
0 0.44479012345679014 0.640148148148148 0.05719753086419757 0.07250617283950608
0 0.6526296296296297 0.570395061728395 0.06544444444444442 0.06096296296296297
0 0.5128641975308642 0.3791111111111111 0.03864197530864203 0.042234567901234546
0 0.4698641975308643 0.42475308641975307 0.04538271604938283 0.052333333333333294
0 0.5253333333333334 0.4872716049382716 0.045345679012345576 0.0473333333333333