0 0.6237160493827161 0.5928888888888889 0.06098765432098768 0.06711111111111108
0 0.5841358024691359 0.3959506172839506 0.038925925925926017 0.04028395061728399
0 0.46114814814814814 0.6433456790123457 0.06432098765432101 0.0671358024691358
0 0.7150987654320987 0.4619135802469136 0.05235802469135801 0.04704938271604931
0 0.6341481481481481 0.509641975308642 0.055790123456790186 0.053740740740740686
0 0.45629629629629637 0.42833333333333334 0.03728395061728406 0.0419382716049383
0 0.3111604938271605 0.5305802469135802 0.0608148148148149 0.05544444444444442
0 0.49576543209876545 0.505283950617284 0.04414814814814804 0.05532098765432086
0 0.631320987654321 0.4312962962962963 0.047358024691358004 0.047012345679012434
0 0.3628641975308642 0.42097530864197535 0.038925925925925926 0.04028395061728399
0 0.45729629629629626 0.3833456790123457 0.03392592592592602 0.04024691358024692
0 0.5413703703703703 0.433962962962963 0.03897530864197544 0.04361728395061732