0 0.5571728395061729 0.6025061728395061 0.05551851851851855 0.07040740740740735
0 0.5494074074074075 0.5259012345679012 0.04709876543209873 0.05867901234567891
0 0.6650246913580247 0.4417160493827161 0.0470493827160495 0.052012345679012244
0 0.5370617283950617 0.39266666666666666 0.036938271604938296 0.036938271604938296
0 0.44450617283950616 0.5133456790123457 0.04707407407407402 0.05534567901234558
0 0.2764567901234568 0.4762592592592593 0.053679012345679095 0.04706172839506166
0 0.426962962962963 0.40681481481481485 0.0403086419753087 0.04196296296296301
0 0.38667901234567903 0.4454444444444444 0.04369135802469136 0.04865432098765439
0 0.6759753086419753 0.5382962962962963 0.05209876543209873 0.058716049382716164
0 0.3607777777777778 0.5672962962962962 0.05706172839506176 0.05375308641975304
0 0.5066172839506172 0.4528888888888889 0.03529629629629615 0.04025925925925928
0 0.33285185185185184 0.5125061728395062 0.055432098765432064 0.058740740740740684