0 0.615 0.5883333333333334 0.06 0.06666666666666667
0 0.5783333333333334 0.39166666666666666 0.03833333333333333 0.04
0 0.45166666666666666 0.64 0.06333333333333334 0.06666666666666667
0 0.7083333333333334 0.45666666666666667 0.051666666666666666 0.04666666666666667
0 0.6266666666666667 0.505 0.055 0.05333333333333334
0 0.45 0.425 0.03666666666666667 0.041666666666666664
0 0.30333333333333334 0.5283333333333333 0.06 0.055
0 0.48833333333333334 0.5016666666666667 0.043333333333333335 0.055
0 0.625 0.4266666666666667 0.04666666666666667 0.04666666666666667
0 0.3566666666666667 0.41833333333333333 0.03833333333333333 0.04
0 0.45166666666666666 0.38 0.03333333333333333 0.04
0 0.535 0.43 0.03833333333333333 0.043333333333333335