0 0.475 0.375 0.03666666666666667 0.04
0 0.6116666666666667 0.46 0.04666666666666667 0.055
0 0.62 0.4033333333333333 0.041666666666666664 0.045
0 0.39666666666666667 0.45 0.04666666666666667 0.04666666666666667
0 0.33 0.585 0.058333333333333334 0.06
0 0.6666666666666666 0.5316666666666666 0.055 0.06333333333333334
0 0.5016666666666667 0.43333333333333335 0.043333333333333335 0.05
0 0.5483333333333333 0.655 0.055 0.06833333333333333
0 0.575 0.38666666666666666 0.03333333333333333 0.04
0 0.49833333333333335 0.5 0.05 0.058333333333333334
0 0.395 0.41833333333333333 0.03666666666666667 0.04
0 0.31166666666666665 0.4816666666666667 0.05 0.043333333333333335