0 0.5261851851851852 0.5184814814814815 0.05586419753086413 0.059555555555555584
0 0.5407530864197532 0.6015185185185185 0.05439506172839515 0.07285185185185185
0 0.6845432098765433 0.5166296296296295 0.05919753086419746 0.05962962962962971
0 0.4359012345679012 0.3887777777777778 0.035567901234567975 0.03911111111111116
0 0.5758024691358026 0.379 0.03220987654320993 0.03737037037037036
0 0.35676543209876543 0.44888888888888895 0.05071604938271605 0.04944444444444457
0 0.6055925925925926 0.47670370370370374 0.05245679012345685 0.05448148148148145
0 0.3825802469135802 0.5033333333333333 0.05591358024691355 0.06288888888888891
0 0.4917407407407408 0.4442222222222222 0.03900000000000015 0.04585185185185196
0 0.31734567901234567 0.6014814814814815 0.07267901234567906 0.06992592592592586
0 0.4404814814814815 0.5854074074074075 0.06608641975308634 0.07477777777777779
0 0.6733580246913581 0.4368518518518518 0.04738271604938272 0.04937037037037044