0 0.43 0.38 0.03833333333333333 0.043333333333333335
0 0.57 0.3616666666666667 0.04 0.045
0 0.655 0.57 0.058333333333333334 0.055
0 0.3416666666666667 0.55 0.05 0.05333333333333334
0 0.6533333333333333 0.4666666666666667 0.05 0.05
0 0.43 0.515 0.04666666666666667 0.051666666666666666
0 0.3466666666666667 0.465 0.045 0.05
0 0.5183333333333333 0.505 0.051666666666666666 0.05333333333333334
0 0.5783333333333334 0.415 0.045 0.04666666666666667
0 0.4666666666666667 0.43 0.041666666666666664 0.04833333333333333
0 0.49833333333333335 0.36833333333333335 0.03666666666666667 0.03833333333333333
0 0.4666666666666667 0.6633333333333333 0.06 0.06166666666666667