0 0.3967037037037037 0.37666666666666665 0.04944444444444438 0.05
0 0.5232962962962963 0.29833333333333334 0.042888888888888914 0.055
0 0.5686296296296297 0.3883333333333333 0.04274074074074065 0.04833333333333333
0 0.3297037037037037 0.5116666666666667 0.052851851851851844 0.05333333333333334
0 0.415 0.525 0.052777777777777715 0.05
0 0.6512592592592593 0.43166666666666664 0.04433333333333318 0.045
0 0.5396296296296296 0.5083333333333333 0.04944444444444438 0.05
0 0.4661481481481481 0.3516666666666667 0.04111111111111124 0.05
0 0.4497407407407407 0.43833333333333335 0.05118518518518518 0.05333333333333334
0 0.6809259259259259 0.5666666666666667 0.05433333333333337 0.045
0 0.5421111111111111 0.695 0.05299999999999992 0.06
0 0.37733333333333335 0.63 0.05611111111111114 0.05