0 0.3883333333333333 0.37666666666666665 0.04833333333333333 0.05
0 0.5166666666666667 0.29833333333333334 0.041666666666666664 0.055
0 0.56 0.3883333333333333 0.041666666666666664 0.04833333333333333
0 0.31833333333333336 0.5116666666666667 0.051666666666666666 0.05333333333333334
0 0.4033333333333333 0.525 0.051666666666666666 0.05
0 0.6416666666666667 0.43166666666666664 0.043333333333333335 0.045
0 0.5283333333333333 0.5083333333333333 0.04833333333333333 0.05
0 0.4583333333333333 0.3516666666666667 0.04 0.05
0 0.44 0.43833333333333335 0.05 0.05333333333333334
0 0.6683333333333333 0.5666666666666667 0.05333333333333334 0.045
0 0.5266666666666666 0.695 0.051666666666666666 0.06
0 0.36333333333333334 0.63 0.055 0.05