0 0.44566666666666666 0.42 0.030777777777777827 0.035
0 0.2678888888888889 0.545 0.07648148148148153 0.06666666666666667
0 0.5841111111111111 0.49 0.05281481481481478 0.051666666666666666
0 0.4772962962962962 0.5716666666666667 0.061555555555555655 0.07
0 0.5789629629629629 0.4216666666666667 0.030777777777777827 0.035
0 0.4815185185185185 0.45666666666666667 0.04096296296296297 0.043333333333333335
0 0.36085185185185187 0.4866666666666667 0.05618518518518518 0.05333333333333334
0 0.3566666666666667 0.45 0.04759259259259257 0.041666666666666664
0 0.66 0.525 0.06462962962962972 0.058333333333333334
0 0.6679629629629631 0.4666666666666667 0.05107407407407398 0.04833333333333333
0 0.38451851851851854 0.5466666666666666 0.06992592592592596 0.07166666666666667
0 0.4903703703703704 0.5083333333333333 0.054592592592592644 0.056666666666666664