0 0.6016666666666667 0.38166666666666665 0.043333333333333335 0.05
0 0.3616666666666667 0.605 0.06 0.058333333333333334
0 0.645 0.6116666666666667 0.055 0.058333333333333334
0 0.695 0.505 0.043333333333333335 0.05
0 0.415 0.425 0.041666666666666664 0.05
0 0.32666666666666666 0.45166666666666666 0.04666666666666667 0.04833333333333333
0 0.5416666666666666 0.5783333333333334 0.05 0.056666666666666664
0 0.465 0.37166666666666665 0.035 0.045
0 0.44166666666666665 0.5116666666666667 0.051666666666666666 0.05333333333333334
0 0.5 0.6283333333333333 0.051666666666666666 0.058333333333333334
0 0.32166666666666666 0.49666666666666665 0.04833333333333333 0.05333333333333334
0 0.525 0.465 0.045 0.051666666666666666