0 0.455 0.42 0.03 0.035
0 0.28 0.545 0.075 0.06666666666666667
0 0.595 0.49 0.051666666666666666 0.051666666666666666
0 0.49 0.5716666666666667 0.06 0.07
0 0.5883333333333334 0.4216666666666667 0.03 0.035
0 0.49166666666666664 0.45666666666666667 0.04 0.043333333333333335
0 0.37166666666666665 0.4866666666666667 0.055 0.05333333333333334
0 0.36666666666666664 0.45 0.04666666666666667 0.041666666666666664
0 0.6716666666666666 0.525 0.06333333333333334 0.058333333333333334
0 0.6783333333333333 0.4666666666666667 0.05 0.04833333333333333
0 0.39666666666666667 0.5466666666666666 0.06833333333333333 0.07166666666666667
0 0.5016666666666667 0.5083333333333333 0.05333333333333334 0.056666666666666664