0 0.3237777777777778 0.4201234567901235 0.04940740740740741 0.04976543209876543
0 0.46544444444444444 0.34097530864197534 0.044370370370370435 0.04795061728395069
0 0.5435925925925926 0.4968888888888889 0.04614814814814811 0.05299999999999992
0 0.5738518518518518 0.40938271604938276 0.04614814814814811 0.05300000000000002
0 0.4353333333333333 0.5717160493827161 0.049592592592592646 0.05809876543209877
0 0.6268518518518518 0.42280246913580244 0.04944444444444457 0.0514320987654321
0 0.329037037037037 0.5582098765432099 0.05629629629629629 0.05996296296296293
0 0.5134074074074074 0.6560123456790123 0.05311111111111112 0.06653086419753095
0 0.6646666666666666 0.5199506172839505 0.05444444444444457 0.05158024691358037
0 0.5701481481481482 0.3511975308641975 0.03925925925925924 0.04280246913580243
0 0.5808888888888888 0.6173703703703703 0.06314814814814819 0.06849382716049376
0 0.46296296296296297 0.452641975308642 0.04270370370370377 0.04790123456790127