0 0.41833333333333333 0.625 0.06166666666666667 0.055
0 0.67 0.48333333333333334 0.04666666666666667 0.04833333333333333
0 0.34833333333333333 0.5466666666666666 0.05333333333333334 0.05333333333333334
0 0.355 0.42333333333333334 0.043333333333333335 0.045
0 0.4683333333333333 0.5466666666666666 0.056666666666666664 0.055
0 0.6 0.645 0.06 0.055
0 0.6083333333333333 0.405 0.04666666666666667 0.04833333333333333
0 0.43333333333333335 0.4533333333333333 0.04833333333333333 0.04666666666666667
0 0.47 0.3433333333333333 0.04 0.043333333333333335
0 0.415 0.38166666666666665 0.03833333333333333 0.045
0 0.535 0.49333333333333335 0.051666666666666666 0.05
0 0.5166666666666667 0.3883333333333333 0.045 0.04666666666666667