0 0.30160493827160495 0.5061481481481481 0.05709876543209873 0.05829629629629646
0 0.3748148148148149 0.42155555555555557 0.03827160493827156 0.04441975308641967
0 0.6584567901234567 0.5117160493827161 0.05203703703703695 0.05648148148148152
0 0.5896913580246913 0.4312592592592593 0.03820987654320978 0.04275308641975319
0 0.4991358024691358 0.5787407407407407 0.055432098765432064 0.058246913580247035
0 0.5291358024691358 0.4444814814814814 0.03654320987654311 0.04270370370370377
0 0.6386419753086421 0.6412716049382716 0.06932098765432101 0.07364197530864203
0 0.3803086419753086 0.5885679012345679 0.06234567901234565 0.0651111111111112
0 0.5608024691358025 0.49046913580246915 0.04518518518518514 0.051283950617284024
0 0.44907407407407407 0.4888271604938272 0.05191358024691359 0.05314814814814819
0 0.4988271604938272 0.40687654320987654 0.0346913580246913 0.03765432098765435
0 0.6301234567901235 0.5559259259259259 0.050308641975308696 0.054765432098765436