0 0.5386666666666666 0.34814814814814815 0.038999999999999965 0.045851851851851866
0 0.6781604938271606 0.4234074074074074 0.04245679012345666 0.054259259259259236
0 0.3194197530864198 0.5164074074074074 0.059246913580246884 0.06296296296296305
0 0.5981234567901235 0.5352222222222222 0.05417283950617275 0.05785185185185185
0 0.40751851851851856 0.38607407407407407 0.04399999999999996 0.04596296296296297
0 0.3934814814814815 0.45140740740740737 0.04576543209876547 0.0526666666666667
0 0.4546296296296296 0.6401111111111111 0.0675308641975308 0.059814814814814855
0 0.5167654320987655 0.4453333333333333 0.04743209876543214 0.05270370370370377
0 0.7029753086419753 0.522888888888889 0.05414814814814823 0.05618518518518518
0 0.4761358024691358 0.5162592592592593 0.047481481481481375 0.05603703703703711
0 0.5922962962962962 0.592037037037037 0.05255555555555551 0.06114814814814811
0 0.3450617283950617 0.5591851851851852 0.05243209876543214 0.05281481481481478