0 0.3433703703703703 0.4347283950617284 0.048703703703703714 0.0514320987654321
0 0.3377777777777778 0.5148765432098765 0.05544444444444442 0.0616296296296296
0 0.6566666666666666 0.4304444444444444 0.04201234567901243 0.04790123456790127
0 0.6526049382716049 0.5288765432098766 0.06211111111111109 0.061827160493827096
0 0.4620864197530864 0.3795555555555556 0.03693827160493811 0.037753086419753
0 0.4359012345679012 0.5402962962962964 0.053740740740740874 0.056580246913580365
0 0.575 0.4328641975308642 0.0436790123456791 0.04795061728395069
0 0.46655555555555545 0.45107407407407407 0.047037037037036954 0.05138271604938268
0 0.5017777777777779 0.6449876543209876 0.07391358024691347 0.0805061728395062
0 0.5662962962962963 0.4831111111111111 0.04872839506172833 0.054765432098765436
0 0.5773703703703703 0.5627654320987654 0.05372839506172833 0.0549135802469137
0 0.5836543209876544 0.38928395061728394 0.04029629629629616 0.04118518518518518