0 0.38266666666666665 0.3938395061728395 0.047407407407407426 0.05138271604938268
0 0.4949876543209876 0.32214814814814813 0.04071604938271605 0.04951851851851852
0 0.32441975308641974 0.5139506172839505 0.05417283950617285 0.058246913580247035
0 0.5458518518518519 0.379 0.03735802469135801 0.0477530864197531
0 0.5783086419753086 0.6564938271604939 0.06098765432098768 0.06844444444444435
0 0.3843333333333333 0.6188888888888888 0.06432098765432101 0.06854320987654319
0 0.6294814814814814 0.39653086419753086 0.04056790123456797 0.039518518518518515
0 0.44159259259259254 0.4321111111111111 0.049098765432098616 0.053098765432098766
0 0.5372839506172838 0.475962962962963 0.050839506172839416 0.05814814814814819
0 0.6877283950617283 0.5015185185185186 0.05240740740740743 0.051530864197530946
0 0.4472469135802469 0.36358024691358026 0.03566666666666663 0.04603703703703701
0 0.4177530864197531 0.5111851851851852 0.054148148148148036 0.05658024691358018