0 0.7008271604938272 0.3961728395061728 0.04956790123456794 0.043456790123456795
0 0.6569876543209876 0.5496296296296296 0.060259259259259276 0.06716049382716051
0 0.5229876543209876 0.6446913580246914 0.05535802469135812 0.0703086419753087
0 0.44274074074074077 0.4140740740740741 0.04471604938271601 0.04827160493827155
0 0.5592469135802469 0.3480246913580247 0.04118518518518518 0.04148148148148152
0 0.6410370370370371 0.4617901234567901 0.05314814814814819 0.05191358024691359
0 0.5117777777777778 0.4916049382716049 0.04486419753086428 0.053271604938271745
0 0.42449382716049383 0.361358024691358 0.03961728395061736 0.04475308641975308
0 0.3355185185185185 0.5682098765432099 0.06667901234567902 0.0590740740740741
0 0.6169012345679012 0.37925925925925924 0.04471604938271601 0.04827160493827155
0 0.34641975308641976 0.42932098765432103 0.04451851851851851 0.04160493827160489
0 0.5308271604938272 0.4024691358024691 0.04133333333333326 0.046481481481481526