0 0.5106172839506173 0.3514567901234568 0.03695061728395065 0.03941975308641967
0 0.591962962962963 0.617320987654321 0.05714814814814796 0.06667901234567883
0 0.6485679012345679 0.39902469135802465 0.04537037037037028 0.05133333333333326
0 0.3715679012345679 0.4522222222222222 0.04872839506172833 0.054765432098765436
0 0.3970246913580247 0.6147654320987654 0.060456790123456776 0.06344444444444454
0 0.679320987654321 0.5214197530864197 0.05041975308641971 0.05814814814814819
0 0.4003703703703704 0.3880493827160494 0.04535802469135802 0.049666666666666685
0 0.462641975308642 0.5295061728395062 0.04875308641975304 0.05809876543209877
0 0.5659753086419753 0.5264444444444445 0.04875308641975304 0.05809876543209877
0 0.2677777777777778 0.5169506172839506 0.06370370370370372 0.05187654320987652
0 0.3441851851851852 0.5496790123456791 0.05714814814814815 0.06667901234567902
0 0.501641975308642 0.4383703703703704 0.0403086419753087 0.04285185185185185