0 0.5529135802469136 0.4095185185185185 0.03551851851851855 0.035777777777777825
0 0.2969135802469136 0.4602222222222222 0.047283950617283965 0.04270370370370377
0 0.6800987654320988 0.4417037037037037 0.05071604938271605 0.04944444444444438
0 0.405 0.4411481481481481 0.04228395061728397 0.04259259259259257
0 0.36123456790123454 0.5254814814814814 0.05914814814814813 0.05629629629629638
0 0.44965432098765434 0.4168148148148148 0.03723456790123464 0.03914814814814813
0 0.4490493827160494 0.48851851851851846 0.05079012345679018 0.05444444444444457
0 0.5542469135802469 0.49951851851851853 0.04579012345679 0.05433333333333337
0 0.34397530864197534 0.48585185185185187 0.05245679012345685 0.05448148148148145
0 0.5501111111111111 0.557962962962963 0.05603703703703711 0.07122222222222224
0 0.6828024691358024 0.5116666666666667 0.05586419753086413 0.059555555555555584
0 0.525148148148148 0.4484814814814815 0.03392592592592602 0.040740740740740765