0 0.6338148148148148 0.41403703703703704 0.0410370370370371 0.047555555555555504
0 0.3400370370370371 0.5904814814814815 0.05448148148148145 0.052851851851851844
0 0.4858888888888888 0.399 0.03925925925925943 0.04251851851851853
0 0.5891851851851851 0.5482962962962963 0.04792592592592598 0.05770370370370377
0 0.31 0.4428888888888889 0.04770370370370368 0.04770370370370377
0 0.5218518518518518 0.3548888888888889 0.0375555555555555 0.0408148148148148
0 0.7126296296296296 0.5405555555555556 0.05959259259259265 0.05796296296296305
0 0.5042222222222221 0.6234814814814815 0.05292592592592579 0.057814814814814784
0 0.4622962962962963 0.4861481481481481 0.05118518518518518 0.05444444444444457
0 0.41670370370370374 0.36388888888888893 0.03259259259259257 0.042370370370370364
0 0.6492962962962963 0.46699999999999997 0.04614814814814811 0.0526666666666667
0 0.5583333333333333 0.43737037037037035 0.044296296296296306 0.044296296296296306