0 0.5733333333333334 0.36 0.041666666666666664 0.05333333333333334
0 0.30666666666666664 0.49833333333333335 0.05 0.04833333333333333
0 0.465 0.37 0.04 0.04833333333333333
0 0.4 0.6616666666666666 0.06166666666666667 0.051666666666666666
0 0.48 0.5083333333333333 0.05333333333333334 0.055
0 0.44166666666666665 0.4033333333333333 0.03833333333333333 0.04
0 0.59 0.6416666666666667 0.056666666666666664 0.051666666666666666
0 0.3616666666666667 0.3933333333333333 0.043333333333333335 0.04833333333333333
0 0.5416666666666666 0.44166666666666665 0.03833333333333333 0.041666666666666664
0 0.6833333333333333 0.48 0.051666666666666666 0.05
0 0.6566666666666666 0.43333333333333335 0.04 0.043333333333333335