0 0.5880864197530864 0.6191481481481481 0.06074074074074076 0.06543209876543206
0 0.538641975308642 0.36444444444444446 0.03820987654320978 0.0419382716049383
0 0.47475308641975306 0.529962962962963 0.04870370370370362 0.05534567901234558
0 0.4045061728395062 0.6138395061728396 0.05395061728395063 0.0620493827160495
0 0.5890123456790123 0.5091111111111112 0.05024691358024692 0.05202469135802479
0 0.4000617283950617 0.44882716049382715 0.04339506172839502 0.04697530864197536
0 0.442716049382716 0.3851604938271605 0.04 0.045283950617283984
0 0.6795061728395062 0.43175308641975313 0.051728395061728445 0.047037037037036954
0 0.30956790123456795 0.48117283950617284 0.048518518518518475 0.05034567901234557
0 0.5369135802469136 0.4528148148148148 0.04172839506172844 0.04696296296296282
0 0.6774074074074075 0.5551358024691359 0.06043209876543206 0.05709876543209873
0 0.35512345679012347 0.5408518518518519 0.0603086419753086 0.053765432098765394