0 0.5987407407407407 0.4151851851851852 0.04259259259259276 0.043209876543209874
0 0.6133703703703705 0.6238888888888889 0.061444444444444454 0.0672222222222221
0 0.46766666666666673 0.43697530864197537 0.0375555555555555 0.04135802469135797
0 0.4458518518518519 0.654320987654321 0.06474074074074072 0.06567901234567898
0 0.7254814814814815 0.4981481481481482 0.054407407407407314 0.050308641975308696
0 0.37574074074074076 0.4219135802469136 0.03759259259259257 0.043024691358024635
0 0.6446296296296297 0.4568518518518518 0.04770370370370377 0.048395061728394924
0 0.4716296296296296 0.39049382716049386 0.03414814814814804 0.03790123456790127
0 0.6364814814814815 0.5398148148148149 0.05618518518518518 0.055370370370370285
0 0.5495925925925926 0.45166666666666666 0.03759259259259276 0.043024691358024635
0 0.3148518518518518 0.529567901234568 0.059555555555555584 0.057160493827160506
0 0.4978518518518518 0.521358024691358 0.04292592592592598 0.058209876543209776