0 0.367 0.3967777777777778 0.04362962962962968 0.04096296296296297
0 0.5569506172839507 0.39922222222222226 0.04033333333333341 0.04588888888888884
0 0.33970370370370373 0.48237037037037034 0.055432098765432064 0.059555555555555584
0 0.3388641975308642 0.5957037037037037 0.06379012345679011 0.06307407407407406
0 0.5156666666666666 0.3484814814814815 0.033654320987654196 0.04407407407407409
0 0.4750246913580247 0.661 0.06554320987654326 0.07477777777777779
0 0.6434074074074074 0.42562962962962964 0.04201234567901224 0.04759259259259257
0 0.4672839506172839 0.3562222222222223 0.04198765432098753 0.04425925925925924
0 0.6723827160493827 0.5632962962962963 0.060395061728395 0.05466666666666659
0 0.45506172839506176 0.4314814814814815 0.04706172839506166 0.05437037037037044
0 0.38450617283950617 0.508037037037037 0.048716049382715974 0.05274074074074065
0 0.5163086419753087 0.48677777777777775 0.0403086419753087 0.042555555555555506