0 0.5786666666666668 0.34725925925925927 0.04245679012345666 0.054259259259259236
0 0.3140493827160494 0.4915185185185186 0.05071604938271605 0.04944444444444457
0 0.4704814814814815 0.3596666666666667 0.04071604938271605 0.049222222222222174
0 0.4098024691358024 0.6527777777777777 0.06243209876543204 0.05303703703703718
0 0.4875308641975308 0.4976666666666667 0.054148148148148036 0.05618518518518518
0 0.44764197530864197 0.39351851851851855 0.038925925925926017 0.04085185185185187
0 0.5995061728395061 0.6285555555555555 0.05743209876543214 0.05292592592592598
0 0.36749382716049384 0.3852962962962963 0.044049382716049384 0.0492962962962963
0 0.5482098765432099 0.42962962962962964 0.038950617283950544 0.04251851851851863
0 0.6904444444444444 0.46481481481481485 0.05240740740740743 0.051148148148148116
0 0.6630864197530865 0.4187407407407408 0.040641975308641914 0.04422222222222217