0 0.3339259259259259 0.4790617283950617 0.05281481481481478 0.052049382716049496
0 0.6858888888888889 0.495 0.05622222222222225 0.05540740740740735
0 0.41774074074074075 0.426358024691358 0.035851851851851774 0.03859259259259261
0 0.3885925925925926 0.5394567901234567 0.05470370370370366 0.06206172839506166
0 0.6262962962962964 0.43790123456790125 0.0358148148148147 0.036925925925925945
0 0.5118518518518518 0.5370370370370371 0.05459259259259246 0.05706172839506166
0 0.5631851851851852 0.44743209876543216 0.0375555555555555 0.04027160493827144
0 0.6514444444444445 0.5947283950617284 0.07840740740740747 0.07890123456790131
0 0.4754444444444444 0.47344444444444456 0.05107407407407398 0.04870370370370362
0 0.5905925925925927 0.480962962962963 0.04274074074074065 0.04864197530864203
0 0.6532962962962963 0.5280864197530865 0.05455555555555558 0.055395061728395
0 0.5342592592592592 0.4205555555555555 0.029074074074074096 0.03354320987654319