0 0.68 0.5233333333333333 0.06 0.058333333333333334
0 0.43166666666666664 0.4083333333333333 0.03333333333333333 0.03833333333333333
0 0.53 0.595 0.055 0.07166666666666667
0 0.5183333333333333 0.52 0.05333333333333334 0.058333333333333334
0 0.375 0.505 0.056666666666666664 0.06166666666666667
0 0.5683333333333334 0.405 0.03 0.035
0 0.5966666666666667 0.4866666666666667 0.051666666666666666 0.051666666666666666
0 0.30333333333333334 0.5883333333333334 0.075 0.07166666666666667
0 0.3516666666666667 0.45666666666666667 0.05 0.04666666666666667
0 0.42833333333333334 0.5783333333333334 0.06666666666666667 0.075
0 0.485 0.455 0.03833333333333333 0.043333333333333335
0 0.6683333333333333 0.4533333333333333 0.04666666666666667 0.04666666666666667