0 0.65 0.435 0.043333333333333335 0.04666666666666667
0 0.5666666666666667 0.52 0.05 0.058333333333333334
0 0.5166666666666667 0.3983333333333333 0.03333333333333333 0.035
0 0.38 0.46 0.04833333333333333 0.05
0 0.27166666666666667 0.5 0.06 0.051666666666666666
0 0.41 0.42 0.041666666666666664 0.041666666666666664
0 0.4633333333333333 0.5166666666666667 0.04666666666666667 0.055
0 0.6 0.5916666666666667 0.06166666666666667 0.07
0 0.5066666666666667 0.455 0.03833333333333333 0.041666666666666664
0 0.395 0.58 0.06333333333333334 0.06
0 0.345 0.53 0.058333333333333334 0.06333333333333334
0 0.6883333333333334 0.52 0.04833333333333333 0.056666666666666664