0 0.5466666666666666 0.4054691358024691 0.035 0.036037037037037006
0 0.29 0.4580740740740741 0.04666666666666667 0.04304938271604935
0 0.6733333333333333 0.4367160493827161 0.05 0.04981481481481486
0 0.3983333333333333 0.4381975308641975 0.041666666666666664 0.04290123456790127
0 0.35333333333333333 0.5228641975308642 0.058333333333333334 0.05672839506172844
0 0.44333333333333336 0.4135308641975309 0.03666666666666667 0.03941975308641976
0 0.44166666666666665 0.4852469135802469 0.05 0.05481481481481486
0 0.5466666666666666 0.49546913580246915 0.045 0.05466666666666659
0 0.33666666666666667 0.483358024691358 0.051666666666666666 0.05486419753086428
0 0.5416666666666666 0.5539506172839507 0.055 0.0716296296296296
0 0.675 0.5066666666666667 0.055 0.05996296296296293
0 0.5183333333333333 0.44464197530864197 0.03333333333333333 0.04098765432098768