0 0.5766666666666667 0.37333333333333335 0.03666666666666667 0.04
0 0.4483333333333333 0.3883333333333333 0.03333333333333333 0.04
0 0.33666666666666667 0.44666666666666666 0.05 0.05333333333333334
0 0.315 0.5366666666666666 0.056666666666666664 0.06
0 0.40166666666666667 0.475 0.05 0.056666666666666664
0 0.5866666666666667 0.425 0.041666666666666664 0.043333333333333335
0 0.6566666666666666 0.47 0.04666666666666667 0.05
0 0.44 0.6466666666666666 0.056666666666666664 0.07166666666666667
0 0.6483333333333333 0.58 0.065 0.06
0 0.51 0.38666666666666666 0.03833333333333333 0.041666666666666664
0 0.4666666666666667 0.43166666666666664 0.045 0.051666666666666666
0 0.5216666666666666 0.495 0.045 0.04666666666666667