0 0.6090987654320988 0.3846666666666667 0.03900000000000015 0.04585185185185177
0 0.31893827160493826 0.5144074074074074 0.05745679012345685 0.054592592592592644
0 0.4290246913580247 0.39366666666666666 0.044049382716049384 0.0492962962962963
0 0.3491975308641976 0.3837777777777778 0.04402469135802467 0.04762962962962964
0 0.5078271604938271 0.3602592592592593 0.035641975308642104 0.04411111111111116
0 0.4290987654320988 0.6135925925925926 0.06258024691358022 0.06303703703703699
0 0.6804074074074073 0.5197037037037037 0.05076543209876528 0.0527777777777779
0 0.41764197530864194 0.4872222222222223 0.052456790123456755 0.05448148148148145
0 0.5263456790123457 0.45981481481481484 0.042382716049382714 0.049259259259259426
0 0.336641975308642 0.444037037037037 0.04904938271604938 0.049407407407407504
0 0.5506172839506173 0.6208888888888888 0.055888888888888835 0.06122222222222225
0 0.5202592592592593 0.5332592592592592 0.04745679012345685 0.05437037037037044