0 0.32686419753086415 0.48624691358024696 0.05204938271604931 0.05319753086419761
0 0.6786296296296297 0.51 0.055407407407407544 0.0566296296296296
0 0.41146913580246913 0.43543209876543204 0.03528395061728389 0.03937037037037044
0 0.38064197530864197 0.5478271604938272 0.05379012345679011 0.06324691358024703
0 0.6198765432098765 0.4516049382716049 0.03527160493827163 0.037703703703703774
0 0.5039506172839506 0.5481481481481482 0.05375308641975304 0.058246913580247035
0 0.5566172839506173 0.45972839506172836 0.03696296296296282 0.04108641975308653
0 0.6427037037037038 0.6089135802469137 0.07724691358024681 0.08060493827160485
0 0.4684814814814814 0.48377777777777775 0.05035802469135812 0.04981481481481486
0 0.5835308641975309 0.4938518518518519 0.042024691358024786 0.049567901234567745
0 0.6455432098765432 0.5423456790123456 0.053740740740740874 0.056580246913580365
0 0.5280864197530865 0.4322222222222223 0.028580246913580253 0.03417283950617275