0 0.32993827160493827 0.453395061728395 0.04872839506172843 0.054049382716049386
0 0.39925925925925926 0.3190493827160494 0.045407407407407355 0.05566666666666663
0 0.6666049382716049 0.4484074074074075 0.045333333333333406 0.04566666666666682
0 0.4665802469135802 0.679679012345679 0.057037037037036956 0.050839506172839416
0 0.5739382716049382 0.3597901234567901 0.04201234567901224 0.047283950617283875
0 0.48554320987654326 0.3694320987654321 0.04201234567901224 0.047283950617283875
0 0.43574074074074076 0.5684814814814815 0.047024691358024596 0.049024691358024675
0 0.6369506172839506 0.6271604938271605 0.04871604938271616 0.052382716049382716
0 0.3504444444444444 0.6097407407407407 0.050382716049382645 0.05240740740740743
0 0.531395061728395 0.4787407407407407 0.05375308641975304 0.05745679012345666
0 0.4130987654320988 0.4754938271604938 0.04535802469135793 0.04899999999999996
0 0.3737160493827161 0.3927530864197531 0.04033333333333341 0.04559259259259259