0 0.6316666666666667 0.415 0.03833333333333333 0.045
0 0.4033333333333333 0.6266666666666667 0.058333333333333334 0.056666666666666664
0 0.32666666666666666 0.5033333333333333 0.051666666666666666 0.055
0 0.3516666666666667 0.395 0.04 0.045
0 0.47833333333333333 0.5583333333333333 0.051666666666666666 0.051666666666666666
0 0.515 0.385 0.03166666666666667 0.041666666666666664
0 0.6933333333333334 0.54 0.051666666666666666 0.06166666666666667
0 0.445 0.4083333333333333 0.03666666666666667 0.03833333333333333
0 0.53 0.4666666666666667 0.04833333333333333 0.05333333333333334
0 0.41833333333333333 0.495 0.05 0.04666666666666667
0 0.3516666666666667 0.445 0.04 0.03833333333333333
0 0.5633333333333334 0.645 0.056666666666666664 0.06333333333333334