0 0.5960123456790124 0.3994938271604938 0.044074074074073905 0.051283950617284024
0 0.3527037037037037 0.6157160493827161 0.060864197530864125 0.0601111111111112
0 0.6359382716049382 0.6307777777777779 0.05586419753086413 0.05996296296296312
0 0.6875185185185185 0.5255925925925926 0.04407407407407409 0.051283950617284024
0 0.40870370370370374 0.43729629629629635 0.04240740740740743 0.0512345679012346
0 0.31997530864197526 0.46134567901234563 0.04738271604938272 0.04971604938271601
0 0.5330987654320988 0.5943827160493828 0.050839506172839416 0.05814814814814819
0 0.4594938271604938 0.3854444444444444 0.03566666666666663 0.046037037037037105
0 0.4340864197530864 0.524753086419753 0.05245679012345666 0.05486419753086428
0 0.4906913580246913 0.6431481481481481 0.052530864197530794 0.05986419753086428
0 0.31430864197530867 0.5061975308641975 0.04912345679012352 0.054765432098765436
0 0.5181111111111111 0.4805555555555556 0.04576543209876547 0.05299999999999992