0 0.32367901234567903 0.4942962962962963 0.05541975308641971 0.05707407407407402
0 0.393037037037037 0.4071111111111111 0.03698765432098763 0.043604938271604964
0 0.6803086419753087 0.4866543209876543 0.05040740740740754 0.055370370370370285
0 0.6080617283950617 0.4088518518518519 0.03697530864197537 0.0419382716049383
0 0.5241728395061729 0.5594814814814815 0.05375308641975304 0.05706172839506166
0 0.5481728395061729 0.4242962962962963 0.0353086419753087 0.04192592592592594
0 0.6662716049382716 0.6167654320987654 0.06719753086419739 0.07216049382716051
0 0.4059382716049383 0.5736913580246914 0.06046913580246913 0.06377777777777775
0 0.5818395061728394 0.4690493827160494 0.04370370370370362 0.05032098765432105
0 0.47018518518518515 0.4715432098765432 0.05038271604938283 0.05203703703703695
0 0.5162345679012346 0.3878641975308642 0.033604938271604774 0.03691358024691359
0 0.6539753086419753 0.5318518518518518 0.04872839506172833 0.05369135802469145