0 0.3333333333333333 0.43 0.04833333333333333 0.04833333333333333
0 0.47333333333333333 0.355 0.043333333333333335 0.04666666666666667
0 0.555 0.5133333333333333 0.045 0.051666666666666666
0 0.5833333333333334 0.4266666666666667 0.045 0.051666666666666666
0 0.4483333333333333 0.585 0.04833333333333333 0.056666666666666664
0 0.6366666666666667 0.44166666666666665 0.04833333333333333 0.05
0 0.3416666666666667 0.5683333333333334 0.055 0.058333333333333334
0 0.5283333333333333 0.6716666666666666 0.051666666666666666 0.065
0 0.6766666666666666 0.54 0.05333333333333334 0.05
0 0.5783333333333334 0.36833333333333335 0.03833333333333333 0.041666666666666664
0 0.595 0.635 0.06166666666666667 0.06666666666666667
0 0.47333333333333333 0.4666666666666667 0.041666666666666664 0.04666666666666667