0 0.6120493827160494 0.3846666666666667 0.038666666666666745 0.04585185185185177
0 0.32280246913580246 0.5144074074074074 0.05706172839506176 0.054592592592592644
0 0.4320123456790123 0.39366666666666666 0.04369135802469146 0.0492962962962963
0 0.3520987654320988 0.3837777777777778 0.043679012345679 0.04762962962962964
0 0.5105802469135803 0.3602592592592593 0.035320987654321054 0.04411111111111116
0 0.4337160493827161 0.6135925925925926 0.06212345679012344 0.06303703703703699
0 0.6843703703703704 0.5197037037037037 0.05038271604938283 0.0527777777777779
0 0.421320987654321 0.4872222222222223 0.052061728395061665 0.05448148148148145
0 0.5298395061728396 0.45981481481481484 0.042024691358024786 0.049259259259259426
0 0.33998765432098765 0.444037037037037 0.04869135802469136 0.049407407407407504
0 0.5553086419753087 0.6208888888888888 0.05544444444444442 0.06122222222222225
0 0.5242962962962963 0.5332592592592592 0.04706172839506166 0.05437037037037044