0 0.44051851851851853 0.6533333333333333 0.06265432098765435 0.06849382716049376
0 0.5725308641975307 0.4088024691358025 0.03890123456790131 0.039469135802469094
0 0.6079753086419754 0.6049382716049382 0.06098765432098768 0.06844444444444435
0 0.6192098765432098 0.5219012345679013 0.05412345679012333 0.054913580246913514
0 0.2954814814814815 0.5389876543209876 0.06086419753086422 0.06011111111111101
0 0.4437283950617284 0.43666666666666665 0.03561728395061721 0.04270370370370377
0 0.7015679012345679 0.47765432098765437 0.05235802469135801 0.04819753086419761
0 0.4809012345679012 0.5161358024691357 0.04414814814814804 0.056283950617283834
0 0.44434567901234573 0.395 0.03392592592592602 0.04098765432098768
0 0.35046913580246913 0.4289012345679012 0.03890123456790121 0.039469135802469094
0 0.618679012345679 0.44518518518518513 0.04569135802469134 0.047999999999999925
0 0.5286296296296297 0.4458518518518519 0.037308641975308775 0.04441975308641967