0 0.5821975308641976 0.3946913580246914 0.03725925925925935 0.04135802469135797
0 0.45408641975308645 0.4049382716049383 0.03392592592592602 0.0412345679012346
0 0.3432839506172839 0.4591358024691359 0.05079012345679018 0.05518518518518514
0 0.3229506172839506 0.5483333333333333 0.057555555555555506 0.06209876543209873
0 0.40870370370370374 0.48987654320987656 0.050839506172839416 0.05851851851851848
0 0.5929629629629629 0.44672839506172846 0.042308641975308585 0.04487654320987645
0 0.6636296296296297 0.49432098765432103 0.04740740740740724 0.05172839506172826
0 0.4495802469135803 0.662962962962963 0.057728395061728485 0.07376543209876539
0 0.6569259259259259 0.6040123456790123 0.06588888888888884 0.062407407407407425
0 0.5157283950617284 0.4055555555555555 0.03895061728395073 0.043086419753086413
0 0.4730617283950617 0.44895061728395064 0.04576543209876547 0.05333333333333334
0 0.5289999999999999 0.514320987654321 0.04569135802469134 0.04833333333333333