0 0.6016543209876543 0.4020740740740741 0.04290123456790127 0.04228395061728397
0 0.6178271604938271 0.6105555555555556 0.06192592592592594 0.06588888888888884
0 0.47077777777777774 0.4267901234567901 0.037851851851851845 0.040543209876543265
0 0.45058024691358023 0.6447283950617284 0.06520987654320985 0.0642716049382716
0 0.7289753086419754 0.4822592592592593 0.054765432098765436 0.04912345679012352
0 0.3787654320987654 0.4137654320987654 0.03790123456790127 0.04220987654320993
0 0.6478395061728395 0.44274074074074077 0.048049382716049346 0.047358024691358004
0 0.47439506172839513 0.38019753086419755 0.03441975308641986 0.03716049382716051
0 0.6403086419753087 0.5259259259259259 0.056580246913580365 0.054148148148148036
0 0.55279012345679 0.4396666666666667 0.03790123456790108 0.04220987654320993
0 0.31869135802469134 0.5228271604938272 0.05996296296296293 0.05586419753086413
0 0.5015802469135803 0.5105432098765432 0.04334567901234569 0.057283950617284064