0 0.5200864197530864 0.32388888888888884 0.04574074074074076 0.05066666666666663
0 0.6760123456790124 0.3715679012345679 0.05071604938271586 0.049074074074074096
0 0.3078641975308642 0.477 0.04904938271604938 0.04904938271604938
0 0.4067654320987654 0.4372098765432098 0.05071604938271605 0.049074074074074096
0 0.3695185185185185 0.3644444444444444 0.04904938271604938 0.04904938271604938
0 0.3489259259259259 0.6296913580246913 0.054049382716049386 0.04912345679012333
0 0.5862592592592594 0.35623456790123453 0.047333333333333484 0.04569135802469134
0 0.6179135802469137 0.4690740740740741 0.05233333333333348 0.04576543209876547
0 0.49718518518518523 0.40754320987654324 0.049074074074074096 0.05071604938271605
0 0.53 0.667 0.04245679012345685 0.05395061728395073
0 0.6348395061728395 0.5638024691358025 0.05402469135802467 0.04745679012345685
0 0.49709876543209874 0.5258518518518519 0.04409876543209862 0.05230864197530859