0 0.6833950617283951 0.44322222222222224 0.04370370370370362 0.050962962962962974
0 0.3204444444444444 0.502962962962963 0.05204938271604931 0.05281481481481478
0 0.5693703703703704 0.35240740740740745 0.038666666666666745 0.04585185185185177
0 0.3944444444444445 0.5913333333333334 0.05540740740740735 0.05622222222222225
0 0.4845432098765432 0.37762962962962965 0.04198765432098753 0.04425925925925924
0 0.6413703703703704 0.6208518518518518 0.04872839506172833 0.054407407407407314
0 0.45603703703703713 0.5799629629629629 0.057024691358024786 0.04959259259259246
0 0.3977283950617284 0.3595555555555556 0.03695061728395065 0.03914814814814823
0 0.503432098765432 0.6772592592592592 0.06207407407407402 0.05637037037037032
0 0.43523456790123455 0.47207407407407403 0.045333333333333406 0.04599999999999985
0 0.535283950617284 0.4765185185185185 0.04372839506172833 0.05429629629629631
0 0.36633333333333334 0.39692592592592596 0.04534567901234576 0.047666666666666704