0 0.37666666666666665 0.41337037037037033 0.04666666666666667 0.05103703703703701
0 0.49 0.3475555555555556 0.04 0.049222222222222174
0 0.31666666666666665 0.5303703703703704 0.05333333333333334 0.05785185185185185
0 0.54 0.407 0.03666666666666667 0.04748148148148156
0 0.5683333333333334 0.685962962962963 0.06 0.06799999999999992
0 0.375 0.6383333333333333 0.06333333333333334 0.06807407407407405
0 0.6233333333333333 0.4288518518518519 0.04 0.03922222222222217
0 0.435 0.4546666666666666 0.04833333333333333 0.05274074074074065
0 0.53 0.5034444444444445 0.05 0.05777777777777771
0 0.68 0.5367777777777778 0.051666666666666666 0.051148148148148116
0 0.44166666666666665 0.38648148148148154 0.035 0.04577777777777783
0 0.41 0.5324444444444444 0.05333333333333334 0.05618518518518518