1 0.6128888888888889 0.6727283950617284 0.05799999999999993 0.061679012345679025
1 0.37177777777777776 0.6156172839506172 0.05455555555555558 0.056580246913580365
1 0.5980740740740741 0.3808148148148148 0.04096296296296297 0.04451851851851851
1 0.48203703703703704 0.7054938271604938 0.06485185185185192 0.07020987654320986
1 0.4352592592592593 0.5492098765432099 0.051148148148148116 0.05314814814814819
1 0.5013703703703704 0.3762839506172839 0.040925925925926095 0.04285185185185185
1 0.5132222222222222 0.5348641975308642 0.051148148148148116 0.05314814814814819
1 0.30862962962962964 0.3972222222222222 0.04433333333333337 0.04628395061728403
1 0.6926666666666667 0.5901481481481482 0.05107407407407398 0.04981481481481486
1 0.42470370370370375 0.3740123456790123 0.04425925925925924 0.04295061728395069
1 0.3440740740740741 0.49320987654320986 0.05100000000000004 0.046481481481481526
1 0.3933703703703704 0.46302469135802465 0.046037037037037105 0.047999999999999925
1 0.7208148148148149 0.5077037037037038 0.054407407407407314 0.049913580246913704