1 0.375 0.6333333333333333 0.06166666666666667 0.06166666666666667
1 0.5133333333333333 0.635 0.06 0.065
1 0.5983333333333334 0.395 0.04 0.043333333333333335
1 0.4266666666666667 0.375 0.04 0.041666666666666664
1 0.6266666666666667 0.63 0.06333333333333334 0.065
1 0.495 0.445 0.041666666666666664 0.045
1 0.5616666666666666 0.43166666666666664 0.04 0.043333333333333335
1 0.62 0.5033333333333333 0.05 0.04666666666666667
1 0.515 0.3566666666666667 0.03833333333333333 0.041666666666666664
1 0.6616666666666666 0.47333333333333333 0.05 0.05
1 0.7633333333333333 0.575 0.06333333333333334 0.051666666666666666
1 0.2916666666666667 0.475 0.05333333333333334 0.05
1 0.35 0.4166666666666667 0.043333333333333335 0.04666666666666667