1 0.4472716049382716 0.581111111111111 0.06344444444444435 0.06228395061728406
1 0.2828395061728395 0.455679012345679 0.049864197530864185 0.05345679012345689
1 0.3298765432098765 0.5538271604938272 0.06011111111111111 0.06216049382716051
1 0.6181851851851853 0.4316049382716049 0.04299999999999993 0.04654320987654311
1 0.5403086419753087 0.5876543209876544 0.06016049382716043 0.06382716049382718
1 0.374358024691358 0.4572839506172839 0.04981481481481486 0.051790123456790224
1 0.48714814814814816 0.47141975308641976 0.05158024691358018 0.05518518518518514
1 0.5747654320987654 0.37993827160493826 0.04128395061728402 0.044814814814814856
1 0.3413333333333334 0.3919135802469136 0.03961728395061736 0.04475308641975308
1 0.43138271604938266 0.3869135802469136 0.0412345679012346 0.04314814814814819
1 0.6760493827160494 0.5576543209876543 0.06334567901234568 0.05895061728395073
1 0.5227654320987654 0.3369135802469136 0.03437037037037044 0.0362345679012346
1 0.42590123456790124 0.3471604938271605 0.03780246913580252 0.0396913580246913