1 0.6437037037037037 0.5369876543209876 0.06644444444444446 0.06548148148148149
1 0.6682962962962963 0.4434567901234568 0.045925925925925905 0.04200000000000008
1 0.7176666666666667 0.48976543209876544 0.05788888888888891 0.05541975308641971
1 0.44155555555555553 0.5168148148148148 0.05966666666666659 0.06043209876543206
1 0.4773703703703704 0.5532222222222223 0.06648148148148153 0.06714814814814815
1 0.27474074074074073 0.5863950617283951 0.08007407407407413 0.07891358024691347
1 0.40114814814814814 0.4237654320987654 0.0391851851851852 0.03861728395061732
1 0.5612222222222223 0.5009259259259259 0.05622222222222225 0.055407407407407544
1 0.6010740740740741 0.4189506172839506 0.03918518518518511 0.03861728395061732
1 0.552037037037037 0.46265432098765435 0.04925925925925924 0.042024691358024786
1 0.31607407407407406 0.49607407407407406 0.06122222222222225 0.05544444444444442
1 0.5407777777777778 0.4060617283950617 0.035777777777777825 0.035259259259259275
1 0.35688888888888887 0.4574320987654321 0.047666666666666704 0.045345679012345576