1 0.6919012345679012 0.4663703703703703 0.05370370370370362 0.05118518518518537
1 0.5662345679012346 0.6041851851851852 0.06377777777777775 0.06140740740740739
1 0.6925432098765432 0.553037037037037 0.0654197530864197 0.05811111111111093
1 0.4361728395061728 0.3737037037037037 0.03861728395061732 0.0391851851851852
1 0.5419382716049383 0.4747037037037037 0.048691358024691454 0.04940740740740732
1 0.401037037037037 0.5811851851851851 0.06711111111111108 0.061481481481481526
1 0.6431111111111111 0.40577777777777774 0.043654320987654385 0.044296296296296306
1 0.2376172839506173 0.5731481481481482 0.07043209876543206 0.05988888888888899
1 0.4006049382716049 0.5228518518518519 0.05372839506172833 0.054518518518518515
1 0.5290123456790123 0.53 0.04871604938271616 0.05274074074074065
1 0.31850617283950616 0.4663333333333334 0.05202469135802469 0.049481481481481446
1 0.37483950617283945 0.42007407407407404 0.045333333333333406 0.04600000000000004
1 0.5911604938271605 0.3685925925925926 0.03862962962962967 0.04085185185185177