1 0.32925925925925925 0.5625925925925925 0.05197530864197537 0.05370370370370362
1 0.6058641975308642 0.5663086419753086 0.05351851851851848 0.050382716049382645
1 0.3732716049382716 0.3645308641975309 0.04327160493827165 0.04364197530864203
1 0.6542592592592592 0.4749753086419753 0.04660493827160489 0.04366666666666674
1 0.4666049382716049 0.5002592592592593 0.05006172839506159 0.047024691358024784
1 0.4179012345679013 0.41987654320987655 0.04666666666666667 0.045333333333333406
1 0.5310493827160495 0.3807037037037037 0.04320987654320978 0.041975308641975365
1 0.30925925925925923 0.47241975308641976 0.05179012345679013 0.04870370370370362
1 0.3701851851851852 0.6279135802469136 0.058703703703703716 0.05541975308641971
1 0.5811728395061728 0.3327283950617284 0.03993827160493822 0.04361728395061732
1 0.6758641975308641 0.3867777777777778 0.044938271604938414 0.043654320987654295
1 0.4693827160493828 0.33523456790123457 0.041543209876543113 0.04196296296296301
1 0.4787654320987654 0.7120740740740741 0.0659259259259259 0.07046913580246913