1 0.5712222222222223 0.646753086419753 0.0647777777777778 0.06593827160493826
1 0.34311111111111114 0.4350617283950618 0.046037037037037105 0.0473333333333333
1 0.655962962962963 0.5588024691358024 0.05959259259259265 0.05753086419753079
1 0.47681481481481475 0.4497530864197531 0.04770370370370377 0.047358024691358004
1 0.5 0.367716049382716 0.0375555555555555 0.040543209876543265
1 0.702925925925926 0.4964197530864197 0.05107407407407398 0.049074074074074096
1 0.31985185185185183 0.5137654320987654 0.056148148148148114 0.05248148148148137
1 0.3318888888888889 0.605283950617284 0.06474074074074072 0.0642716049382716
1 0.4051851851851852 0.3774567901234568 0.04092592592592591 0.04225925925925926
1 0.726074074074074 0.41271604938271605 0.047740740740740646 0.049024691358024675
1 0.5109259259259259 0.4092345679012346 0.04266666666666671 0.0456172839506173
1 0.6038518518518519 0.38951851851851854 0.04422222222222217 0.040641975308641914
1 0.608 0.42613580246913585 0.04600000000000004 0.045666666666666626