1 0.535 0.6316666666666667 0.075 0.08
1 0.32666666666666666 0.5266666666666666 0.056666666666666664 0.05333333333333334
1 0.37666666666666665 0.6183333333333333 0.07 0.06333333333333334
1 0.4866666666666667 0.5 0.05 0.051666666666666666
1 0.6266666666666667 0.41333333333333333 0.041666666666666664 0.041666666666666664
1 0.6533333333333333 0.5833333333333334 0.056666666666666664 0.06
1 0.535 0.3933333333333333 0.035 0.03833333333333333
1 0.41 0.49333333333333335 0.05 0.05
1 0.3566666666666667 0.44166666666666665 0.043333333333333335 0.045
1 0.7166666666666667 0.525 0.058333333333333334 0.051666666666666666
1 0.47 0.385 0.03666666666666667 0.03833333333333333
1 0.41333333333333333 0.43166666666666664 0.043333333333333335 0.045
1 0.36666666666666664 0.38333333333333336 0.03833333333333333 0.03833333333333333