1 0.3407777777777778 0.5648641975308641 0.06800000000000002 0.06098765432098768
1 0.5883703703703704 0.6101851851851852 0.0681481481481482 0.06765432098765435
1 0.6328148148148148 0.4359012345679012 0.042629629629629635 0.04395061728395073
1 0.47307407407407404 0.5951481481481482 0.06648148148148153 0.06762962962962964
1 0.4738148148148148 0.40355555555555556 0.035814814814814896 0.03718518518518522
1 0.7715555555555554 0.6062345679012346 0.07322222222222233 0.07106172839506182
1 0.514962962962963 0.4558148148148149 0.03933333333333318 0.04556790123456798
1 0.6262962962962962 0.5174444444444445 0.054518518518518515 0.05412345679012333
1 0.32818518518518514 0.4480493827160493 0.04770370370370377 0.047358024691358004
1 0.6775555555555555 0.49987654320987657 0.05111111111111124 0.05074074074074076
1 0.5799259259259258 0.4551111111111112 0.040888888888888836 0.04059259259259269
1 0.39585185185185184 0.41906172839506173 0.04092592592592591 0.04225925925925916
1 0.5603703703703704 0.39983950617283953 0.034037037037037025 0.032160493827160505