1 0.6683333333333333 0.5498024691358026 0.051666666666666666 0.05653086419753094
1 0.6183333333333333 0.428320987654321 0.03666666666666667 0.037753086419753196
1 0.4866666666666667 0.5744197530864198 0.05333333333333334 0.05824691358024685
1 0.34 0.4467407407407408 0.04666666666666667 0.04638271604938268
1 0.3933333333333333 0.7199876543209877 0.08166666666666667 0.08408641975308645
1 0.6883333333333334 0.4820617283950617 0.04666666666666667 0.05138271604938268
1 0.5583333333333333 0.6132098765432099 0.06 0.06677777777777787
1 0.3333333333333333 0.5082098765432099 0.055 0.0516296296296296
1 0.58 0.5221851851851852 0.05 0.04981481481481486
1 0.3333333333333333 0.5798765432098766 0.06333333333333334 0.06354320987654319
1 0.54 0.4793333333333334 0.043333333333333335 0.0479506172839505
1 0.5383333333333333 0.40428395061728395 0.03666666666666667 0.03941975308641976
1 0.4683333333333333 0.3922098765432099 0.035 0.036037037037037006