1 0.3729753086419753 0.6184814814814814 0.06883950617283953 0.06985185185185173
1 0.6539259259259259 0.5155555555555555 0.05540740740740735 0.05622222222222225
1 0.447358024691358 0.5334814814814814 0.05707407407407402 0.05625925925925913
1 0.5811111111111111 0.5871851851851853 0.062148148148148154 0.06637037037037051
1 0.28074074074074074 0.5438518518518519 0.06043209876543206 0.05966666666666659
1 0.4346172839506173 0.3887407407407408 0.040296296296296344 0.040888888888888836
1 0.3535308641975309 0.46888888888888897 0.05203703703703705 0.051148148148148116
1 0.6681604938271606 0.41188888888888886 0.047000000000000076 0.046037037037037105
1 0.6752592592592592 0.47007407407407414 0.05202469135802479 0.049481481481481446
1 0.331320987654321 0.396037037037037 0.041975308641975365 0.04259259259259257
1 0.2634320987654321 0.4575555555555555 0.05035802469135803 0.04944444444444457
1 0.5218641975308642 0.46514814814814814 0.042024691358024786 0.04925925925925924
1 0.526320987654321 0.3917037037037037 0.03862962962962967 0.04085185185185177