1 0.475 0.6166666666666667 0.07166666666666667 0.07
1 0.605 0.5716666666666667 0.06166666666666667 0.06166666666666667
1 0.37166666666666665 0.4216666666666667 0.03833333333333333 0.04
1 0.4766666666666667 0.45166666666666666 0.045 0.045
1 0.7516666666666667 0.47333333333333333 0.05333333333333334 0.04833333333333333
1 0.6133333333333333 0.46 0.04666666666666667 0.04666666666666667
1 0.6833333333333333 0.5333333333333333 0.051666666666666666 0.05333333333333334
1 0.31833333333333336 0.4666666666666667 0.051666666666666666 0.04833333333333333
1 0.5366666666666666 0.39666666666666667 0.03833333333333333 0.03333333333333333
1 0.2816666666666667 0.53 0.06166666666666667 0.058333333333333334
1 0.45 0.39166666666666666 0.035 0.03333333333333333
1 0.53 0.42833333333333334 0.043333333333333335 0.04
1 0.625 0.43 0.041666666666666664 0.03833333333333333