1 0.30619753086419754 0.5064444444444445 0.060407407407407354 0.056333333333333256
1 0.39686419753086416 0.41444444444444445 0.03862962962962967 0.04085185185185187
1 0.6877530864197531 0.512962962962963 0.055432098765432064 0.059555555555555584
1 0.314962962962963 0.447925925925926 0.05035802469135803 0.04944444444444457
1 0.4771111111111111 0.6042962962962963 0.07554320987654327 0.075
1 0.36080246913580244 0.5585555555555556 0.06379012345679011 0.06307407407407406
1 0.6548641975308643 0.4537037037037037 0.047024691358024784 0.04937037037037044
1 0.4548518518518519 0.45981481481481484 0.05037037037037029 0.05111111111111124
1 0.6334691358024691 0.4175185185185185 0.03864197530864203 0.04251851851851844
1 0.5285185185185185 0.4131851851851852 0.04029629629629616 0.04088888888888893
1 0.4467530864197531 0.42833333333333334 0.04362962962962968 0.04096296296296297
1 0.5853950617283951 0.3835925925925926 0.03359259259259261 0.03574074074074076
1 0.496962962962963 0.39888888888888885 0.035271604938271445 0.037444444444444495