1 0.6470246913580247 0.6312962962962962 0.05167901234567902 0.05851851851851848
1 0.39755555555555555 0.6604320987654321 0.06016049382716053 0.06382716049382718
1 0.526395061728395 0.3665432098765432 0.0412345679012346 0.04314814814814819
1 0.4351234567901235 0.5750617283950618 0.05658024691358018 0.055370370370370285
1 0.4324197530864198 0.3847530864197531 0.04461728395061717 0.04493827160493822
1 0.49964197530864196 0.5374074074074074 0.051481481481481524 0.05185185185185181
1 0.3605308641975309 0.5022222222222222 0.0514320987654321 0.050185185185185145
1 0.6748395061728396 0.5372222222222223 0.051530864197530946 0.05351851851851848
1 0.35677777777777775 0.403641975308642 0.04466666666666669 0.04660493827160499
1 0.3190987654320988 0.549074074074074 0.04981481481481486 0.051790123456790224
1 0.6739753086419753 0.4537654320987654 0.04471604938271601 0.04827160493827175
1 0.529604938271605 0.7087037037037037 0.06364197530864203 0.06895061728395054
1 0.24328395061728394 0.4611728395061728 0.0514320987654321 0.050185185185185145