1 0.6849259259259258 0.5067037037037038 0.05455555555555558 0.05618518518518518
1 0.6191111111111112 0.39644444444444443 0.040888888888888836 0.040888888888888836
1 0.4290740740740741 0.6991481481481482 0.08351851851851848 0.08514814814814826
1 0.34455555555555556 0.4975925925925926 0.057814814814814784 0.05292592592592579
1 0.34314814814814815 0.43425925925925923 0.04762962962962964 0.044370370370370435
1 0.5057407407407407 0.5473703703703704 0.054629629629629715 0.05951851851851851
1 0.5798148148148149 0.5790740740740741 0.06314814814814819 0.068037037037037
1 0.5486296296296297 0.4513703703703703 0.044370370370370435 0.04762962962962964
1 0.5928518518518519 0.49040740740740735 0.051111111111111045 0.05111111111111124
1 0.6934444444444445 0.4398148148148149 0.047740740740740646 0.04937037037037044
1 0.35274074074074074 0.5657777777777778 0.06640740740740739 0.0647777777777776
1 0.4684814814814814 0.37144444444444447 0.037518518518518625 0.03914814814814813
1 0.541962962962963 0.37648148148148153 0.0358148148148147 0.037444444444444495