1 0.6733333333333333 0.5216666666666666 0.05333333333333334 0.055
1 0.61 0.41 0.04 0.04
1 0.41333333333333333 0.7083333333333334 0.08166666666666667 0.08333333333333333
1 0.3333333333333333 0.505 0.056666666666666664 0.051666666666666666
1 0.3333333333333333 0.44166666666666665 0.04666666666666667 0.043333333333333335
1 0.49333333333333335 0.5583333333333333 0.05333333333333334 0.058333333333333334
1 0.5666666666666667 0.5916666666666667 0.06166666666666667 0.06666666666666667
1 0.5383333333333333 0.4633333333333333 0.043333333333333335 0.04666666666666667
1 0.5816666666666667 0.5033333333333333 0.05 0.05
1 0.6833333333333333 0.455 0.04666666666666667 0.04833333333333333
1 0.34 0.5733333333333334 0.065 0.06333333333333334
1 0.46 0.38166666666666665 0.03666666666666667 0.03833333333333333
1 0.5333333333333333 0.3883333333333333 0.035 0.03666666666666667