1 0.6883333333333334 0.49833333333333335 0.051666666666666666 0.04666666666666667
1 0.545 0.655 0.06 0.06166666666666667
1 0.675 0.6083333333333333 0.06 0.055
1 0.5416666666666666 0.5 0.04833333333333333 0.04833333333333333
1 0.435 0.355 0.04 0.043333333333333335
1 0.395 0.62 0.06166666666666667 0.06
1 0.36666666666666664 0.415 0.043333333333333335 0.041666666666666664
1 0.6533333333333333 0.415 0.043333333333333335 0.045
1 0.53 0.595 0.05333333333333334 0.051666666666666666
1 0.24333333333333335 0.5983333333333334 0.06333333333333334 0.055
1 0.39666666666666667 0.5516666666666666 0.051666666666666666 0.05
1 0.6033333333333334 0.3566666666666667 0.043333333333333335 0.043333333333333335
1 0.315 0.47333333333333333 0.051666666666666666 0.04833333333333333