1 0.6977777777777777 0.4898271604938272 0.05107407407407398 0.04907407407407391
1 0.5521851851851852 0.6903827160493827 0.06485185185185173 0.0692716049382716
1 0.5313703703703703 0.5789876543209876 0.052888888888888916 0.055765432098765284
1 0.657888888888889 0.5704444444444444 0.05622222222222225 0.055814814814814706
1 0.448 0.3534814814814815 0.04092592592592591 0.04225925925925935
1 0.3741111111111111 0.4045925925925926 0.042629629629629635 0.04395061728395064
1 0.39237037037037037 0.5510370370370371 0.05444444444444438 0.050790123456789994
1 0.2714814814814815 0.5878395061728395 0.059629629629629616 0.05919753086419746
1 0.5477777777777777 0.4920493827160494 0.047740740740740646 0.049024691358024675
1 0.6625925925925926 0.40698765432098766 0.04425925925925924 0.04230864197530868
1 0.40877777777777774 0.6141481481481481 0.06296296296296305 0.059246913580246884
1 0.2905185185185185 0.4691851851851852 0.05107407407407408 0.049074074074074096
1 0.6096296296296296 0.34941975308641976 0.04092592592592591 0.04225925925925926