1 0.6920246913580247 0.4932345679012345 0.05201234567901243 0.0470493827160495
1 0.5498518518518518 0.650962962962963 0.060456790123456776 0.06211111111111109
1 0.6795061728395062 0.6033333333333334 0.060407407407407354 0.05544444444444442
1 0.5453703703703703 0.4959876543209877 0.048691358024691454 0.048691358024691454
1 0.43762962962962965 0.35177777777777774 0.04032098765432105 0.04362962962962968
1 0.39959259259259267 0.6170740740740741 0.06211111111111109 0.060456790123456776
1 0.3697407407407407 0.4122839506172839 0.04364197530864203 0.041987654320987625
1 0.6564074074074074 0.41016049382716047 0.04366666666666674 0.04532098765432096
1 0.5344074074074074 0.5910740740740741 0.05371604938271597 0.052061728395061665
1 0.24776543209876545 0.5965308641975309 0.06374074074074068 0.05546913580246913
1 0.40075308641975305 0.5487283950617283 0.05203703703703705 0.05038271604938283
1 0.6059753086419754 0.3521975308641975 0.0436543209876542 0.043654320987654295
1 0.31850617283950616 0.47100000000000003 0.05202469135802469 0.04871604938271616