1 0.554395061728395 0.5908148148148149 0.06093827160493826 0.0646666666666666
1 0.2785925925925926 0.5386296296296297 0.06253086419753079 0.05970370370370385
1 0.5871358024691358 0.40514814814814815 0.04399999999999996 0.04596296296296297
1 0.42574074074074075 0.6153333333333333 0.06758024691358022 0.06314814814814819
1 0.3857037037037037 0.5062592592592592 0.05409876543209881 0.052851851851851844
1 0.5061234567901235 0.47525925925925927 0.04571604938271605 0.04933333333333337
1 0.6315061728395063 0.5591111111111111 0.060814814814814704 0.056333333333333256
1 0.2882098765432099 0.4517777777777778 0.052382716049382716 0.049481481481481446
1 0.38206172839506175 0.41470370370370374 0.04233333333333329 0.045925925925925905
1 0.512753086419753 0.36514814814814817 0.035567901234567975 0.03911111111111116
1 0.7074938271604938 0.4907777777777778 0.05079012345679018 0.05444444444444457
1 0.33932098765432095 0.37566666666666665 0.04059259259259259 0.040888888888888836
1 0.4331728395061728 0.3385925925925926 0.03551851851851855 0.035777777777777825