1 0.5472222222222222 0.66 0.057160493827160506 0.058333333333333334
1 0.6672222222222223 0.48 0.05172839506172826 0.04666666666666667
1 0.39049382716049386 0.3466666666666667 0.048518518518518475 0.05
1 0.6596296296296297 0.595 0.05870370370370362 0.055
1 0.5212345679012346 0.5066666666666667 0.05024691358024692 0.051666666666666666
1 0.3934567901234568 0.5816666666666667 0.05358024691358025 0.051666666666666666
1 0.625679012345679 0.38666666666666666 0.04833333333333333 0.045
1 0.5086419753086421 0.5766666666666667 0.048518518518518475 0.05
1 0.2556172839506173 0.6583333333333333 0.057037037037036956 0.055
1 0.3321604938271605 0.43666666666666665 0.050061728395061775 0.04666666666666667
1 0.2909259259259259 0.515 0.058580246913580256 0.051666666666666666
1 0.4059259259259259 0.65 0.05882716049382718 0.058333333333333334
1 0.5680246913580246 0.3233333333333333 0.045123456790123556 0.04833333333333333