1 0.45672839506172846 0.6131481481481482 0.07374074074074087 0.07053086419753071
1 0.5880617283950617 0.5671851851851852 0.06349382716049376 0.06212345679012344
1 0.35917283950617285 0.41891358024691355 0.039518518518518515 0.04028395061728399
1 0.4632839506172839 0.4481358024691358 0.046333333333333254 0.045333333333333406
1 0.737641975308642 0.46776543209876537 0.054765432098765436 0.04872839506172833
1 0.5997037037037036 0.4554567901234568 0.048049382716049346 0.04701234567901224
1 0.6675308641975308 0.5282716049382715 0.05324691358024703 0.053716049382716166
1 0.30450617283950615 0.46430864197530863 0.053098765432098766 0.04871604938271616
1 0.5249135802469136 0.3926913580246913 0.039320987654321016 0.03361728395061732
1 0.26596296296296296 0.5279135802469136 0.06339506172839511 0.0587901234567903
1 0.43839506172839504 0.3883333333333333 0.03598765432098768 0.03359259259259261
1 0.5173086419753087 0.4244074074074074 0.04451851851851851 0.04032098765432105
1 0.6122592592592593 0.4253703703703704 0.04280246913580243 0.03864197530864203