1 0.41833333333333333 0.6516666666666666 0.065 0.06666666666666667
1 0.3283333333333333 0.475 0.04833333333333333 0.05
1 0.68 0.45166666666666666 0.04666666666666667 0.045
1 0.6 0.4 0.043333333333333335 0.043333333333333335
1 0.31333333333333335 0.5766666666666667 0.06 0.056666666666666664
1 0.5516666666666666 0.6583333333333333 0.06333333333333334 0.06666666666666667
1 0.4083333333333333 0.47 0.05 0.04666666666666667
1 0.4666666666666667 0.5016666666666667 0.051666666666666666 0.04833333333333333
1 0.4533333333333333 0.40166666666666667 0.041666666666666664 0.041666666666666664
1 0.4033333333333333 0.3983333333333333 0.043333333333333335 0.045
1 0.6683333333333333 0.63 0.06 0.06166666666666667
1 0.5416666666666666 0.365 0.03833333333333333 0.04
1 0.45166666666666666 0.33 0.03833333333333333 0.03666666666666667