1 0.554395061728395 0.6200246913580247 0.06093827160493826 0.06511111111111101
1 0.2785925925925926 0.5534938271604938 0.06253086419753079 0.06016049382716043
1 0.5871358024691358 0.43591358024691357 0.04399999999999996 0.04628395061728403
1 0.42574074074074075 0.637888888888889 0.06758024691358022 0.06364197530864203
1 0.3857037037037037 0.5266543209876543 0.05409876543209881 0.053246913580246844
1 0.5061234567901235 0.5018765432098765 0.04571604938271605 0.04966666666666659
1 0.6315061728395063 0.5922962962962962 0.060814814814814704 0.05677777777777768
1 0.2882098765432099 0.46707407407407403 0.052382716049382716 0.04986419753086428
1 0.38206172839506175 0.43483950617283945 0.04233333333333329 0.046234567901234605
1 0.512753086419753 0.3920246913580247 0.035567901234567975 0.03937037037037034
1 0.7074938271604938 0.5278518518518518 0.05079012345679018 0.05481481481481486
1 0.33932098765432095 0.39355555555555555 0.04059259259259259 0.04118518518518518
1 0.4331728395061728 0.361320987654321 0.03551851851851855 0.036037037037037103