1 0.35175308641975306 0.46940740740740733 0.0486790123456791 0.047740740740740646
1 0.5428765432098765 0.6252962962962964 0.055432098765432064 0.059555555555555584
1 0.6642345679012345 0.5863333333333334 0.05375308641975304 0.05785185185185185
1 0.4785679012345679 0.4922222222222223 0.047024691358024784 0.04937037037037044
1 0.5013086419753087 0.41274074074074074 0.04198765432098772 0.04425925925925924
1 0.5075555555555555 0.3562222222222223 0.03695061728395065 0.03914814814814823
1 0.6214814814814815 0.43874074074074076 0.04200000000000008 0.045925925925925905
1 0.33974074074074073 0.6474444444444445 0.06711111111111108 0.061481481481481526
1 0.39458024691358023 0.402037037037037 0.041987654320987625 0.04425925925925924
1 0.704716049382716 0.4272592592592593 0.04532098765432086 0.04433333333333337
1 0.7671111111111111 0.526962962962963 0.0570493827160495 0.05292592592592579
1 0.6026790123456791 0.375 0.04029629629629616 0.04088888888888893
1 0.33387654320987653 0.5306666666666666 0.05539506172839509 0.05455555555555558
1 0.7267283950617285 0.24944444444444444 0.026864197530864355 0.027259259259259257