1 0.6183333333333333 0.5666666666666667 0.06833333333333333 0.06833333333333333
1 0.32166666666666666 0.465 0.04833333333333333 0.04666666666666667
1 0.665 0.505 0.056666666666666664 0.055
1 0.375 0.42833333333333334 0.04 0.04
1 0.3416666666666667 0.5716666666666667 0.075 0.07166666666666667
1 0.46166666666666667 0.46166666666666667 0.045 0.04666666666666667
1 0.4633333333333333 0.4166666666666667 0.035 0.035
1 0.6833333333333333 0.4666666666666667 0.051666666666666666 0.04666666666666667
1 0.5766666666666667 0.44 0.04 0.043333333333333335
1 0.31 0.515 0.06 0.058333333333333334
1 0.6716666666666666 0.4266666666666667 0.04 0.04
1 0.48833333333333334 0.43666666666666665 0.03833333333333333 0.03833333333333333
1 0.5616666666666666 0.4216666666666667 0.035 0.03333333333333333