1 0.3373703703703704 0.5524074074074075 0.06544444444444442 0.061444444444444454
1 0.36658024691358027 0.44640740740740736 0.041975308641975365 0.04259259259259257
1 0.29860493827160495 0.49322222222222223 0.05371604938271597 0.052851851851851844
1 0.449358024691358 0.5982222222222222 0.07216049382716051 0.0682592592592592
1 0.639962962962963 0.45914814814814814 0.045333333333333406 0.04600000000000004
1 0.7036543209876543 0.508888888888889 0.048740740740740876 0.056074074074073985
1 0.5997654320987654 0.4315925925925925 0.03862962962962967 0.04085185185185196
1 0.5894938271604938 0.6196666666666667 0.07388888888888877 0.0766296296296296
1 0.43166666666666664 0.4595185185185185 0.045333333333333406 0.04600000000000004
1 0.5031358024691358 0.43444444444444436 0.038629629629629486 0.04085185185185196
1 0.46186419753086416 0.4868518518518518 0.05037037037037029 0.05111111111111124
1 0.4630617283950617 0.4235555555555555 0.038629629629629486 0.04085185185185196
1 0.532888888888889 0.4017777777777778 0.03191358024691359 0.034037037037037025