1 0.6362962962962962 0.5567777777777778 0.06055555555555562 0.06172839506172845
1 0.33555555555555555 0.590716049382716 0.0687654320987654 0.058641975308642035
1 0.43327160493827155 0.5260864197530865 0.05870370370370362 0.05667901234567902
1 0.5798765432098766 0.38492592592592595 0.03987654320987644 0.04280246913580243
1 0.29376543209876543 0.49851851851851847 0.058580246913580256 0.0533456790123455
1 0.534567901234568 0.46802469135802466 0.04679012345679022 0.04966666666666659
1 0.5301234567901235 0.618320987654321 0.062283950617283874 0.06344444444444435
1 0.48740740740740746 0.3659753086419753 0.03981481481481486 0.04113580246913576
1 0.6862962962962963 0.5102469135802469 0.05197530864197537 0.05481481481481486
1 0.38 0.43923456790123455 0.04845679012345679 0.04971604938271601
1 0.715246913580247 0.4359753086419753 0.050061728395061775 0.04809876543209877
1 0.3121604938271605 0.40954320987654325 0.05 0.046432098765432105
1 0.39185185185185184 0.3537901234567901 0.0396913580246914 0.03780246913580242