1 0.6766666666666666 0.49833333333333335 0.05333333333333334 0.051666666666666666
1 0.5283333333333333 0.5533333333333333 0.058333333333333334 0.06166666666666667
1 0.59 0.49 0.051666666666666666 0.051666666666666666
1 0.31666666666666665 0.4633333333333333 0.04666666666666667 0.05
1 0.6616666666666666 0.43666666666666665 0.045 0.045
1 0.34 0.5266666666666666 0.06166666666666667 0.056666666666666664
1 0.58 0.4033333333333333 0.03666666666666667 0.03833333333333333
1 0.535 0.4583333333333333 0.043333333333333335 0.04666666666666667
1 0.605 0.575 0.06166666666666667 0.06333333333333334
1 0.5016666666666667 0.7066666666666667 0.07833333333333334 0.07833333333333334
1 0.37333333333333335 0.5933333333333334 0.065 0.06833333333333333
1 0.42833333333333334 0.39166666666666666 0.03833333333333333 0.03833333333333333
1 0.5 0.39166666666666666 0.035 0.03666666666666667