1 0.41529629629629633 0.5930123456790124 0.06285185185185185 0.054246913580246886
1 0.551074074074074 0.6350370370370371 0.06299999999999993 0.06091358024691355
1 0.39425925925925925 0.4143086419753086 0.03925925925925924 0.042234567901234546
1 0.5965185185185186 0.39062962962962966 0.039185185185185295 0.03890123456790131
1 0.7173333333333333 0.6558395061728395 0.07148148148148152 0.06770370370370377
1 0.7500370370370371 0.5346172839506174 0.05951851851851851 0.05419753086419746
1 0.4699629629629629 0.3837530864197531 0.03922222222222217 0.04056790123456788
1 0.6374814814814815 0.49793827160493825 0.04937037037037044 0.04738271604938272
1 0.5474074074074075 0.4249135802469136 0.04259259259259257 0.04228395061728387
1 0.4695925925925927 0.4754444444444444 0.05107407407407398 0.049074074074074096
1 0.6837407407407408 0.4419382716049383 0.04096296296296297 0.04392592592592602
1 0.3402222222222222 0.44518518518518513 0.04600000000000004 0.04566666666666682
1 0.2702962962962963 0.5158395061728395 0.054518518518518515 0.054123456790123516