1 0.44571604938271603 0.5771481481481482 0.06324691358024684 0.05470370370370366
1 0.5835679012345679 0.6141111111111112 0.06344444444444454 0.06137037037037051
1 0.4154320987654321 0.3993703703703703 0.03956790123456794 0.04251851851851844
1 0.6163086419753087 0.36822222222222223 0.039469135802469094 0.0391851851851852
1 0.7507777777777779 0.6287407407407407 0.07197530864197536 0.06822222222222232
1 0.7771728395061729 0.5064074074074074 0.0599135802469137 0.054629629629629715
1 0.4894938271604938 0.366037037037037 0.039518518518518515 0.04085185185185177
1 0.6628024691358024 0.47392592592592603 0.04971604938271601 0.047740740740740646
1 0.5690123456790123 0.4042962962962963 0.04290123456790127 0.04259259259259257
1 0.4938765432098765 0.4576666666666667 0.0514320987654321 0.04944444444444457
1 0.7061234567901234 0.4162592592592593 0.041283950617283835 0.04422222222222227
1 0.36303703703703705 0.4322222222222222 0.04633333333333335 0.04600000000000004
1 0.2968271604938272 0.5054074074074074 0.054913580246913514 0.054518518518518515