1 0.36833333333333335 0.5433333333333333 0.051666666666666666 0.056666666666666664
1 0.455 0.6283333333333333 0.065 0.06666666666666667
1 0.6666666666666666 0.425 0.03833333333333333 0.041666666666666664
1 0.465 0.39166666666666666 0.041666666666666664 0.041666666666666664
1 0.6316666666666667 0.5416666666666666 0.051666666666666666 0.05333333333333334
1 0.4866666666666667 0.46 0.04666666666666667 0.05
1 0.545 0.385 0.03833333333333333 0.041666666666666664
1 0.7366666666666667 0.625 0.06833333333333333 0.065
1 0.725 0.5 0.051666666666666666 0.051666666666666666
1 0.5916666666666667 0.44166666666666665 0.041666666666666664 0.043333333333333335
1 0.4033333333333333 0.4033333333333333 0.043333333333333335 0.043333333333333335
1 0.61 0.7283333333333334 0.07333333333333333 0.075
1 0.31333333333333335 0.44166666666666665 0.04833333333333333 0.04666666666666667