1 0.5716666666666667 0.66 0.055 0.058333333333333334
1 0.685 0.48 0.05 0.04666666666666667
1 0.4033333333333333 0.3466666666666667 0.04666666666666667 0.05
1 0.6816666666666666 0.595 0.056666666666666664 0.055
1 0.54 0.5066666666666667 0.04833333333333333 0.051666666666666666
1 0.415 0.5816666666666667 0.051666666666666666 0.051666666666666666
1 0.64 0.38666666666666666 0.04666666666666667 0.045
1 0.53 0.5766666666666667 0.04666666666666667 0.05
1 0.28 0.6583333333333333 0.055 0.055
1 0.34833333333333333 0.43666666666666665 0.04833333333333333 0.04666666666666667
1 0.31 0.515 0.056666666666666664 0.051666666666666666
1 0.43 0.65 0.056666666666666664 0.058333333333333334
1 0.58 0.3233333333333333 0.043333333333333335 0.04833333333333333