1 0.6900864197530864 0.5733827160493827 0.04743209876543214 0.052012345679012244
1 0.49335802469135803 0.6802469135802469 0.05586419753086413 0.058740740740740684
1 0.6885061728395061 0.4667160493827161 0.04743209876543195 0.052012345679012244
1 0.3879506172839506 0.5394814814814815 0.05074074074074076 0.05037037037037029
1 0.48807407407407405 0.3235802469135802 0.04569135802469134 0.04699999999999998
1 0.6215925925925926 0.6745308641975308 0.05419753086419746 0.05872839506172833
1 0.4903333333333334 0.5885679012345679 0.05245679012345666 0.05371604938271597
1 0.3989382716049383 0.3812469135802469 0.047358024691358004 0.047012345679012336
1 0.3330617283950617 0.4340864197530864 0.047407407407407426 0.05034567901234557
1 0.5394444444444445 0.5289382716049382 0.05074074074074076 0.05037037037037029
1 0.24966666666666668 0.5417901234567901 0.059098765432098806 0.05209876543209873
1 0.6622222222222222 0.3798641975308642 0.04235802469135801 0.04697530864197536
1 0.37391358024691357 0.6043703703703704 0.05414814814814813 0.055395061728395