1 0.42833333333333334 0.5866666666666667 0.06166666666666667 0.05333333333333334
1 0.565 0.6266666666666667 0.06166666666666667 0.06
1 0.4033333333333333 0.4083333333333333 0.03833333333333333 0.041666666666666664
1 0.605 0.38166666666666665 0.03833333333333333 0.03833333333333333
1 0.7316666666666667 0.645 0.07 0.06666666666666667
1 0.7616666666666667 0.5233333333333333 0.058333333333333334 0.05333333333333334
1 0.47833333333333333 0.37666666666666665 0.03833333333333333 0.04
1 0.6483333333333333 0.48833333333333334 0.04833333333333333 0.04666666666666667
1 0.5566666666666666 0.4166666666666667 0.041666666666666664 0.041666666666666664
1 0.48 0.4683333333333333 0.05 0.04833333333333333
1 0.6933333333333334 0.43166666666666664 0.04 0.043333333333333335
1 0.35 0.44 0.045 0.045
1 0.2816666666666667 0.5116666666666667 0.05333333333333334 0.05333333333333334