1 0.665 0.6066666666666667 0.05 0.056666666666666664
1 0.4166666666666667 0.645 0.058333333333333334 0.06166666666666667
1 0.5366666666666666 0.3466666666666667 0.04 0.041666666666666664
1 0.45166666666666666 0.5583333333333333 0.055 0.05333333333333334
1 0.44333333333333336 0.36833333333333335 0.043333333333333335 0.043333333333333335
1 0.515 0.5183333333333333 0.05 0.05
1 0.375 0.48833333333333334 0.05 0.04833333333333333
1 0.69 0.5116666666666667 0.05 0.051666666666666666
1 0.36833333333333335 0.39 0.043333333333333335 0.045
1 0.335 0.5366666666666666 0.04833333333333333 0.05
1 0.6866666666666666 0.42833333333333334 0.043333333333333335 0.04666666666666667
1 0.55 0.6883333333333334 0.06166666666666667 0.06666666666666667
1 0.25666666666666665 0.45166666666666666 0.05 0.04833333333333333