1 0.38733333333333336 0.5494444444444444 0.05622222222222225 0.055814814814814706
1 0.6725925925925925 0.4068395061728395 0.04092592592592591 0.04225925925925926
1 0.4825925925925926 0.6347283950617284 0.0647777777777778 0.06593827160493826
1 0.46525925925925926 0.37990123456790126 0.040888888888888836 0.04059259259259259
1 0.6148888888888889 0.6611111111111111 0.06811111111111112 0.06598765432098769
1 0.6470370370370371 0.5322592592592592 0.05281481481481478 0.05243209876543214
1 0.496962962962963 0.4561234567901235 0.04944444444444457 0.05071604938271605
1 0.7293703703703704 0.4860246913580247 0.04944444444444457 0.05071604938271605
1 0.5483333333333333 0.367 0.040888888888888836 0.04059259259259259
1 0.7522222222222222 0.6140617283950618 0.06640740740740739 0.06429629629629631
1 0.4038888888888889 0.39414814814814814 0.044296296296296306 0.04397530864197525
1 0.5997407407407407 0.42959259259259264 0.042629629629629635 0.04395061728395073
1 0.31492592592592594 0.4421481481481482 0.0510370370370371 0.047407407407407426