1 0.6766666666666666 0.493320987654321 0.05333333333333334 0.052061728395061665
1 0.5283333333333333 0.5494197530864198 0.058333333333333334 0.06209876543209873
1 0.59 0.4856296296296296 0.051666666666666666 0.052049382716049496
1 0.31666666666666665 0.4609876543209877 0.04666666666666667 0.05034567901234557
1 0.6616666666666666 0.4317654320987654 0.045 0.045333333333333406
1 0.34 0.5241481481481481 0.06166666666666667 0.05712345679012344
1 0.58 0.399037037037037 0.03666666666666667 0.038604938271604966
1 0.535 0.4543703703703704 0.043333333333333335 0.04698765432098753
1 0.605 0.5705185185185185 0.06166666666666667 0.06379012345679011
1 0.5016666666666667 0.7029506172839507 0.07833333333333334 0.07891358024691347
1 0.37333333333333335 0.5905679012345679 0.065 0.06881481481481481
1 0.42833333333333334 0.38849382716049385 0.03833333333333333 0.03861728395061732
1 0.5 0.38796296296296295 0.035 0.036925925925925945