1 0.3611358024691358 0.41443209876543213 0.0412345679012346 0.04196296296296301
1 0.5774197530864198 0.5977407407407408 0.06339506172839492 0.058790123456790105
1 0.4461851851851852 0.6384444444444445 0.0703086419753087 0.06717283950617287
1 0.6636543209876544 0.5567037037037037 0.05324691358024703 0.053716049382716166
1 0.4649506172839506 0.4552098765432099 0.04638271604938268 0.047000000000000076
1 0.2658641975308642 0.5354197530864198 0.0616296296296296 0.05544444444444442
1 0.3046049382716049 0.46569135802469136 0.051481481481481524 0.05037037037037029
1 0.6029382716049383 0.4679012345679013 0.04976543209876543 0.048691358024691454
1 0.5318765432098765 0.39069135802469135 0.037703703703703774 0.03527160493827163
1 0.7407283950617284 0.4872592592592593 0.058197530864197614 0.05208641975308637
1 0.5207901234567902 0.42728395061728386 0.04456790123456775 0.04198765432098753
1 0.44212345679012344 0.3816913580246914 0.037753086419753196 0.036938271604938296
1 0.6189259259259259 0.43467901234567896 0.046234567901234605 0.04200000000000008