1 0.5842716049382716 0.6248518518518519 0.06762962962962964 0.06648148148148153
1 0.6504567901234568 0.5462962962962963 0.05753086419753079 0.05959259259259265
1 0.31490123456790126 0.46381481481481485 0.04899999999999996 0.04607407407407398
1 0.4565185185185185 0.4702962962962963 0.047358024691358004 0.04770370370370377
1 0.6812222222222223 0.49529629629629635 0.052382716049382716 0.049481481481481446
1 0.6838024691358024 0.43366666666666664 0.04397530864197525 0.044296296296296306
1 0.46917283950617283 0.40388888888888885 0.03549382716049384 0.03411111111111116
1 0.3211111111111111 0.6073333333333333 0.06932098765432101 0.06818518518518507
1 0.375641975308642 0.41514814814814816 0.040543209876543265 0.0375555555555555
1 0.30060493827160495 0.5285185185185185 0.05748148148148147 0.05625925925925913
1 0.5785802469135802 0.44633333333333336 0.040641975308641914 0.04422222222222217
1 0.48703703703703694 0.435962962962963 0.040617283950617394 0.042555555555555506
1 0.5689753086419752 0.41944444444444445 0.03885185185185189 0.035851851851851864