1 0.6733333333333333 0.4766666666666667 0.051666666666666666 0.05
1 0.5533333333333333 0.38333333333333336 0.035 0.03833333333333333
1 0.6333333333333333 0.57 0.06 0.056666666666666664
1 0.3566666666666667 0.5633333333333334 0.058333333333333334 0.055
1 0.30666666666666664 0.49 0.05 0.051666666666666666
1 0.59 0.725 0.07833333333333334 0.07666666666666666
1 0.5583333333333333 0.5583333333333333 0.056666666666666664 0.056666666666666664
1 0.5916666666666667 0.4816666666666667 0.05 0.04833333333333333
1 0.64 0.41333333333333333 0.045 0.045
1 0.525 0.455 0.04 0.043333333333333335
1 0.3933333333333333 0.39 0.03833333333333333 0.04
1 0.4216666666666667 0.6316666666666667 0.06666666666666667 0.06666666666666667
1 0.4716666666666667 0.38166666666666665 0.035 0.03833333333333333