1 0.3497654320987654 0.6212098765432099 0.07035802469135803 0.06934567901234573
1 0.6342962962962964 0.5203703703703703 0.0566296296296296 0.055814814814814706
1 0.42723456790123454 0.5367654320987655 0.05829629629629627 0.055839506172839413
1 0.5588888888888889 0.5914567901234569 0.0635925925925926 0.06591358024691354
1 0.26037037037037036 0.5459012345679012 0.06172839506172845 0.05922222222222217
1 0.4198641975308642 0.39193827160493827 0.04118518518518518 0.04059259259259259
1 0.3358765432098766 0.4714814814814815 0.05314814814814819 0.05076543209876528
1 0.652358024691358 0.41681481481481486 0.047999999999999925 0.04569135802469134
1 0.6572962962962964 0.4750493827160494 0.053098765432098766 0.049098765432098616
1 0.3163827160493827 0.3984691358024692 0.04290123456790127 0.04228395061728397
1 0.24627160493827163 0.45948148148148144 0.0514320987654321 0.049074074074074096
1 0.5042098765432099 0.4689876543209876 0.04309876543209877 0.04895061728395073
1 0.5113827160493827 0.39558024691358024 0.039518518518518515 0.04056790123456797