1 0.6110617283950617 0.5851481481481481 0.07040740740740735 0.0715185185185184
1 0.3401975308641975 0.4494074074074074 0.04971604938271601 0.047740740740740646
1 0.6755061728395062 0.5086666666666667 0.06006172839506159 0.05962962962962971
1 0.47858024691358025 0.4479999999999999 0.048049382716049346 0.04770370370370377
1 0.344 0.5777407407407408 0.07197530864197536 0.06822222222222213
1 0.7042222222222222 0.4646666666666667 0.05648148148148152 0.051222222222222245
1 0.4885679012345679 0.3910740740740741 0.037703703703703774 0.0358148148148148
1 0.7025432098765432 0.40800000000000003 0.04461728395061717 0.044296296296296306
1 0.599604938271605 0.4236296296296296 0.04466666666666659 0.04596296296296297
1 0.3235925925925926 0.5081481481481482 0.060012345679012355 0.05796296296296305
1 0.3989135802469136 0.40474074074074073 0.04118518518518518 0.040888888888888836
1 0.5060740740740741 0.41903703703703704 0.044617283950617356 0.044296296296296306
1 0.5889629629629629 0.4021851851851852 0.04113580246913595 0.03922222222222217