1 0.6683333333333333 0.53 0.051666666666666666 0.055
1 0.6183333333333333 0.41 0.03666666666666667 0.03666666666666667
1 0.4866666666666667 0.56 0.05333333333333334 0.056666666666666664
1 0.34 0.43666666666666665 0.04666666666666667 0.045
1 0.3933333333333333 0.7083333333333334 0.08166666666666667 0.08166666666666667
1 0.6883333333333334 0.46166666666666667 0.04666666666666667 0.05
1 0.5583333333333333 0.5966666666666667 0.06 0.065
1 0.3333333333333333 0.49833333333333335 0.055 0.05
1 0.58 0.505 0.05 0.04833333333333333
1 0.3333333333333333 0.57 0.06333333333333334 0.06166666666666667
1 0.54 0.4633333333333333 0.043333333333333335 0.04666666666666667
1 0.5383333333333333 0.3883333333333333 0.03666666666666667 0.03833333333333333
1 0.4683333333333333 0.37833333333333335 0.035 0.035