1 0.3407777777777778 0.5575679012345679 0.06800000000000002 0.06049382716049384
1 0.5883703703703704 0.5974074074074074 0.0681481481481482 0.06716049382716051
1 0.6328148148148148 0.42204938271604936 0.042629629629629635 0.04364197530864194
1 0.47307407407407404 0.584925925925926 0.06648148148148153 0.06714814814814815
1 0.4738148148148148 0.39322222222222225 0.035814814814814896 0.036925925925925945
1 0.7715555555555554 0.5893827160493827 0.07322222222222233 0.07053086419753091
1 0.514962962962963 0.44459259259259254 0.03933333333333318 0.045283950617283984
1 0.6262962962962962 0.5037777777777778 0.054518518518518515 0.05372839506172833
1 0.32818518518518514 0.4409753086419753 0.04770370370370377 0.04701234567901224
1 0.6775555555555555 0.4850617283950618 0.05111111111111124 0.05037037037037029
1 0.5799259259259258 0.4424444444444444 0.040888888888888836 0.040296296296296344
1 0.39585185185185184 0.41046913580246913 0.04092592592592591 0.04196296296296301
1 0.5603703703703704 0.3875802469135803 0.034037037037037025 0.03191358024691359