1 0.6316666666666667 0.5416666666666666 0.065 0.065
1 0.6583333333333333 0.4483333333333333 0.045 0.041666666666666664
1 0.7066666666666667 0.495 0.056666666666666664 0.055
1 0.43 0.52 0.058333333333333334 0.06
1 0.465 0.5566666666666666 0.065 0.06666666666666667
1 0.26166666666666666 0.5883333333333334 0.07833333333333334 0.07833333333333334
1 0.39166666666666666 0.4266666666666667 0.03833333333333333 0.03833333333333333
1 0.55 0.505 0.055 0.055
1 0.5916666666666667 0.42333333333333334 0.03833333333333333 0.03833333333333333
1 0.5416666666666666 0.4666666666666667 0.04833333333333333 0.041666666666666664
1 0.305 0.49833333333333335 0.06 0.055
1 0.5316666666666666 0.41 0.035 0.035
1 0.3466666666666667 0.46 0.04666666666666667 0.045