1 0.4985925925925926 0.6938271604938272 0.06307407407407406 0.06424691358024688
1 0.33674074074074073 0.5331481481481481 0.05444444444444438 0.050790123456789994
1 0.6675185185185185 0.4230864197530864 0.04266666666666671 0.045617283950617205
1 0.5764814814814815 0.3750864197530864 0.044296296296296306 0.04397530864197525
1 0.6195925925925927 0.6656296296296296 0.056333333333333256 0.060814814814814704
1 0.4178148148148148 0.5076913580246913 0.05100000000000004 0.04574074074074076
1 0.36937037037037035 0.6519259259259259 0.05959259259259265 0.05753086419753079
1 0.37422222222222223 0.42040740740740745 0.04770370370370368 0.047358024691358004
1 0.4324074074074074 0.41460493827160494 0.04600000000000004 0.04566666666666672
1 0.48996296296296293 0.5304197530864198 0.04937037037037044 0.04738271604938272
1 0.5074814814814814 0.3440740740740741 0.04266666666666671 0.045617283950617205
1 0.7115925925925927 0.6070123456790123 0.054518518518518515 0.054123456790123516
1 0.3954074074074074 0.32408641975308644 0.044296296296296306 0.04397530864197525
1 0.7301481481481481 0.24240740740740743 0.02555555555555543 0.025370370370370286