1 0.3283333333333333 0.56 0.06666666666666667 0.06
1 0.575 0.6016666666666667 0.06666666666666667 0.06666666666666667
1 0.6233333333333333 0.4266666666666667 0.041666666666666664 0.043333333333333335
1 0.46 0.5883333333333334 0.065 0.06666666666666667
1 0.465 0.39666666666666667 0.035 0.03666666666666667
1 0.7583333333333333 0.595 0.07166666666666667 0.07
1 0.505 0.4483333333333333 0.03833333333333333 0.045
1 0.615 0.5083333333333333 0.05333333333333334 0.05333333333333334
1 0.31833333333333336 0.44333333333333336 0.04666666666666667 0.04666666666666667
1 0.6666666666666666 0.49 0.05 0.05
1 0.57 0.44666666666666666 0.04 0.04
1 0.38666666666666666 0.41333333333333333 0.04 0.041666666666666664
1 0.5516666666666666 0.39166666666666666 0.03333333333333333 0.03166666666666667