1 0.36833333333333335 0.6266666666666667 0.06833333333333333 0.06833333333333333
1 0.65 0.53 0.055 0.055
1 0.44333333333333336 0.5433333333333333 0.056666666666666664 0.055
1 0.5766666666666667 0.6 0.06166666666666667 0.065
1 0.27666666666666667 0.55 0.06 0.058333333333333334
1 0.43166666666666664 0.3983333333333333 0.04 0.04
1 0.35 0.4766666666666667 0.051666666666666666 0.05
1 0.665 0.4266666666666667 0.04666666666666667 0.045
1 0.6716666666666666 0.485 0.051666666666666666 0.04833333333333333
1 0.3283333333333333 0.4033333333333333 0.041666666666666664 0.041666666666666664
1 0.26 0.4633333333333333 0.05 0.04833333333333333
1 0.5183333333333333 0.4766666666666667 0.041666666666666664 0.04833333333333333
1 0.5233333333333333 0.4033333333333333 0.03833333333333333 0.04