1 0.5633333333333334 0.6033333333333334 0.06 0.06333333333333334
1 0.2866666666666667 0.545 0.06166666666666667 0.058333333333333334
1 0.5933333333333334 0.41833333333333333 0.043333333333333335 0.045
1 0.435 0.625 0.06666666666666667 0.06166666666666667
1 0.3933333333333333 0.515 0.05333333333333334 0.051666666666666666
1 0.5133333333333333 0.4866666666666667 0.045 0.04833333333333333
1 0.64 0.5733333333333334 0.06 0.055
1 0.295 0.4583333333333333 0.051666666666666666 0.04833333333333333
1 0.3883333333333333 0.42333333333333334 0.041666666666666664 0.045
1 0.5183333333333333 0.37666666666666665 0.035 0.03833333333333333
1 0.715 0.5066666666666667 0.05 0.05333333333333334
1 0.345 0.38333333333333336 0.04 0.04
1 0.43833333333333335 0.34833333333333333 0.035 0.035