1 0.6816666666666666 0.5683333333333334 0.04666666666666667 0.051666666666666666
1 0.48333333333333334 0.6766666666666666 0.055 0.058333333333333334
1 0.6816666666666666 0.46166666666666667 0.04666666666666667 0.051666666666666666
1 0.38 0.5366666666666666 0.05 0.05
1 0.48333333333333334 0.32 0.045 0.04666666666666667
1 0.6116666666666667 0.67 0.05333333333333334 0.058333333333333334
1 0.4816666666666667 0.585 0.051666666666666666 0.05333333333333334
1 0.3933333333333333 0.37833333333333335 0.04666666666666667 0.04666666666666667
1 0.32666666666666666 0.43166666666666664 0.04666666666666667 0.05
1 0.5316666666666666 0.525 0.05 0.05
1 0.24166666666666667 0.54 0.058333333333333334 0.051666666666666666
1 0.6566666666666666 0.375 0.041666666666666664 0.04666666666666667
1 0.365 0.6016666666666667 0.05333333333333334 0.055