1 0.3585555555555555 0.5633333333333334 0.0566296296296296 0.05622222222222225
1 0.6509876543209877 0.4314074074074074 0.0412345679012346 0.042555555555555506
1 0.449320987654321 0.652074074074074 0.06525925925925928 0.06640740740740739
1 0.44520987654320987 0.39681481481481484 0.04118518518518518 0.040888888888888836
1 0.5801481481481482 0.6833333333333333 0.06859259259259261 0.06648148148148153
1 0.6189506172839505 0.5557777777777778 0.05319753086419761 0.05281481481481478
1 0.47293827160493834 0.4741481481481482 0.04981481481481486 0.05107407407407398
1 0.7036172839506173 0.5126296296296297 0.04981481481481486 0.05107407407407398
1 0.5288888888888889 0.38699999999999996 0.04118518518518518 0.040888888888888836
1 0.7198148148148149 0.6414074074074074 0.06687654320987652 0.0647777777777778
1 0.3831481481481481 0.40877777777777774 0.044617283950617266 0.044296296296296306
1 0.5770123456790124 0.4514444444444445 0.04295061728395069 0.04425925925925924
1 0.29176543209876543 0.45344444444444443 0.05138271604938268 0.04777777777777772