1 0.5771111111111111 0.6688395061728395 0.0670740740740742 0.07096296296296298
1 0.6647037037037037 0.4700493827160494 0.051481481481481524 0.05074074074074057
1 0.5300246913580247 0.5697654320987654 0.05486419753086428 0.05245679012345685
1 0.6508641975308641 0.5432098765432098 0.05986419753086428 0.052530864197530794
1 0.25153086419753085 0.6273333333333333 0.06854320987654319 0.06432098765432101
1 0.40025925925925926 0.39109876543209876 0.04118518518518518 0.04059259259259259
1 0.3832592592592593 0.570925925925926 0.05829629629629627 0.055839506172839413
1 0.5272962962962964 0.4930246913580246 0.048049382716049346 0.0473580246913582
1 0.4133950617283951 0.6230617283950617 0.0651111111111111 0.06093827160493826
1 0.3353456790123457 0.44349382716049385 0.04466666666666669 0.04564197530864192
1 0.6097654320987654 0.4108765432098766 0.04446913580246909 0.03897530864197525
1 0.25493827160493826 0.5123333333333333 0.05319753086419752 0.05243209876543195
1 0.5491851851851852 0.3732962962962963 0.03780246913580242 0.038876543209876595