1 0.5712222222222223 0.6756172839506173 0.0647777777777778 0.06734567901234566
1 0.34311111111111114 0.4523456790123456 0.046037037037037105 0.04833333333333333
1 0.655962962962963 0.5921604938271605 0.05959259259259265 0.05882716049382718
1 0.47681481481481475 0.47395061728395066 0.04770370370370377 0.04839506172839511
1 0.5 0.3932098765432099 0.0375555555555555 0.04135802469135797
1 0.702925925925926 0.532283950617284 0.05107407407407398 0.050185185185185145
1 0.31985185185185183 0.529753086419753 0.056148148148148114 0.05370370370370362
1 0.3318888888888889 0.6217901234567901 0.06474074074074072 0.06567901234567898
1 0.4051851851851852 0.3980246913580247 0.04092592592592591 0.04314814814814819
1 0.726074074074074 0.4498765432098765 0.047740740740740646 0.050061728395061775
1 0.5109259259259259 0.4352469135802469 0.04266666666666671 0.04654320987654311
1 0.6038518518518519 0.4203703703703704 0.04422222222222217 0.04160493827160489
1 0.608 0.4571604938271605 0.04600000000000004 0.04666666666666667