1 0.48333333333333334 0.6866666666666666 0.06166666666666667 0.06333333333333334
1 0.325 0.5283333333333333 0.05333333333333334 0.05
1 0.6583333333333333 0.41333333333333333 0.041666666666666664 0.045
1 0.5683333333333334 0.36666666666666664 0.043333333333333335 0.043333333333333335
1 0.605 0.6566666666666666 0.055 0.06
1 0.4066666666666667 0.5016666666666667 0.05 0.045
1 0.355 0.6466666666666666 0.058333333333333334 0.056666666666666664
1 0.365 0.415 0.04666666666666667 0.04666666666666667
1 0.42333333333333334 0.4083333333333333 0.045 0.045
1 0.47833333333333333 0.5233333333333333 0.04833333333333333 0.04666666666666667
1 0.5 0.33666666666666667 0.041666666666666664 0.045
1 0.6983333333333334 0.5966666666666667 0.05333333333333334 0.05333333333333334
1 0.3883333333333333 0.31833333333333336 0.043333333333333335 0.043333333333333335
1 0.725 0.23166666666666666 0.025 0.025