1 0.5683333333333334 0.6232469135802469 0.06 0.05922222222222217
1 0.6866666666666666 0.46649382716049387 0.051666666666666666 0.049098765432098616
1 0.69 0.5631111111111111 0.06166666666666667 0.05591358024691355
1 0.5383333333333333 0.48202469135802467 0.04833333333333333 0.05071604938271605
1 0.40166666666666667 0.540716049382716 0.05333333333333334 0.055790123456790186
1 0.4083333333333333 0.6039506172839506 0.06333333333333334 0.05927160493827159
1 0.24166666666666667 0.6014197530864197 0.06833333333333333 0.05934567901234573
1 0.6366666666666667 0.4022345679012345 0.043333333333333335 0.04397530864197525
1 0.42333333333333334 0.36872839506172844 0.03833333333333333 0.04223456790123464
1 0.52 0.543962962962963 0.04666666666666667 0.05235802469135801
1 0.3616666666666667 0.42464197530864195 0.043333333333333335 0.04564197530864192
1 0.31 0.48040740740740734 0.055 0.05081481481481471
1 0.5816666666666667 0.35971604938271606 0.04 0.04059259259259259