1 0.465 0.5983333333333334 0.06166666666666667 0.06
1 0.2966666666666667 0.4666666666666667 0.04833333333333333 0.051666666666666666
1 0.3466666666666667 0.5666666666666667 0.058333333333333334 0.06
1 0.6316666666666667 0.455 0.041666666666666664 0.045
1 0.5583333333333333 0.6083333333333333 0.058333333333333334 0.06166666666666667
1 0.3883333333333333 0.4716666666666667 0.04833333333333333 0.05
1 0.5016666666666667 0.49 0.05 0.05333333333333334
1 0.5866666666666667 0.40166666666666667 0.04 0.043333333333333335
1 0.35333333333333333 0.405 0.03833333333333333 0.043333333333333335
1 0.44333333333333336 0.4033333333333333 0.04 0.041666666666666664
1 0.6933333333333334 0.5833333333333334 0.06166666666666667 0.056666666666666664
1 0.5333333333333333 0.3566666666666667 0.03333333333333333 0.035
1 0.43666666666666665 0.36333333333333334 0.03666666666666667 0.03833333333333333