1 0.665 0.45 0.05 0.05
1 0.5116666666666667 0.32666666666666666 0.043333333333333335 0.045
1 0.5833333333333334 0.5833333333333334 0.051666666666666666 0.055
1 0.645 0.7316666666666667 0.06 0.06166666666666667
1 0.6166666666666667 0.35333333333333333 0.04833333333333333 0.04833333333333333
1 0.31666666666666665 0.5716666666666667 0.055 0.05333333333333334
1 0.52 0.4533333333333333 0.04666666666666667 0.05
1 0.59 0.4766666666666667 0.05 0.05
1 0.6483333333333333 0.5766666666666667 0.055 0.05333333333333334
1 0.49666666666666665 0.6933333333333334 0.055 0.06166666666666667
1 0.41833333333333333 0.3433333333333333 0.045 0.045
1 0.4116666666666667 0.6416666666666667 0.055 0.055
1 0.335 0.385 0.04666666666666667 0.04833333333333333