1 0.38041975308641973 0.606925925925926 0.062148148148148154 0.0668271604938271
1 0.33328395061728394 0.4466913580246914 0.047024691358024694 0.04971604938271601
1 0.6085925925925926 0.39687654320987653 0.0436543209876542 0.044617283950617356
1 0.5168641975308642 0.6328765432098765 0.06549382716049384 0.06859259259259261
1 0.6798518518518519 0.4497530864197531 0.045345679012345576 0.047999999999999925
1 0.295962962962963 0.5361111111111111 0.05875308641975304 0.05839506172839492
1 0.4099259259259259 0.4477530864197531 0.048703703703703714 0.0514320987654321
1 0.46532098765432106 0.39279012345679015 0.04200000000000008 0.046234567901234605
1 0.5571851851851852 0.3634074074074074 0.03696296296296282 0.04108641975308643
1 0.4596666666666666 0.48127160493827165 0.052049382716049496 0.05319753086419761
1 0.41704938271604935 0.3858888888888889 0.041987654320987625 0.044567901234567935
1 0.6503086419753086 0.6139259259259259 0.06382716049382718 0.06854320987654319
1 0.4757654320987655 0.3324938271604938 0.03695061728395065 0.03941975308641976