1 0.3333333333333333 0.545 0.065 0.06
1 0.36333333333333334 0.43833333333333335 0.041666666666666664 0.041666666666666664
1 0.295 0.4866666666666667 0.05333333333333334 0.051666666666666666
1 0.445 0.5883333333333334 0.07166666666666667 0.06666666666666667
1 0.6366666666666667 0.445 0.045 0.045
1 0.7 0.49333333333333335 0.04833333333333333 0.055
1 0.5966666666666667 0.41833333333333333 0.03833333333333333 0.04
1 0.585 0.6066666666666667 0.07333333333333333 0.075
1 0.42833333333333334 0.45 0.045 0.045
1 0.5 0.42333333333333334 0.03833333333333333 0.04
1 0.4583333333333333 0.4766666666666667 0.05 0.05
1 0.46 0.41333333333333333 0.03833333333333333 0.04
1 0.53 0.39 0.03166666666666667 0.03333333333333333