1 0.5814444444444444 0.668469135802469 0.05586419753086413 0.05914814814814804
1 0.6921111111111111 0.49014814814814817 0.05069135802469134 0.047407407407407426
1 0.40846913580246913 0.352641975308642 0.047407407407407426 0.05069135802469134
1 0.6904814814814815 0.6050987654320988 0.057481481481481564 0.055839506172839413
1 0.5475061728395062 0.5146666666666667 0.049098765432098804 0.052382716049382716
1 0.42361728395061726 0.5878148148148148 0.05243209876543205 0.05243209876543195
1 0.6457283950617284 0.39614814814814814 0.0473333333333333 0.04569135802469134
1 0.5385432098765431 0.5845185185185185 0.047407407407407426 0.05069135802469134
1 0.28975308641975306 0.6624814814814816 0.0558148148148148 0.055814814814814706
1 0.3548024691358025 0.4418271604938272 0.049024691358024675 0.04738271604938272
1 0.31762962962962965 0.5195925925925926 0.05743209876543214 0.052506172839506086
1 0.4396296296296296 0.6563703703703703 0.05753086419753079 0.05917283950617275
1 0.5847901234567902 0.33192592592592596 0.044049382716049384 0.04897530864197525