1 0.6883333333333334 0.4816666666666667 0.05333333333333334 0.05
1 0.5616666666666666 0.6166666666666667 0.06333333333333334 0.06
1 0.6883333333333334 0.5683333333333334 0.065 0.056666666666666664
1 0.43333333333333335 0.38333333333333336 0.03833333333333333 0.03833333333333333
1 0.5383333333333333 0.4866666666666667 0.04833333333333333 0.04833333333333333
1 0.39666666666666667 0.59 0.06666666666666667 0.06
1 0.64 0.42 0.043333333333333335 0.043333333333333335
1 0.23333333333333334 0.5783333333333334 0.07 0.058333333333333334
1 0.39666666666666667 0.5316666666666666 0.05333333333333334 0.05333333333333334
1 0.525 0.5416666666666666 0.04833333333333333 0.051666666666666666
1 0.315 0.47333333333333333 0.051666666666666666 0.04833333333333333
1 0.37166666666666665 0.42833333333333334 0.045 0.045
1 0.5883333333333334 0.38166666666666665 0.03833333333333333 0.04