1 0.3843827160493827 0.6305555555555555 0.06258024691358022 0.06212345679012344
1 0.5227407407407407 0.6311975308641975 0.06096296296296297 0.06544444444444442
1 0.6041851851851852 0.39056790123456786 0.040641975308641914 0.04362962962962968
1 0.4322222222222223 0.37183950617283956 0.040617283950617394 0.04196296296296301
1 0.636 0.625358024691358 0.06429629629629631 0.06546913580246913
1 0.5015925925925925 0.44133333333333336 0.04233333333333349 0.0453086419753087
1 0.5680617283950617 0.4275061728395062 0.04064197530864211 0.04362962962962968
1 0.6274567901234568 0.4987407407407407 0.05069135802469134 0.047037037037036954
1 0.5202839506172839 0.35285185185185186 0.03895061728395073 0.04195061728395066
1 0.6686790123456791 0.4684320987654322 0.05074074074074076 0.05037037037037029
1 0.7718518518518518 0.5693456790123457 0.06409876543209862 0.052135802469135795
1 0.2987037037037037 0.4728395061728395 0.054074074074074094 0.050395061728394995
1 0.35617283950617284 0.41407407407407404 0.04402469135802467 0.04698765432098762