1 0.6253333333333334 0.42827160493827154 0.040320987654320864 0.044814814814814856
1 0.6822962962962962 0.615432098765432 0.05872839506172833 0.05549382716049384
1 0.34685185185185186 0.43796296296296294 0.04534567901234567 0.04833333333333333
1 0.5893827160493827 0.5553086419753086 0.05203703703703695 0.05191358024691359
1 0.381320987654321 0.7359876543209877 0.07222222222222228 0.07765432098765435
1 0.5336666666666666 0.6499382716049382 0.05714814814814815 0.06709876543209892
1 0.3196296296296296 0.5119753086419754 0.05371604938271607 0.05364197530864203
1 0.46558024691358024 0.6140740740740741 0.05875308641975304 0.05882716049382718
1 0.5365185185185186 0.49 0.04535802469135812 0.05
1 0.6648765432098765 0.4914197530864197 0.04870370370370362 0.051790123456790224
1 0.2904814814814815 0.6209259259259259 0.06709876543209874 0.06080246913580254
1 0.5505925925925926 0.39049382716049386 0.03862962962962967 0.04141975308641974
1 0.4757037037037037 0.372716049382716 0.03862962962962967 0.04141975308641974