1 0.5983333333333334 0.655 0.056666666666666664 0.06
1 0.35833333333333334 0.605 0.05333333333333334 0.055
1 0.59 0.36333333333333334 0.04 0.043333333333333335
1 0.4666666666666667 0.6916666666666667 0.06333333333333334 0.06833333333333333
1 0.42333333333333334 0.5366666666666666 0.05 0.051666666666666666
1 0.49333333333333335 0.3616666666666667 0.04 0.041666666666666664
1 0.5016666666666667 0.52 0.05 0.051666666666666666
1 0.3 0.3883333333333333 0.043333333333333335 0.045
1 0.68 0.57 0.05 0.04833333333333333
1 0.4166666666666667 0.3616666666666667 0.043333333333333335 0.041666666666666664
1 0.3333333333333333 0.48333333333333334 0.05 0.045
1 0.38333333333333336 0.45166666666666666 0.045 0.04666666666666667
1 0.71 0.4866666666666667 0.05333333333333334 0.04833333333333333