1 0.6657407407407407 0.576716049382716 0.05292592592592579 0.05743209876543195
1 0.4454444444444444 0.6618148148148149 0.06311111111111112 0.06591358024691354
1 0.5868888888888889 0.6739135802469136 0.061444444444444454 0.06588888888888884
1 0.49392592592592593 0.35576543209876543 0.03925925925925924 0.042234567901234546
1 0.6744814814814815 0.4834814814814815 0.04944444444444457 0.05071604938271605
1 0.4574814814814815 0.5702962962962963 0.056148148148148114 0.05248148148148137
1 0.5153333333333334 0.5178024691358024 0.05270370370370377 0.04743209876543195
1 0.33411111111111114 0.5701358024691358 0.05622222222222225 0.055814814814814706
1 0.40814814814814815 0.38950617283950617 0.04433333333333327 0.04564197530864192
1 0.2305925925925926 0.5019135802469136 0.05777777777777781 0.050839506172839416
1 0.3637037037037037 0.5138888888888888 0.0510370370370371 0.047407407407407426
1 0.651074074074074 0.41144444444444445 0.04270370370370377 0.047283950617283875
1 0.3357407407407408 0.42177777777777775 0.046037037037037105 0.0473333333333333