1 0.39902469135802465 0.6547654320987655 0.06697530864197536 0.06714814814814815
1 0.31425925925925924 0.47743209876543213 0.04981481481481486 0.05035802469135812
1 0.6666172839506173 0.4567037037037037 0.047999999999999925 0.045345679012345576
1 0.5881481481481482 0.4044444444444445 0.04461728395061717 0.043654320987654385
1 0.2962469135802469 0.5789876543209876 0.061679012345679025 0.057111111111111085
1 0.5321604938271605 0.6624197530864198 0.0653086419753087 0.0671358024691358
1 0.39440740740740743 0.47302469135802466 0.05138271604938268 0.047037037037036954
1 0.45180246913580246 0.5051234567901235 0.053098765432098766 0.048716049382715974
1 0.4414320987654321 0.4050246913580247 0.04290123456790127 0.041975308641975365
1 0.39153086419753086 0.401320987654321 0.04466666666666659 0.045320987654321056
1 0.6496666666666666 0.6349506172839505 0.061827160493827096 0.06211111111111109
1 0.5308518518518519 0.3690123456790123 0.039518518518518515 0.04028395061728399
1 0.4418888888888889 0.3333456790123457 0.03941975308641986 0.03695061728395065