2 0.4166666666666667 0.59 0.07333333333333333 0.07333333333333333
2 0.23666666666666666 0.565 0.06833333333333333 0.06666666666666667
2 0.5833333333333334 0.62 0.07 0.075
2 0.49 0.4666666666666667 0.04666666666666667 0.045
2 0.39166666666666666 0.49 0.05333333333333334 0.05
2 0.5583333333333333 0.435 0.04666666666666667 0.045
2 0.5583333333333333 0.5066666666666667 0.055 0.055
2 0.4266666666666667 0.39166666666666666 0.04 0.04
2 0.3 0.44166666666666665 0.04666666666666667 0.04666666666666667
2 0.6516666666666666 0.4116666666666667 0.043333333333333335 0.041666666666666664
2 0.71 0.46 0.051666666666666666 0.05
2 0.5633333333333334 0.39166666666666666 0.03833333333333333 0.03833333333333333
2 0.705 0.52 0.055 0.058333333333333334