2 0.6598641975308642 0.5629876543209876 0.060864197530864125 0.05922222222222217
2 0.2958395061728395 0.5109382716049382 0.060765432098765476 0.05255555555555551
2 0.46293827160493833 0.43009876543209874 0.047333333333333484 0.04569135802469134
2 0.6968888888888889 0.4752222222222222 0.05240740740740743 0.050765432098765474
2 0.493753086419753 0.48554320987654326 0.05076543209876528 0.052407407407407236
2 0.57 0.4583456790123457 0.04228395061728387 0.042283950617284065
2 0.6173086419753087 0.727320987654321 0.08287654320987656 0.08287654320987636
2 0.351395061728395 0.6617283950617284 0.07770370370370377 0.07113580246913595
2 0.3776172839506173 0.4071728395061729 0.04233333333333329 0.045617283950617205
2 0.45043209876543205 0.37325925925925924 0.038925925925926017 0.04056790123456788
2 0.5353827160493826 0.3711851851851852 0.035567901234567975 0.03885185185185189
2 0.6057283950617284 0.39555555555555555 0.038925925925926017 0.04056790123456797
2 0.5099382716049382 0.5657654320987655 0.05591358024691355 0.062481481481481374