2 0.3448395061728395 0.5759506172839506 0.06253086419753079 0.058790123456790105
2 0.672395061728395 0.5183703703703704 0.05409876543209881 0.052061728395061665
2 0.40009876543209877 0.4463456790123456 0.04738271604938272 0.04867901234567891
2 0.531962962962963 0.4339876543209876 0.04571604938271605 0.04866666666666674
2 0.47600000000000003 0.49858024691358027 0.05076543209876528 0.05203703703703695
2 0.5484444444444444 0.5591234567901235 0.055790123456790186 0.053740740740740874
2 0.6404444444444444 0.4247901234567901 0.045666666666666626 0.045333333333333316
2 0.6619135802469136 0.6633086419753086 0.06260493827160493 0.06379012345679011
2 0.36937037037037035 0.38277777777777783 0.042308641975308585 0.04364197530864203
2 0.3115432098765432 0.46069135802469136 0.04743209876543214 0.052012345679012244
2 0.5361111111111111 0.3790123456790123 0.04064197530864211 0.04362962962962968
2 0.4628888888888889 0.7085061728395061 0.07111111111111124 0.07551851851851855
2 0.44807407407407407 0.358358024691358 0.03897530864197525 0.04361728395061732