2 0.37837037037037036 0.6016666666666667 0.054518518518518515 0.05333333333333334
2 0.40218518518518515 0.47333333333333333 0.05274074074074074 0.04833333333333333
2 0.5391111111111112 0.56 0.05455555555555558 0.055
2 0.5968148148148148 0.45666666666666667 0.046111111111111235 0.05
2 0.5055925925925926 0.4766666666666667 0.05448148148148145 0.051666666666666666
2 0.49718518518518523 0.3233333333333333 0.04096296296296297 0.043333333333333335
2 0.4871851851851852 0.6983333333333334 0.06307407407407406 0.06333333333333334
2 0.2547407407407407 0.5133333333333333 0.05770370370370377 0.04666666666666667
2 0.7291111111111112 0.56 0.056111111111111237 0.05
2 0.6483703703703704 0.37666666666666665 0.04266666666666651 0.045
2 0.34811111111111115 0.365 0.04770370370370377 0.04666666666666667
2 0.7250740740740741 0.4533333333333333 0.04770370370370377 0.04666666666666667
2 0.6659259259259259 0.6416666666666667 0.05466666666666659 0.06