2 0.635 0.43333333333333335 0.04833333333333333 0.05
2 0.3933333333333333 0.5116666666666667 0.055 0.05
2 0.48833333333333334 0.6683333333333333 0.06 0.06166666666666667
2 0.49333333333333335 0.42 0.04666666666666667 0.04833333333333333
2 0.49833333333333335 0.49833333333333335 0.05 0.05
2 0.2633333333333333 0.465 0.055 0.04833333333333333
2 0.555 0.33666666666666667 0.045 0.04833333333333333
2 0.6066666666666667 0.5266666666666666 0.04833333333333333 0.05
2 0.3283333333333333 0.38166666666666665 0.05 0.04666666666666667
2 0.315 0.585 0.06 0.056666666666666664
2 0.7433333333333333 0.5233333333333333 0.055 0.05
2 0.4083333333333333 0.345 0.045 0.04833333333333333
2 0.65 0.6683333333333333 0.058333333333333334 0.06