2 0.3860617283950617 0.5300740740740741 0.05245679012345685 0.05448148148148145
2 0.4622222222222222 0.6100740740740741 0.06262962962962963 0.06637037037037051
2 0.5868395061728394 0.47455555555555556 0.04566666666666682 0.04600000000000004
2 0.31211111111111106 0.48677777777777786 0.04899999999999996 0.04607407407407398
2 0.5193456790123457 0.5297037037037037 0.04745679012345666 0.05437037037037044
2 0.5309259259259259 0.4116666666666667 0.0338765432098766 0.03740740740740743
2 0.718679012345679 0.4891481481481481 0.05235802469135801 0.04781481481481478
2 0.3982098765432099 0.45037037037037037 0.04225925925925926 0.04092592592592591
2 0.7127777777777777 0.5406666666666666 0.05243209876543195 0.05281481481481478
2 0.4561728395061728 0.4266666666666667 0.03723456790123464 0.03914814814814823
2 0.6170493827160494 0.6018518518518519 0.06091358024691355 0.06299999999999993
2 0.6411234567901234 0.4274444444444445 0.03720987654320993 0.03748148148148137
2 0.5019382716049383 0.4793333333333334 0.04399999999999996 0.04596296296296297