2 0.6383333333333333 0.5266666666666666 0.06166666666666667 0.065
2 0.3333333333333333 0.4716666666666667 0.051666666666666666 0.051666666666666666
2 0.48333333333333334 0.5916666666666667 0.08666666666666667 0.09
2 0.5683333333333334 0.4583333333333333 0.045 0.045
2 0.48 0.5066666666666667 0.058333333333333334 0.056666666666666664
2 0.695 0.4766666666666667 0.04833333333333333 0.05
2 0.2916666666666667 0.5433333333333333 0.07333333333333333 0.06666666666666667
2 0.4583333333333333 0.44 0.04 0.03833333333333333
2 0.39166666666666666 0.43333333333333335 0.03833333333333333 0.03666666666666667
2 0.47333333333333333 0.4666666666666667 0.04666666666666667 0.04
2 0.6166666666666667 0.43833333333333335 0.04 0.04
2 0.555 0.42 0.03333333333333333 0.03333333333333333
2 0.48333333333333334 0.41833333333333333 0.035 0.035