2 0.5768518518518518 0.6167283950617285 0.0635925925925926 0.06591358024691354
2 0.3615679012345679 0.44150617283950616 0.04814814814814819 0.05069135802469134
2 0.383283950617284 0.6679506172839507 0.07217283950617287 0.07437037037037043
2 0.4528641975308642 0.5401975308641975 0.061679012345679025 0.057555555555555506
2 0.6996790123456791 0.5415432098765433 0.05829629629629627 0.055839506172839413
2 0.5005308641975309 0.4044320987654321 0.04290123456790108 0.04228395061728387
2 0.4856913580246913 0.46634567901234564 0.053049382716049344 0.04743209876543195
2 0.2846296296296296 0.5460246913580248 0.06834567901234569 0.05765432098765435
2 0.4512592592592593 0.3734814814814815 0.03780246913580262 0.038876543209876595
2 0.5575308641975308 0.3585679012345679 0.037851851851851845 0.040543209876543265
2 0.6364074074074074 0.37574074074074076 0.03780246913580242 0.038876543209876595
2 0.6748518518518519 0.4351975308641975 0.04466666666666659 0.045641975308642106
2 0.5924567901234569 0.4680987654320988 0.046333333333333254 0.045666666666666626