2 0.3694567901234568 0.6043703703703704 0.053728395061728426 0.05372839506172833
2 0.3951728395061728 0.4762345679012346 0.05202469135802469 0.04871604938271616
2 0.5308148148148149 0.5639012345679013 0.053740740740740686 0.055395061728395
2 0.5900493827160495 0.4610123456790124 0.04537037037037028 0.05033333333333341
2 0.49853086419753084 0.4803333333333334 0.053716049382716166 0.052061728395061665
2 0.4923950617283951 0.326962962962963 0.04032098765432105 0.04362962962962968
2 0.47683950617283954 0.7018271604938272 0.0621358024691358 0.06379012345679011
2 0.2471358024691358 0.5151358024691358 0.05701234567901234 0.047086419753086375
2 0.7208148148148149 0.5653086419753087 0.055370370370370285 0.05040740740740754
2 0.6427901234567901 0.3814074074074074 0.04200000000000008 0.0453086419753087
2 0.3427037037037037 0.3675185185185185 0.047012345679012434 0.047012345679012336
2 0.718358024691358 0.45862962962962966 0.04701234567901224 0.04701234567901224
2 0.6564197530864198 0.6464938271604939 0.05377777777777775 0.060395061728395