2 0.6236543209876543 0.42366666666666664 0.049024691358024675 0.047024691358024784
2 0.38582716049382715 0.503753086419753 0.055740740740740764 0.05040740740740754
2 0.48860493827160495 0.6529753086419753 0.06429629629629631 0.06546913580246913
2 0.49107407407407405 0.48630864197530865 0.05071604938271605 0.04870370370370362
2 0.3208148148148148 0.3925802469135803 0.049024691358024675 0.047024691358024694
2 0.4013333333333334 0.3569876543209876 0.04402469135802467 0.04698765432098772
2 0.3047407407407407 0.5776790123456791 0.06250617283950617 0.05712345679012363
2 0.25637037037037036 0.46804938271604934 0.05743209876543214 0.05208641975308637
2 0.48375308641975306 0.41803703703703704 0.0473580246913582 0.047012345679012336
2 0.5398148148148149 0.34596296296296297 0.04233333333333349 0.0453086419753087
2 0.7341851851851852 0.49950617283950616 0.05240740740740743 0.05038271604938283
2 0.599111111111111 0.5055061728395062 0.04904938271604938 0.048691358024691454
2 0.6553950617283951 0.6434074074074074 0.05927160493827159 0.06376543209876559