2 0.37027160493827166 0.5611975308641975 0.05834567901234569 0.05834567901234569
2 0.541 0.5244444444444444 0.0549135802469137 0.0549135802469137
2 0.4798518518518519 0.6563703703703703 0.0703086419753087 0.06869135802469145
2 0.4070617283950617 0.45167901234567903 0.05148148148148143 0.051481481481481524
2 0.5072098765432099 0.453716049382716 0.05314814814814819 0.051530864197530946
2 0.2595679012345679 0.4844074074074074 0.05824691358024694 0.05501234567901236
2 0.5055185185185186 0.3403333333333333 0.03613580246913595 0.03937037037037044
2 0.5984320987654321 0.43600000000000005 0.04466666666666659 0.04628395061728383
2 0.36630864197530866 0.3711481481481481 0.04290123456790127 0.04290123456790127
2 0.7234320987654321 0.43229629629629635 0.04986419753086428 0.053098765432098766
2 0.7394814814814814 0.5235679012345679 0.061679012345679025 0.05844444444444434
2 0.6467037037037038 0.3761851851851852 0.03956790123456775 0.04280246913580243
2 0.6800370370370371 0.600395061728395 0.060209876543209855 0.0650617283950616