2 0.5791604938271605 0.6014444444444444 0.06267901234567906 0.07016049382716043
2 0.599432098765432 0.39408641975308645 0.045641975308642106 0.04466666666666659
2 0.476395061728395 0.41774074074074075 0.04738271604938272 0.04971604938271601
2 0.7215679012345679 0.42214814814814816 0.05066666666666663 0.046481481481481526
2 0.41434567901234565 0.5062839506172839 0.05743209876543214 0.05334567901234569
2 0.256037037037037 0.512641975308642 0.06579012345679018 0.05525925925925928
2 0.5071358024691358 0.4668518518518518 0.049074074074074096 0.0514320987654321
2 0.617037037037037 0.45692592592592596 0.047358024691358004 0.048049382716049346
2 0.35229629629629633 0.5948271604938272 0.06762962962962964 0.06697530864197536
2 0.3032345679012346 0.4345432098765432 0.05235802469135801 0.048197530864197424
2 0.4988395061728395 0.3570493827160494 0.03559259259259268 0.0410370370370371
2 0.7266543209876543 0.5403827160493826 0.06258024691358022 0.06349382716049376
2 0.372641975308642 0.3924691358024691 0.04395061728395054 0.04295061728395069