2 0.5654197530864197 0.631 0.062172839506172674 0.06970370370370385
2 0.590283950617284 0.4248518518518518 0.04532098765432086 0.04433333333333337
2 0.46680246913580237 0.44211111111111107 0.047024691358024784 0.04937037037037044
2 0.711716049382716 0.4592222222222222 0.05033333333333341 0.046111111111111235
2 0.40282716049382716 0.5273703703703704 0.0570493827160494 0.05292592592592598
2 0.24448148148148144 0.5255185185185186 0.065395061728395 0.05477777777777779
2 0.4964320987654321 0.4927777777777777 0.04870370370370362 0.05107407407407398
2 0.6064814814814815 0.4885555555555555 0.04701234567901224 0.04770370370370377
2 0.33885185185185185 0.6126296296296296 0.06714814814814815 0.06648148148148153
2 0.2933827160493827 0.44992592592592595 0.052012345679012334 0.04781481481481478
2 0.4905802469135802 0.38262962962962965 0.03529629629629634 0.04077777777777783
2 0.7141728395061728 0.5776296296296296 0.06212345679012344 0.06303703703703699
2 0.363679012345679 0.4114814814814815 0.04364197530864203 0.042629629629629635