2 0.535 0.5793703703703704 0.05333333333333334 0.055395061728395
2 0.6683333333333333 0.45838271604938274 0.04666666666666667 0.045345679012345576
2 0.38166666666666665 0.4155061728395062 0.04 0.03862962962962967
2 0.6233333333333333 0.3920493827160494 0.03666666666666667 0.04027160493827163
2 0.6616666666666666 0.5484320987654321 0.056666666666666664 0.05375308641975304
2 0.42 0.6418888888888888 0.07166666666666667 0.0655308641975309
2 0.46166666666666667 0.36324691358024697 0.035 0.036925925925925945
2 0.5116666666666667 0.41787654320987655 0.041666666666666664 0.03864197530864203
2 0.38666666666666666 0.5371358024691358 0.05333333333333334 0.05372839506172833
2 0.495 0.4729999999999999 0.04666666666666667 0.043679012345678905
2 0.5633333333333334 0.3641604938271605 0.035 0.03359259259259261
2 0.37166666666666665 0.47891358024691355 0.043333333333333335 0.045320987654321056
2 0.57 0.48411111111111116 0.04666666666666667 0.045345679012345576