2 0.370320987654321 0.5628641975308643 0.06339506172839511 0.06016049382716043
2 0.6952098765432099 0.4931851851851853 0.05486419753086428 0.05324691358024703
2 0.4198024691358025 0.4312839506172839 0.04809876543209877 0.04971604938271601
2 0.551074074074074 0.4140493827160494 0.046432098765432105 0.04966666666666659
2 0.49799999999999994 0.480679012345679 0.051530864197530946 0.05314814814814819
2 0.5731111111111111 0.5385061728395061 0.056580246913580365 0.05496296296296312
2 0.6591111111111112 0.40083950617283953 0.046333333333333254 0.04633333333333335
2 0.6911728395061728 0.6384320987654322 0.06354320987654319 0.06516049382716044
2 0.38625925925925925 0.3688888888888889 0.042950617283950596 0.044567901234567935
2 0.3319135802469136 0.4489012345679012 0.048197530864197514 0.053049382716049344
2 0.5527777777777777 0.3589506172839506 0.041283950617283835 0.04451851851851851
2 0.4942222222222222 0.6909753086419753 0.07222222222222209 0.07707407407407402
2 0.4638518518518519 0.3415679012345679 0.03961728395061717 0.04446913580246909