2 0.37316049382716043 0.4410493827160494 0.04233333333333329 0.0453086419753087
2 0.45434567901234574 0.521641975308642 0.05579012345678999 0.053740740740740686
2 0.614358024691358 0.41117283950617284 0.042283950617284065 0.041975308641975365
2 0.6042962962962963 0.5194197530864196 0.05074074074074076 0.05037037037037029
2 0.30969135802469133 0.5439012345679012 0.059172839506172845 0.05709876543209873
2 0.5169382716049383 0.4721111111111111 0.04904938271604938 0.048691358024691454
2 0.46776543209876537 0.4150864197530864 0.0456172839506174 0.04200000000000008
2 0.3987901234567901 0.3712469135802469 0.04223456790123464 0.038641975308641933
2 0.5286666666666667 0.3638765432098765 0.03895061728395073 0.04195061728395066
2 0.7079382716049383 0.6535061728395061 0.06265432098765435 0.06712345679012363
2 0.5702962962962963 0.6991481481481482 0.06949382716049399 0.07883950617283952
2 0.4397530864197531 0.6615185185185186 0.07432098765432102 0.06720987654320992
2 0.7109382716049383 0.5185432098765432 0.055740740740740764 0.05040740740740754