2 0.5375555555555555 0.5590123456790124 0.05708641975308638 0.05708641975308638
2 0.6665308641975309 0.47329629629629627 0.04867901234567891 0.047024691358024784
2 0.43540740740740735 0.39824691358024694 0.04364197530864203 0.04198765432098772
2 0.41974074074074075 0.48813580246913585 0.05201234567901243 0.0470493827160495
2 0.5064691358024692 0.4804444444444444 0.048691358024691454 0.048691358024691454
2 0.5253086419753087 0.4122469135802469 0.04366666666666674 0.045320987654321056
2 0.3450987654320988 0.6642592592592592 0.0655061728395062 0.06881481481481481
2 0.491283950617284 0.7303456790123457 0.07392592592592602 0.08054320987654326
2 0.5107407407407407 0.3538024691358025 0.03697530864197537 0.0419382716049383
2 0.638753086419753 0.6230987654320987 0.06546913580246913 0.06381481481481482
2 0.6287901234567901 0.3930123456790124 0.040296296296296344 0.040296296296296344
2 0.30244444444444446 0.5722716049382716 0.06044444444444442 0.06044444444444442
2 0.31838271604938273 0.44571604938271603 0.048679012345679 0.047024691358024596