2 0.32555555555555554 0.5175925925925926 0.060864197530864125 0.05966666666666659
2 0.6687901234567901 0.5166296296296295 0.05912345679012352 0.054629629629629715
2 0.41858024691358026 0.42388888888888887 0.045666666666666626 0.04600000000000004
2 0.4711975308641975 0.47103703703703703 0.05240740740740743 0.051148148148148116
2 0.6633333333333333 0.4351111111111111 0.04899999999999996 0.04607407407407417
2 0.6018641975308642 0.648074074074074 0.07451851851851851 0.0816296296296296
2 0.5451234567901234 0.4294074074074074 0.047358024691358004 0.04770370370370377
2 0.5185925925925926 0.5332962962962963 0.057555555555555506 0.061259259259259125
2 0.37703703703703706 0.6414074074074074 0.07946913580246909 0.07840740740740747
2 0.3369135802469136 0.4257037037037037 0.04571604938271605 0.04933333333333337
2 0.4176543209876543 0.37392592592592594 0.03723456790123455 0.03914814814814813
2 0.4927777777777777 0.36392592592592593 0.03723456790123464 0.03914814814814813
2 0.5657407407407408 0.3872962962962963 0.038925925925926017 0.04085185185185177