2 0.3383333333333333 0.5383333333333333 0.06333333333333334 0.06666666666666667
2 0.6533333333333333 0.5016666666666667 0.051666666666666666 0.055
2 0.33 0.44333333333333336 0.045 0.04666666666666667
2 0.41833333333333333 0.44333333333333336 0.04666666666666667 0.04666666666666667
2 0.54 0.39666666666666667 0.03833333333333333 0.03833333333333333
2 0.48833333333333334 0.4716666666666667 0.04833333333333333 0.04833333333333333
2 0.545 0.5316666666666666 0.06 0.065
2 0.6516666666666666 0.43333333333333335 0.04 0.043333333333333335
2 0.47333333333333333 0.39 0.03666666666666667 0.03666666666666667
2 0.5466666666666666 0.44333333333333336 0.045 0.04666666666666667
2 0.45 0.63 0.08333333333333333 0.07833333333333334
2 0.695 0.6133333333333333 0.07 0.07833333333333334
2 0.3883333333333333 0.3983333333333333 0.03833333333333333 0.03666666666666667