2 0.4116296296296296 0.6071851851851853 0.06466666666666669 0.06140740740740739
2 0.5743703703703704 0.4342222222222222 0.04440740740740731 0.0492962962962963
2 0.435 0.3844814814814814 0.04270370370370377 0.04759259259259257
2 0.26744444444444443 0.5656666666666667 0.059555555555555584 0.05629629629629638
2 0.396037037037037 0.5052222222222222 0.049481481481481446 0.05274074074074065
2 0.5054444444444445 0.48100000000000004 0.046037037037037105 0.04766666666666652
2 0.3227407407407407 0.43029629629629634 0.05103703703703701 0.047777777777777905
2 0.5733703703703704 0.6890740740740741 0.06655555555555566 0.07144444444444446
2 0.5601481481481482 0.5438518518518519 0.049481481481481446 0.05274074074074065
2 0.5813703703703703 0.3744074074074074 0.03937037037037044 0.047518518518518536
2 0.7373703703703703 0.49781481481481477 0.051111111111111045 0.05111111111111124
2 0.7021851851851852 0.4137407407407408 0.04092592592592591 0.042555555555555506
2 0.7108148148148148 0.5771851851851852 0.054518518518518515 0.054518518518518515