2 0.5616666666666666 0.585 0.058333333333333334 0.056666666666666664
2 0.42333333333333334 0.5116666666666667 0.05333333333333334 0.051666666666666666
2 0.5583333333333333 0.405 0.035 0.03666666666666667
2 0.6383333333333333 0.4166666666666667 0.041666666666666664 0.03666666666666667
2 0.285 0.5416666666666666 0.055 0.051666666666666666
2 0.45666666666666667 0.44 0.045 0.043333333333333335
2 0.3 0.47 0.051666666666666666 0.04666666666666667
2 0.36833333333333335 0.5983333333333334 0.06166666666666667 0.06166666666666667
2 0.5933333333333334 0.46166666666666667 0.043333333333333335 0.045
2 0.47 0.3883333333333333 0.03333333333333333 0.03333333333333333
2 0.6533333333333333 0.5316666666666666 0.05333333333333334 0.05333333333333334
2 0.355 0.42333333333333334 0.041666666666666664 0.03833333333333333
2 0.505 0.475 0.04 0.03833333333333333