2 0.35333333333333333 0.5716666666666667 0.056666666666666664 0.056666666666666664
2 0.525 0.54 0.05333333333333334 0.05333333333333334
2 0.46 0.67 0.06833333333333333 0.06666666666666667
2 0.3933333333333333 0.4633333333333333 0.05 0.05
2 0.49333333333333335 0.4683333333333333 0.051666666666666666 0.05
2 0.245 0.49166666666666664 0.056666666666666664 0.05333333333333334
2 0.495 0.355 0.035 0.03833333333333333
2 0.585 0.4533333333333333 0.043333333333333335 0.045
2 0.355 0.38166666666666665 0.041666666666666664 0.041666666666666664
2 0.71 0.4533333333333333 0.04833333333333333 0.051666666666666666
2 0.7233333333333334 0.545 0.06 0.056666666666666664
2 0.635 0.395 0.03833333333333333 0.041666666666666664
2 0.6616666666666666 0.62 0.058333333333333334 0.06333333333333334