2 0.3850864197530864 0.4498395061728396 0.045320987654321056 0.04466666666666659
2 0.6417160493827161 0.4624444444444444 0.04029629629629616 0.04118518518518518
2 0.43622222222222223 0.523037037037037 0.05202469135802479 0.04986419753086428
2 0.5577654320987654 0.5433086419753086 0.05370370370370362 0.05158024691358037
2 0.31949382716049385 0.5279135802469136 0.05202469135802469 0.04986419753086428
2 0.6334691358024691 0.6755802469135803 0.06044444444444442 0.061777777777777675
2 0.4964938271604939 0.48814814814814816 0.045333333333333406 0.046333333333333254
2 0.5183950617283951 0.6821728395061729 0.0637901234567903 0.06354320987654319
2 0.40885185185185186 0.3921975308641975 0.04028395061728389 0.039518518518518515
2 0.7076666666666667 0.5610864197530865 0.050395061728394995 0.05481481481481486
2 0.5552962962962963 0.4265432098765432 0.038629629629629486 0.04113580246913576
2 0.49040740740740735 0.40961728395061725 0.03860493827160478 0.03780246913580242
2 0.3788148148148148 0.6213580246913579 0.05540740740740735 0.05662962962962979