2 0.43833333333333335 0.5083333333333333 0.06333333333333334 0.058333333333333334
2 0.6166666666666667 0.545 0.06166666666666667 0.06
2 0.2833333333333333 0.5583333333333333 0.07333333333333333 0.07166666666666667
2 0.2733333333333333 0.49 0.06333333333333334 0.056666666666666664
2 0.53 0.41333333333333333 0.03833333333333333 0.03833333333333333
2 0.325 0.4483333333333333 0.04833333333333333 0.045
2 0.5883333333333334 0.45 0.043333333333333335 0.04666666666666667
2 0.4166666666666667 0.5933333333333334 0.07666666666666666 0.07833333333333334
2 0.6716666666666666 0.49333333333333335 0.051666666666666666 0.05333333333333334
2 0.44166666666666665 0.45 0.04666666666666667 0.043333333333333335
2 0.6083333333333333 0.415 0.043333333333333335 0.03833333333333333
2 0.51 0.47 0.043333333333333335 0.04666666666666667
2 0.43833333333333335 0.4083333333333333 0.03666666666666667 0.03666666666666667