2 0.6483333333333333 0.56 0.06 0.058333333333333334
2 0.5383333333333333 0.4 0.03833333333333333 0.043333333333333335
2 0.44 0.44666666666666666 0.04666666666666667 0.05
2 0.5066666666666667 0.47833333333333333 0.04833333333333333 0.051666666666666666
2 0.4483333333333333 0.5366666666666666 0.06166666666666667 0.058333333333333334
2 0.5916666666666667 0.445 0.04666666666666667 0.04666666666666667
2 0.2683333333333333 0.6066666666666667 0.07166666666666667 0.065
2 0.645 0.3983333333333333 0.04 0.04
2 0.4216666666666667 0.39 0.04 0.04
2 0.7166666666666667 0.48 0.05 0.05333333333333334
2 0.45 0.6366666666666667 0.075 0.07
2 0.26166666666666666 0.5116666666666667 0.058333333333333334 0.05333333333333334
2 0.315 0.45166666666666666 0.04833333333333333 0.045