2 0.43456790123456795 0.5148271604938273 0.0637654320987654 0.05927160493827159
2 0.6126296296296296 0.5541358024691357 0.06211111111111109 0.06091358024691355
2 0.2791975308641976 0.5625308641975308 0.07386419753086425 0.0727530864197532
2 0.2697037037037037 0.49404938271604937 0.06375308641975304 0.05760493827160493
2 0.5269382716049383 0.42118518518518516 0.03861728395061732 0.03890123456790131
2 0.321679012345679 0.4531481481481482 0.04866666666666665 0.04571604938271605
2 0.585 0.458716049382716 0.0436790123456791 0.04730864197530878
2 0.4122716049382716 0.5995061728395061 0.07724691358024681 0.07946913580246909
2 0.6680123456790122 0.5032839506172839 0.052061728395061665 0.054098765432098614
2 0.43833333333333335 0.45654320987654323 0.04698765432098772 0.04402469135802467
2 0.6052592592592593 0.42401234567901236 0.04361728395061732 0.03897530864197535
2 0.5065185185185186 0.4775555555555555 0.043679012345678905 0.04730864197530878
2 0.4353086419753086 0.4148271604938271 0.036938271604938296 0.03720987654320993