2 0.6516666666666666 0.5533333333333333 0.06 0.058333333333333334
2 0.28833333333333333 0.5066666666666667 0.06 0.051666666666666666
2 0.45666666666666667 0.42333333333333334 0.04666666666666667 0.045
2 0.69 0.465 0.051666666666666666 0.05
2 0.4866666666666667 0.47833333333333333 0.05 0.051666666666666666
2 0.5633333333333334 0.45 0.041666666666666664 0.041666666666666664
2 0.6066666666666667 0.7183333333333334 0.08166666666666667 0.08166666666666667
2 0.3416666666666667 0.6566666666666666 0.07666666666666666 0.07
2 0.37166666666666665 0.40166666666666667 0.041666666666666664 0.045
2 0.445 0.36666666666666664 0.03833333333333333 0.04
2 0.53 0.36333333333333334 0.035 0.03833333333333333
2 0.6 0.38666666666666666 0.03833333333333333 0.04
2 0.5016666666666667 0.5583333333333333 0.055 0.06166666666666667