2 0.6721604938271605 0.5629876543209876 0.06216049382716051 0.05922222222222217
2 0.3070987654320988 0.5109382716049382 0.06191358024691359 0.05255555555555551
2 0.47234567901234564 0.43009876543209874 0.04833333333333333 0.04569135802469134
2 0.7072222222222223 0.4752222222222222 0.05351851851851848 0.050765432098765474
2 0.5043827160493827 0.48554320987654326 0.05191358024691359 0.052407407407407236
2 0.58 0.4583456790123457 0.04320987654320978 0.042283950617284065
2 0.6332716049382715 0.727320987654321 0.0846913580246913 0.08287654320987636
2 0.3659876543209877 0.6617283950617284 0.07925925925925924 0.07113580246913595
2 0.3865432098765432 0.4071728395061729 0.043333333333333335 0.045617283950617205
2 0.45858024691358024 0.37325925925925924 0.03981481481481486 0.04056790123456788
2 0.5434567901234568 0.3711851851851852 0.036419753086419746 0.03885185185185189
2 0.614320987654321 0.39555555555555555 0.03981481481481486 0.04056790123456797
2 0.5223456790123456 0.5657654320987655 0.057283950617284064 0.062481481481481374