2 0.345 0.4766666666666667 0.05 0.051666666666666666
2 0.605 0.4816666666666667 0.051666666666666666 0.04666666666666667
2 0.3433333333333333 0.6016666666666667 0.06333333333333334 0.06333333333333334
2 0.5566666666666666 0.3883333333333333 0.041666666666666664 0.04
2 0.475 0.53 0.051666666666666666 0.056666666666666664
2 0.5033333333333333 0.4666666666666667 0.045 0.04666666666666667
2 0.4266666666666667 0.4266666666666667 0.041666666666666664 0.041666666666666664
2 0.4533333333333333 0.36666666666666664 0.03666666666666667 0.041666666666666664
2 0.75 0.56 0.07166666666666667 0.06
2 0.3283333333333333 0.4033333333333333 0.041666666666666664 0.04
2 0.5433333333333333 0.6616666666666666 0.065 0.07166666666666667
2 0.675 0.6416666666666667 0.07666666666666666 0.07166666666666667
2 0.685 0.455 0.051666666666666666 0.045