2 0.44628395061728393 0.6454444444444444 0.06692592592592594 0.06692592592592594
2 0.3737160493827161 0.5048395061728396 0.054913580246913514 0.0549135802469137
2 0.6388271604938272 0.452641975308642 0.044765432098765434 0.049617283950617166
2 0.5865555555555556 0.5278271604938272 0.05314814814814819 0.051530864197530946
2 0.4808395061728395 0.4362839506172839 0.048049382716049346 0.048049382716049346
2 0.724 0.5619259259259259 0.06501234567901236 0.058543209876543184
2 0.555604938271605 0.39012345679012345 0.03795061728395069 0.044419753086419766
2 0.28171604938271605 0.457074074074074 0.05300000000000002 0.04653086419753095
2 0.29360493827160494 0.5625185185185185 0.06501234567901236 0.058543209876543184
2 0.48690123456790124 0.5131975308641976 0.053246913580246844 0.05486419753086428
2 0.33849382716049387 0.3987037037037037 0.04299999999999993 0.046234567901234605
2 0.43893827160493826 0.38666666666666666 0.04128395061728402 0.04451851851851851
2 0.626962962962963 0.6841604938271605 0.06192592592592594 0.06677777777777787