2 0.3703703703703704 0.5422222222222223 0.06067901234567898 0.06462962962962972
2 0.4120987654320988 0.4528888888888889 0.051851851851851906 0.05111111111111124
2 0.48351851851851846 0.6247777777777778 0.07604938271604927 0.07496296296296294
2 0.26296296296296295 0.47955555555555557 0.056975308641975364 0.05455555555555558
2 0.5122222222222222 0.45399999999999996 0.050123456790123554 0.04940740740740732
2 0.5493827160493828 0.5115555555555555 0.0553086419753087 0.054518518518518515
2 0.5090740740740741 0.369 0.038086419753086416 0.03914814814814813
2 0.37308641975308643 0.39037037037037037 0.043086419753086413 0.03925925925925924
2 0.6017283950617285 0.43866666666666665 0.044938271604938414 0.044296296296296306
2 0.7268518518518519 0.4392222222222222 0.0519135802469134 0.0527777777777779
2 0.7477777777777778 0.5088148148148148 0.0637654320987654 0.05803703703703699
2 0.6885185185185185 0.5751851851851851 0.06395061728395073 0.06303703703703718
2 0.6435185185185185 0.396037037037037 0.03820987654320978 0.042481481481481564