2 0.6393703703703705 0.5678148148148148 0.06129629629629638 0.05966666666666659
2 0.318962962962963 0.504 0.056148148148148114 0.052888888888888916
2 0.6006296296296295 0.6603333333333334 0.07322222222222233 0.07159259259259253
2 0.44725925925925925 0.4334814814814814 0.047666666666666704 0.046037037037037105
2 0.6796296296296296 0.482 0.052777777777777715 0.051148148148148116
2 0.47600000000000003 0.4908148148148148 0.051148148148148116 0.052777777777777715
2 0.5533333333333333 0.46251851851851855 0.042629629629629635 0.04425925925925924
2 0.3504814814814815 0.5864074074074074 0.06637037037037033 0.06311111111111112
2 0.36274074074074075 0.40992592592592597 0.04433333333333337 0.04596296296296297
2 0.4368518518518518 0.3765555555555556 0.03922222222222217 0.04085185185185187
2 0.5219259259259259 0.3751111111111111 0.03588888888888884 0.04077777777777783
2 0.5914074074074074 0.4 0.03922222222222217 0.04085185185185187
2 0.4892962962962963 0.5678148148148148 0.05637037037037032 0.06288888888888891