2 0.5364074074074074 0.6215185185185185 0.0635925925925926 0.06637037037037033
2 0.33141975308641974 0.6735925925925926 0.08550617283950619 0.07518518518518515
2 0.7053456790123457 0.4770370370370369 0.04981481481481486 0.05107407407407398
2 0.36891358024691356 0.42125925925925933 0.04304938271604935 0.04759259259259257
2 0.5894197530864198 0.49944444444444436 0.05158024691358018 0.05444444444444457
2 0.6904197530864197 0.5916296296296296 0.06011111111111101 0.06129629629629638
2 0.6671975308641975 0.4262222222222222 0.04133333333333326 0.04588888888888884
2 0.5044938271604938 0.38762962962962966 0.03780246913580242 0.03914814814814813
2 0.4288888888888889 0.5341851851851852 0.0566296296296296 0.05622222222222225
2 0.5341604938271605 0.4332592592592593 0.04128395061728402 0.04422222222222217
2 0.27667901234567904 0.5124814814814815 0.06006172839506178 0.05962962962962971
2 0.5005925925925926 0.4808148148148149 0.047999999999999925 0.046037037037037105
2 0.5912098765432099 0.39122222222222225 0.036086419753086525 0.037444444444444495