2 0.465 0.6583333333333333 0.06166666666666667 0.058333333333333334
2 0.5466666666666666 0.41333333333333333 0.04666666666666667 0.045
2 0.38333333333333336 0.3566666666666667 0.045 0.045
2 0.4 0.535 0.05333333333333334 0.055
2 0.285 0.6666666666666666 0.06333333333333334 0.06166666666666667
2 0.54 0.33166666666666667 0.043333333333333335 0.045
2 0.6166666666666667 0.6633333333333333 0.058333333333333334 0.058333333333333334
2 0.6983333333333334 0.43 0.04666666666666667 0.04666666666666667
2 0.635 0.355 0.04 0.041666666666666664
2 0.7033333333333334 0.52 0.05 0.05
2 0.27166666666666667 0.475 0.051666666666666666 0.04666666666666667
2 0.4866666666666667 0.48 0.04666666666666667 0.04833333333333333
2 0.5683333333333334 0.5266666666666666 0.04833333333333333 0.05