2 0.41333333333333333 0.5997283950617284 0.058333333333333334 0.055432098765432064
2 0.6466666666666666 0.4564567901234568 0.04833333333333333 0.04369135802469146
2 0.4116666666666667 0.469716049382716 0.045 0.045333333333333406
2 0.5116666666666667 0.43379012345679013 0.045 0.05033333333333341
2 0.7 0.5235185185185185 0.055 0.05207407407407421
2 0.5866666666666667 0.5293456790123457 0.04833333333333333 0.048691358024691454
2 0.5333333333333333 0.6272839506172839 0.06166666666666667 0.060456790123456776
2 0.59 0.38937037037037037 0.03833333333333333 0.03695061728395065
2 0.32166666666666666 0.43071604938271607 0.04666666666666667 0.040345679012345766
2 0.305 0.5039259259259259 0.05 0.047037037037036954
2 0.39 0.3845555555555556 0.03666666666666667 0.04027160493827163
2 0.49833333333333335 0.49035802469135803 0.045 0.04366666666666674
2 0.4666666666666667 0.3701234567901235 0.03666666666666667 0.03527160493827163
2 0.5133333333333333 0.6221358024691358 0.021666666666666667 0.04516049382716043