2 0.545 0.5533333333333333 0.056666666666666664 0.056666666666666664
2 0.43333333333333335 0.39666666666666667 0.045 0.041666666666666664
2 0.67 0.4666666666666667 0.04666666666666667 0.05
2 0.42333333333333334 0.4866666666666667 0.05333333333333334 0.04833333333333333
2 0.51 0.4766666666666667 0.04666666666666667 0.04833333333333333
2 0.5233333333333333 0.4083333333333333 0.041666666666666664 0.045
2 0.31833333333333336 0.4483333333333333 0.04833333333333333 0.04666666666666667
2 0.5116666666666667 0.725 0.07166666666666667 0.08
2 0.3616666666666667 0.67 0.065 0.06833333333333333
2 0.5066666666666667 0.35 0.035 0.041666666666666664
2 0.625 0.38666666666666666 0.04 0.04
2 0.65 0.6116666666666667 0.06333333333333334 0.06166666666666667
2 0.31 0.5783333333333334 0.06166666666666667 0.06