2 0.38503703703703707 0.5894814814814815 0.0646666666666666 0.06140740740740739
2 0.5556296296296296 0.4091111111111111 0.04440740740740731 0.0492962962962963
2 0.41833333333333333 0.3655185185185186 0.04270370370370377 0.04759259259259257
2 0.24255555555555555 0.5543333333333333 0.059555555555555584 0.05629629629629638
2 0.373962962962963 0.4881111111111111 0.049481481481481446 0.05274074074074065
2 0.4845555555555556 0.45899999999999996 0.046037037037037105 0.04766666666666652
2 0.30392592592592593 0.4163703703703704 0.05103703703703701 0.04777777777777781
2 0.5432962962962963 0.6642592592592592 0.06655555555555566 0.07144444444444446
2 0.5365185185185185 0.5194814814814814 0.049481481481481446 0.05274074074074065
2 0.5652962962962963 0.3489259259259259 0.03937037037037044 0.047518518518518536
2 0.715962962962963 0.46551851851851855 0.051111111111111045 0.05111111111111124
2 0.6844814814814815 0.3829259259259259 0.04092592592592591 0.042555555555555506
2 0.6858518518518518 0.5461481481481482 0.054518518518518515 0.054518518518518515