2 0.63 0.42833333333333334 0.04833333333333333 0.04666666666666667
2 0.3933333333333333 0.5066666666666667 0.055 0.05
2 0.49833333333333335 0.6566666666666666 0.06333333333333334 0.065
2 0.49833333333333335 0.49 0.05 0.04833333333333333
2 0.32666666666666666 0.395 0.04833333333333333 0.04666666666666667
2 0.4066666666666667 0.36 0.043333333333333335 0.04666666666666667
2 0.31333333333333335 0.58 0.06166666666666667 0.056666666666666664
2 0.2633333333333333 0.47 0.056666666666666664 0.051666666666666666
2 0.49 0.4216666666666667 0.04666666666666667 0.04666666666666667
2 0.545 0.35 0.041666666666666664 0.045
2 0.7416666666666667 0.505 0.051666666666666666 0.05
2 0.6066666666666667 0.51 0.04833333333333333 0.04833333333333333
2 0.665 0.6483333333333333 0.058333333333333334 0.06333333333333334