2 0.4796049382716049 0.6514444444444445 0.06520987654320985 0.06474074074074072
2 0.3984691358024692 0.3897407407407407 0.04466666666666659 0.04596296296296297
2 0.6356296296296295 0.6262962962962962 0.05844444444444434 0.06125925925925931
2 0.48720987654320985 0.4578148148148148 0.04976543209876543 0.04940740740740732
2 0.41746913580246914 0.5244074074074074 0.05653086419753094 0.052888888888888916
2 0.3035185185185185 0.6186666666666667 0.06854320987654319 0.06481481481481485
2 0.5435679012345679 0.38985185185185184 0.04628395061728403 0.04433333333333337
2 0.2908888888888889 0.4738518518518519 0.05814814814814819 0.05125925925925912
2 0.6358148148148148 0.35111111111111115 0.04118518518518518 0.040888888888888836
2 0.5136543209876544 0.33714814814814814 0.041283950617283835 0.04422222222222217
2 0.7040617283950618 0.40296296296296297 0.046333333333333254 0.04600000000000004
2 0.7001111111111111 0.4947777777777778 0.04809876543209877 0.04937037037037044
2 0.5884938271604938 0.49892592592592594 0.0514320987654321 0.04944444444444438