2 0.453395061728395 0.521320987654321 0.06506172839506177 0.060209876543209855
2 0.6328148148148148 0.5632716049382716 0.06344444444444435 0.061827160493827096
2 0.29987654320987656 0.5667283950617285 0.07545679012345677 0.07383950617283934
2 0.28785185185185186 0.49809876543209874 0.06501234567901236 0.058543209876543184
2 0.5422469135802469 0.42903703703703705 0.039469135802469094 0.039469135802469094
2 0.33828395061728395 0.45796296296296296 0.049666666666666685 0.046432098765432105
2 0.6016666666666667 0.4674320987654321 0.04471604938271601 0.0479506172839505
2 0.43424691358024686 0.605679012345679 0.0789876543209876 0.08060493827160485
2 0.686283950617284 0.5132345679012345 0.05324691358024703 0.05486419753086428
2 0.455 0.4630864197530864 0.04795061728395069 0.04471604938271601
2 0.6206296296296295 0.4330246913580246 0.04446913580246928 0.03961728395061717
2 0.5239259259259259 0.4851111111111111 0.04471604938271601 0.04795061728395069
2 0.45043209876543205 0.421320987654321 0.037753086419753196 0.037753086419753