2 0.43327160493827155 0.5894320987654321 0.07080246913580254 0.06767901234567907
2 0.42228395061728397 0.4726666666666667 0.05185185185185181 0.05074074074074057
2 0.6631481481481482 0.4545802469135803 0.045 0.045641975308642106
2 0.7301851851851852 0.5105432098765432 0.05543209876543225 0.05745679012345666
2 0.4742592592592592 0.39181481481481484 0.03981481481481486 0.04056790123456797
2 0.6172222222222222 0.5188641975308642 0.05524691358024692 0.05245679012345666
2 0.3261728395061728 0.44125925925925924 0.051666666666666666 0.04574074074074076
2 0.3946913580246914 0.4022962962962963 0.0396913580246913 0.03723456790123464
2 0.5996913580246913 0.4053333333333333 0.03981481481481486 0.04056790123456797
2 0.5706172839506172 0.6097901234567902 0.0725308641975308 0.06937037037037044
2 0.5225925925925926 0.43750617283950616 0.04339506172839492 0.047283950617283875
2 0.3101851851851852 0.504320987654321 0.05864197530864194 0.05417283950617275
2 0.517716049382716 0.48574074074074075 0.04839506172839511 0.047358024691358004