2 0.37437037037037035 0.6340864197530864 0.06299999999999993 0.06091358024691355
2 0.6693333333333333 0.41504938271604935 0.04096296296296297 0.043925925925925924
2 0.3805925925925926 0.5041358024691358 0.051148148148148116 0.05240740740740743
2 0.4232592592592593 0.38472839506172835 0.042555555555555506 0.04061728395061721
2 0.5539999999999999 0.4283456790123457 0.04277777777777791 0.05061728395061721
2 0.5317777777777778 0.6780987654320988 0.06640740740740739 0.06429629629629631
2 0.7127037037037037 0.48904938271604936 0.047777777777777905 0.05069135802469134
2 0.24792592592592588 0.5471851851851852 0.06448148148148145 0.05260493827160493
2 0.46807407407407403 0.46875308641975305 0.046111111111111235 0.05066666666666682
2 0.6541111111111111 0.5748765432098766 0.052851851851851844 0.05409876543209881
2 0.5465555555555556 0.5382716049382715 0.051148148148148116 0.052407407407407236
2 0.551962962962963 0.369962962962963 0.0410370370370371 0.04725925925925926
2 0.299 0.42456790123456795 0.04777777777777772 0.05069135802469134