2 0.38828395061728394 0.673641975308642 0.07374074074074069 0.07053086419753071
2 0.563716049382716 0.48904938271604936 0.051530864197530946 0.05203703703703695
2 0.5044197530864197 0.40950617283950613 0.04304938271604935 0.04697530864197536
2 0.47254320987654314 0.4730617283950617 0.051481481481481524 0.05037037037037029
2 0.3610864197530864 0.4105679012345679 0.04300000000000002 0.0453086419753087
2 0.6573209876543209 0.5916666666666667 0.05677777777777768 0.060407407407407354
2 0.4038024691358025 0.5435555555555556 0.05658024691358018 0.053740740740740686
2 0.3121481481481482 0.4875802469135802 0.05324691358024694 0.053716049382716166
2 0.5646296296296296 0.34574074074074074 0.039469135802469094 0.03861728395061732
2 0.4729135802469136 0.3480864197530864 0.04299999999999993 0.0453086419753087
2 0.511037037037037 0.6360740740740741 0.05859259259259261 0.0654197530864197
2 0.6798518518518519 0.4498641975308642 0.04653086419753095 0.052000000000000074
2 0.6467777777777778 0.38512345679012344 0.03966666666666659 0.045283950617283984