2 0.3273456790123456 0.4843333333333334 0.05191358024691359 0.0527777777777779
2 0.5871604938271605 0.4951111111111111 0.05339506172839511 0.04781481481481478
2 0.3210493827160494 0.6092962962962963 0.06567901234567898 0.06474074074074072
2 0.542283950617284 0.4007037037037037 0.04314814814814819 0.04092592592592591
2 0.45537037037037037 0.5405555555555556 0.053765432098765394 0.057814814814814784
2 0.48604938271604936 0.47785185185185186 0.04672839506172844 0.047666666666666704
2 0.4108641975308642 0.4361481481481481 0.043209876543209874 0.04259259259259257
2 0.4397530864197531 0.37674074074074076 0.03820987654320997 0.04248148148148147
2 0.7292592592592593 0.5766666666666667 0.07388888888888877 0.06159259259259253
2 0.31339506172839504 0.4106296296296297 0.04314814814814819 0.04092592592592591
2 0.5188271604938272 0.6737407407407408 0.06765432098765435 0.07311111111111113
2 0.6512345679012346 0.6566666666666666 0.07932098765432101 0.0733703703703704
2 0.6681481481481482 0.4702222222222222 0.05333333333333334 0.04614814814814811