2 0.3294444444444445 0.5200617283950618 0.06043209876543206 0.05922222222222217
2 0.6727283950617284 0.521641975308642 0.05872839506172833 0.05419753086419746
2 0.4217901234567901 0.42703703703703705 0.045333333333333406 0.045666666666666626
2 0.4747654320987654 0.4745802469135803 0.05203703703703695 0.05076543209876528
2 0.6666666666666666 0.44007407407407406 0.04866666666666674 0.04571604938271605
2 0.6067654320987655 0.6526049382716049 0.07392592592592602 0.08108641975308653
2 0.5483950617283951 0.43349382716049384 0.04701234567901224 0.047358024691358004
2 0.5226296296296297 0.5371975308641975 0.057111111111111085 0.06083950617283942
2 0.38185185185185183 0.6442716049382716 0.07890123456790121 0.07782716049382714
2 0.34012345679012346 0.4282469135802469 0.04535802469135802 0.04899999999999996
2 0.4204938271604938 0.37706172839506175 0.03695061728395065 0.038876543209876595
2 0.49555555555555564 0.36761728395061727 0.03695061728395065 0.038876543209876505
2 0.5687037037037037 0.39153086419753086 0.03862962962962967 0.04056790123456797