2 0.41229629629629627 0.4268518518518518 0.04628395061728393 0.04466666666666659
2 0.44520987654320987 0.526074074074074 0.051481481481481524 0.051481481481481524
2 0.3397654320987654 0.507962962962963 0.05153086419753085 0.05314814814814819
2 0.5614938271604939 0.5728148148148148 0.05319753086419761 0.05319753086419761
2 0.5176543209876544 0.49824691358024686 0.04471604938271601 0.0479506172839505
2 0.6740246913580247 0.49288888888888893 0.04299999999999993 0.046234567901234605
2 0.44855555555555554 0.35798765432098767 0.042950617283950505 0.044567901234567935
2 0.5956296296296295 0.432283950617284 0.04299999999999993 0.046234567901234605
2 0.5927530864197531 0.728604938271605 0.060259259259259276 0.06672839506172826
2 0.7012592592592594 0.6252469135802469 0.05314814814814819 0.051530864197530946
2 0.532925925925926 0.39545679012345675 0.041283950617283835 0.04451851851851851
2 0.37125925925925923 0.6154691358024691 0.0516296296296296 0.05648148148148152
2 0.487358024691358 0.7121604938271605 0.06011111111111101 0.06172839506172845