2 0.41333333333333333 0.5966666666666667 0.058333333333333334 0.055
2 0.6466666666666666 0.45166666666666666 0.04833333333333333 0.043333333333333335
2 0.4116666666666667 0.4666666666666667 0.045 0.045
2 0.5116666666666667 0.43 0.045 0.05
2 0.7 0.5183333333333333 0.055 0.051666666666666666
2 0.5866666666666667 0.525 0.04833333333333333 0.04833333333333333
2 0.5333333333333333 0.6233333333333333 0.06166666666666667 0.06
2 0.59 0.385 0.03833333333333333 0.03666666666666667
2 0.32166666666666666 0.42833333333333334 0.04666666666666667 0.04
2 0.305 0.5016666666666667 0.05 0.04666666666666667
2 0.39 0.38166666666666665 0.03666666666666667 0.04
2 0.49833333333333335 0.4866666666666667 0.045 0.043333333333333335
2 0.4666666666666667 0.36666666666666664 0.03666666666666667 0.035
2 0.5133333333333333 0.6183333333333333 0.021666666666666667 0.045