2 0.5286049382716049 0.5452592592592592 0.05834567901234569 0.057506172839506084
2 0.42158024691358026 0.39024691358024693 0.046234567901234605 0.04233333333333329
2 0.6561728395061728 0.4567407407407407 0.04814814814814819 0.05069135802469134
2 0.40891358024691354 0.480395061728395 0.054765432098765436 0.04912345679012333
2 0.49587654320987656 0.46911111111111115 0.04809876543209877 0.04902469135802486
2 0.5112345679012346 0.40058024691358024 0.04299999999999993 0.0456172839506173
2 0.3050493827160494 0.44361728395061734 0.04971604938271601 0.04738271604938272
2 0.49018518518518517 0.7174197530864198 0.07403703703703703 0.08106172839506182
2 0.34181481481481485 0.664641975308642 0.06702469135802469 0.0692962962962963
2 0.4962962962962963 0.3424938271604938 0.0362345679012346 0.04218518518518522
2 0.6135432098765432 0.3774074074074074 0.04118518518518518 0.04059259259259259
2 0.6318765432098765 0.602037037037037 0.06516049382716044 0.06260493827160493
2 0.2928641975308642 0.5737407407407407 0.06344444444444444 0.06091358024691355