2 0.3980740740740741 0.4498395061728396 0.04596296296296297 0.04466666666666659
2 0.6548518518518519 0.4624444444444444 0.040888888888888836 0.04118518518518518
2 0.45133333333333336 0.523037037037037 0.05274074074074065 0.04986419753086428
2 0.5733703703703704 0.5433086419753086 0.05444444444444457 0.05158024691358037
2 0.33485185185185184 0.5279135802469136 0.05274074074074065 0.04986419753086428
2 0.652925925925926 0.6755802469135803 0.06133333333333326 0.061777777777777675
2 0.5105185185185186 0.48814814814814816 0.04599999999999985 0.046333333333333254
2 0.5381481481481482 0.6821728395061729 0.06470370370370385 0.06354320987654319
2 0.4201111111111111 0.3921975308641975 0.04085185185185177 0.039518518518518515
2 0.7236666666666667 0.5610864197530865 0.05118518518518518 0.05481481481481486
2 0.5674444444444445 0.4265432098765432 0.03922222222222217 0.04113580246913576
2 0.5021111111111111 0.40961728395061725 0.039148148148148036 0.03780246913580242
2 0.3968888888888889 0.6213580246913579 0.05622222222222225 0.05662962962962979