2 0.42833333333333334 0.6283333333333333 0.06833333333333333 0.06166666666666667
2 0.3933333333333333 0.47333333333333333 0.05 0.051666666666666666
2 0.6466666666666666 0.46166666666666667 0.045 0.045
2 0.5933333333333334 0.5283333333333333 0.051666666666666666 0.05333333333333334
2 0.49666666666666665 0.485 0.05 0.04833333333333333
2 0.5133333333333333 0.4266666666666667 0.045 0.043333333333333335
2 0.5916666666666667 0.37833333333333335 0.041666666666666664 0.041666666666666664
2 0.3016666666666667 0.4166666666666667 0.045 0.04833333333333333
2 0.29833333333333334 0.5116666666666667 0.056666666666666664 0.05333333333333334
2 0.38166666666666665 0.37166666666666665 0.04 0.043333333333333335
2 0.7433333333333333 0.5633333333333334 0.06 0.056666666666666664
2 0.4633333333333333 0.3616666666666667 0.03666666666666667 0.043333333333333335
2 0.6083333333333333 0.6766666666666666 0.07 0.07833333333333334