2 0.585 0.5796666666666667 0.06166666666666667 0.068037037037037
2 0.5733333333333334 0.47774074074074074 0.045 0.05100000000000004
2 0.3283333333333333 0.47896296296296287 0.05 0.05111111111111124
2 0.45666666666666667 0.5484814814814815 0.056666666666666664 0.05459259259259246
2 0.4583333333333333 0.6885185185185185 0.07833333333333334 0.0867407407407408
2 0.48833333333333334 0.48085185185185175 0.04666666666666667 0.05270370370370377
2 0.47333333333333333 0.4338518518518519 0.041666666666666664 0.04259259259259257
2 0.2916666666666667 0.5764814814814815 0.07166666666666667 0.06992592592592586
2 0.5866666666666667 0.4013703703703704 0.03833333333333333 0.037518518518518534
2 0.4166666666666667 0.40759259259259256 0.03666666666666667 0.03914814814814823
2 0.6433333333333333 0.43262962962962964 0.03666666666666667 0.04081481481481471
2 0.5066666666666667 0.38625925925925925 0.03333333333333333 0.03574074074074076
2 0.7066666666666667 0.5157037037037037 0.051666666666666666 0.057814814814814784