2 0.5722222222222222 0.6415432098765432 0.06311111111111112 0.0668271604938271
2 0.3582592592592593 0.45698765432098765 0.04777777777777772 0.05138271604938268
2 0.37829629629629624 0.6840987654320988 0.0716296296296296 0.07540740740740755
2 0.44881481481481483 0.559604938271605 0.06125925925925931 0.05844444444444434
2 0.6955925925925925 0.5719135802469136 0.05788888888888891 0.05667901234567902
2 0.49748148148148147 0.42613580246913574 0.04259259259259257 0.04290123456790127
2 0.4821851851851852 0.4873086419753086 0.05270370370370377 0.04819753086419761
2 0.2805555555555555 0.5579506172839507 0.06792592592592599 0.058641975308642035
2 0.4484444444444444 0.393037037037037 0.03751851851851844 0.03941975308641976
2 0.5548148148148149 0.3828641975308642 0.0375555555555555 0.04108641975308643
2 0.6335555555555555 0.4035185185185185 0.037518518518518625 0.03941975308641976
2 0.6715555555555556 0.464604938271605 0.04433333333333337 0.04628395061728383
2 0.588925925925926 0.49380246913580245 0.04600000000000004 0.046333333333333254