2 0.4079259259259259 0.5869135802469135 0.07441975308641977 0.07387654320987659
2 0.22829629629629627 0.5632469135802469 0.06932098765432101 0.06717283950617287
2 0.5741481481481482 0.615679012345679 0.07111111111111104 0.07551851851851855
2 0.4830864197530864 0.46303703703703697 0.0473333333333333 0.045345679012345576
2 0.3844074074074074 0.48709876543209873 0.054074074074074094 0.050395061728394995
2 0.5518888888888889 0.43086419753086413 0.0473333333333333 0.045345679012345576
2 0.5508271604938272 0.5025308641975308 0.05581481481481489 0.055407407407407544
2 0.4208641975308642 0.3885061728395062 0.04059259259259259 0.040296296296296344
2 0.29345679012345677 0.43944444444444436 0.047358024691358004 0.04701234567901224
2 0.645567901234568 0.4068395061728395 0.04395061728395073 0.041987654320987625
2 0.7031851851851851 0.4547407407407407 0.05240740740740743 0.05038271604938283
2 0.5575308641975308 0.3874938271604938 0.03890123456790131 0.03861728395061732
2 0.6972962962962962 0.5147777777777778 0.05586419753086413 0.058740740740740684