2 0.48679012345679 0.6777037037037038 0.057506172839506084 0.05792592592592579
2 0.5289753086419754 0.41855555555555557 0.04904938271604938 0.049407407407407504
2 0.37755555555555553 0.3985185185185185 0.04571604938271605 0.04933333333333337
2 0.6220864197530864 0.6607037037037037 0.050790123456789994 0.05444444444444438
2 0.40341975308641975 0.5658148148148148 0.05581481481481489 0.05622222222222225
2 0.3732345679012346 0.6901851851851851 0.06253086419753079 0.05970370370370385
2 0.4794567901234567 0.4974814814814816 0.04907407407407391 0.05107407407407398
2 0.505283950617284 0.32966666666666666 0.04569135802469134 0.047666666666666704
2 0.6101111111111112 0.3436666666666666 0.04399999999999996 0.04596296296296297
2 0.6873827160493827 0.41707407407407404 0.04569135802469134 0.04766666666666661
2 0.694358024691358 0.508925925925926 0.04904938271604938 0.04940740740740732
2 0.3212716049382716 0.4839629629629629 0.04904938271604938 0.04940740740740732
2 0.5639135802469135 0.5360370370370371 0.049074074074074096 0.05107407407407398