2 0.42 0.47333333333333333 0.051666666666666666 0.051666666666666666
2 0.6633333333333333 0.49166666666666664 0.05333333333333334 0.051666666666666666
2 0.43833333333333335 0.405 0.03833333333333333 0.04
2 0.4666666666666667 0.6583333333333333 0.08 0.08166666666666667
2 0.5116666666666667 0.4683333333333333 0.04833333333333333 0.04833333333333333
2 0.34 0.435 0.043333333333333335 0.04833333333333333
2 0.5133333333333333 0.5316666666666666 0.058333333333333334 0.05333333333333334
2 0.325 0.605 0.075 0.07
2 0.535 0.425 0.043333333333333335 0.041666666666666664
2 0.635 0.43666666666666665 0.045 0.043333333333333335
2 0.295 0.53 0.056666666666666664 0.058333333333333334
2 0.5016666666666667 0.38666666666666666 0.035 0.03833333333333333
2 0.6233333333333333 0.6133333333333333 0.07166666666666667 0.06833333333333333