2 0.3883333333333333 0.43833333333333335 0.045 0.043333333333333335
2 0.645 0.44333333333333336 0.04 0.04
2 0.44 0.51 0.051666666666666666 0.04833333333333333
2 0.5616666666666666 0.5266666666666666 0.05333333333333334 0.05
2 0.3233333333333333 0.5183333333333333 0.051666666666666666 0.04833333333333333
2 0.6383333333333333 0.6566666666666666 0.06 0.06
2 0.5 0.47333333333333333 0.045 0.045
2 0.5233333333333333 0.6666666666666666 0.06333333333333334 0.06166666666666667
2 0.4116666666666667 0.38 0.04 0.03833333333333333
2 0.7116666666666667 0.54 0.05 0.05333333333333334
2 0.5583333333333333 0.41 0.03833333333333333 0.04
2 0.49333333333333335 0.395 0.03833333333333333 0.03666666666666667
2 0.38333333333333336 0.61 0.055 0.055