2 0.3459259259259259 0.562962962962963 0.05880246913580246 0.06549382716049384
2 0.3915802469135803 0.4762962962962963 0.05037037037037029 0.05185185185185181
2 0.45529629629629637 0.6520370370370371 0.07387654320987659 0.07604938271604945
2 0.2414074074074074 0.4940740740740741 0.055395061728395 0.055370370370370285
2 0.49155555555555547 0.48333333333333334 0.048691358024691454 0.050123456790123554
2 0.5261234567901234 0.542962962962963 0.05372839506172833 0.0553086419753087
2 0.4921851851851852 0.3983333333333333 0.03695061728395065 0.0396913580246914
2 0.35538271604938276 0.41160493827160494 0.04195061728395066 0.03987654320987654
2 0.5816543209876543 0.47333333333333333 0.043654320987654385 0.04493827160493822
2 0.7066296296296296 0.4812962962962963 0.05038271604938283 0.05351851851851848
2 0.7244444444444443 0.5519753086419754 0.062086419753086375 0.05895061728395073
2 0.6622962962962963 0.6146913580246913 0.06212345679012344 0.06395061728395073
2 0.6252962962962964 0.43327160493827155 0.03697530864197537 0.043024691358024635