2 0.5293333333333333 0.5590123456790124 0.05792592592592579 0.05708641975308638
2 0.6595925925925926 0.47329629629629627 0.04937037037037044 0.047024691358024784
2 0.4295555555555556 0.39824691358024694 0.04425925925925924 0.04198765432098772
2 0.41255555555555556 0.48813580246913585 0.052703703703703676 0.0470493827160495
2 0.4994074074074073 0.4804444444444444 0.04940740740740732 0.048691358024691454
2 0.5192592592592592 0.4122469135802469 0.04433333333333337 0.045320987654321056
2 0.3352962962962963 0.6642592592592592 0.06651851851851849 0.06881481481481481
2 0.48051851851851857 0.7303456790123457 0.075111111111111 0.08054320987654326
2 0.5055555555555555 0.3538024691358025 0.03759259259259257 0.0419382716049383
2 0.6295925925925926 0.6230987654320987 0.06640740740740739 0.06381481481481482
2 0.623037037037037 0.3930123456790124 0.040888888888888836 0.040296296296296344
2 0.294 0.5722716049382716 0.06133333333333335 0.06044444444444442
2 0.3118148148148148 0.44571604938271603 0.04937037037037044 0.047024691358024596