2 0.4221728395061728 0.5844197530864198 0.05914814814814813 0.05672839506172844
2 0.6533580246913581 0.43250617283950615 0.04897530864197544 0.044765432098765434
2 0.41858024691358026 0.4544691358024691 0.045666666666666626 0.046333333333333254
2 0.518037037037037 0.41483950617283954 0.045740740740740575 0.05133333333333335
2 0.7076790123456791 0.4975925925925926 0.055765432098765284 0.053296296296296265
2 0.5944444444444444 0.5076172839506173 0.04904938271604938 0.04976543209876543
2 0.5425679012345679 0.6075308641975308 0.0625555555555555 0.061827160493827096
2 0.5957037037037037 0.3675185185185185 0.038876543209876595 0.03780246913580242
2 0.32801234567901233 0.4188024691358025 0.04725925925925926 0.04138271604938268
2 0.3124320987654321 0.49262962962962964 0.05069135802469134 0.04814814814814819
2 0.3956543209876543 0.3701111111111111 0.037259259259259256 0.04108641975308643
2 0.5055432098765432 0.47190123456790123 0.045641975308642106 0.04466666666666659
2 0.4720987654320987 0.3528395061728395 0.03718518518518522 0.036086419753086435
2 0.5224938271604939 0.6031234567901235 0.022333333333333295 0.045641975308642106