2 0.42350617283950615 0.46399999999999997 0.052049382716049405 0.05281481481481478
2 0.6669753086419754 0.4769259259259259 0.053716049382716166 0.052851851851851844
2 0.44133333333333336 0.39525925925925925 0.03862962962962967 0.04085185185185177
2 0.4715432098765432 0.6479629629629631 0.08060493827160485 0.08344444444444435
2 0.5151358024691357 0.456962962962963 0.048691358024691454 0.04940740740740732
2 0.3432222222222222 0.4274444444444444 0.04369135802469136 0.0492962962962963
2 0.5172716049382716 0.5202592592592593 0.05872839506172833 0.054629629629629715
2 0.32948148148148143 0.5977777777777779 0.07551851851851855 0.07166666666666667
2 0.5381481481481482 0.41311111111111115 0.04364197530864203 0.042629629629629635
2 0.6382345679012345 0.4225555555555555 0.04532098765432086 0.04433333333333337
2 0.29892592592592593 0.5234444444444445 0.05709876543209873 0.05959259259259265
2 0.5045308641975309 0.37551851851851853 0.03528395061728399 0.03911111111111116
2 0.6278765432098765 0.5994814814814814 0.07217283950617287 0.06992592592592586