2 0.5416666666666666 0.555 0.056666666666666664 0.056666666666666664
2 0.67 0.4683333333333333 0.04833333333333333 0.04666666666666667
2 0.43833333333333335 0.395 0.043333333333333335 0.041666666666666664
2 0.42333333333333334 0.485 0.051666666666666666 0.04666666666666667
2 0.51 0.4766666666666667 0.04833333333333333 0.04833333333333333
2 0.5283333333333333 0.4083333333333333 0.043333333333333335 0.045
2 0.35 0.6616666666666666 0.065 0.06833333333333333
2 0.49666666666666665 0.7266666666666667 0.07333333333333333 0.08
2 0.5133333333333333 0.35 0.03666666666666667 0.041666666666666664
2 0.6433333333333333 0.6183333333333333 0.065 0.06333333333333334
2 0.6316666666666667 0.3883333333333333 0.04 0.04
2 0.30666666666666664 0.57 0.06 0.06
2 0.32166666666666666 0.44333333333333336 0.04833333333333333 0.04666666666666667