2 0.37309876543209874 0.5924691358024692 0.06083950617283951 0.05888888888888876
2 0.6166172839506172 0.47641975308641976 0.04395061728395073 0.043271604938271556
2 0.40813580246913583 0.4787037037037037 0.04564197530864192 0.045
2 0.6907283950617285 0.5391975308641975 0.05071604938271605 0.050185185185185145
2 0.5069135802469136 0.4523456790123456 0.04395061728395054 0.04327160493827174
2 0.5902098765432099 0.5704938271604938 0.05245679012345666 0.05524691358024692
2 0.5014814814814815 0.5938888888888889 0.055814814814814706 0.057037037037036956
2 0.28082716049382717 0.5173456790123456 0.05071604938271605 0.050185185185185145
2 0.4929135802469136 0.4968518518518518 0.045641975308642106 0.045
2 0.32041975308641973 0.4337654320987654 0.042234567901234546 0.03987654320987644
2 0.5724320987654321 0.41975308641975306 0.03554320987654326 0.037962962962963046
2 0.38412345679012344 0.4111111111111111 0.03554320987654326 0.037962962962962955
2 0.48262962962962963 0.4030864197530864 0.03385185185185188 0.0362345679012346