2 0.6317407407407408 0.5407901234567902 0.06172839506172825 0.06011111111111101
2 0.5264814814814816 0.3840493827160494 0.03961728395061717 0.04446913580246909
2 0.42676543209876544 0.4336296296296297 0.04814814814814819 0.05138271604938268
2 0.4924938271604939 0.463320987654321 0.04986419753086428 0.053098765432098766
2 0.43243209876543215 0.5233827160493828 0.06339506172839492 0.06016049382716043
2 0.5784814814814815 0.4274691358024691 0.048049382716049346 0.048049382716049346
2 0.25035802469135804 0.598716049382716 0.07359259259259261 0.06712345679012344
2 0.6331975308641975 0.37922222222222224 0.04118518518518518 0.04118518518518518
2 0.4101111111111111 0.37750617283950616 0.04118518518518518 0.04118518518518518
2 0.7024444444444445 0.4587654320987654 0.05158024691358037 0.05481481481481486
2 0.43113580246913574 0.6233333333333333 0.07707407407407421 0.07222222222222228
2 0.24650617283950613 0.5039135802469136 0.05991358024691351 0.05506172839506178
2 0.30161728395061727 0.4423333333333333 0.049666666666666685 0.046432098765432105