2 0.3764074074074074 0.4301851851851852 0.04266666666666671 0.045925925925925905
2 0.45818518518518514 0.5084074074074074 0.05618518518518518 0.05455555555555558
2 0.6173703703703703 0.39314814814814814 0.04259259259259257 0.04259259259259257
2 0.6081111111111112 0.5017407407407408 0.051111111111111045 0.05111111111111124
2 0.3137037037037037 0.534962962962963 0.05959259259259265 0.05796296296296305
2 0.5204074074074073 0.4570000000000001 0.04940740740740732 0.04940740740740732
2 0.4708148148148148 0.4014074074074074 0.045925925925925905 0.04266666666666671
2 0.4015185185185185 0.3595925925925926 0.04251851851851844 0.03925925925925924
2 0.5313333333333333 0.3483703703703704 0.03925925925925924 0.04251851851851844
2 0.7127407407407408 0.6328148148148148 0.06314814814814819 0.06803703703703717
2 0.5754444444444444 0.6825555555555555 0.07007407407407414 0.07985185185185173
2 0.4446296296296296 0.6487777777777778 0.07481481481481486 0.06829629629629627
2 0.7147407407407407 0.4977037037037037 0.056111111111111237 0.051222222222222245