2 0.5983333333333334 0.5633333333333334 0.055 0.055
2 0.3416666666666667 0.4583333333333333 0.041666666666666664 0.041666666666666664
2 0.5666666666666667 0.4666666666666667 0.04666666666666667 0.04666666666666667
2 0.47833333333333333 0.42 0.04 0.04
2 0.5416666666666666 0.665 0.06333333333333334 0.06833333333333333
2 0.67 0.49166666666666664 0.04666666666666667 0.04833333333333333
2 0.44 0.585 0.058333333333333334 0.056666666666666664
2 0.495 0.47833333333333333 0.043333333333333335 0.04666666666666667
2 0.38166666666666665 0.53 0.05 0.05
2 0.38666666666666666 0.38333333333333336 0.04 0.03833333333333333
2 0.48833333333333334 0.35333333333333333 0.035 0.035
2 0.555 0.36666666666666664 0.03666666666666667 0.03833333333333333
2 0.63 0.41333333333333333 0.03833333333333333 0.041666666666666664