2 0.37833333333333335 0.5216666666666666 0.051666666666666666 0.05333333333333334
2 0.4533333333333333 0.6 0.06166666666666667 0.065
2 0.58 0.46166666666666667 0.045 0.045
2 0.305 0.48 0.04833333333333333 0.045
2 0.5116666666666667 0.5183333333333333 0.04666666666666667 0.05333333333333334
2 0.525 0.4 0.03333333333333333 0.03666666666666667
2 0.7116666666666667 0.47333333333333333 0.051666666666666666 0.04666666666666667
2 0.39166666666666666 0.44166666666666665 0.041666666666666664 0.04
2 0.705 0.525 0.051666666666666666 0.051666666666666666
2 0.45 0.4166666666666667 0.03666666666666667 0.03833333333333333
2 0.6083333333333333 0.5883333333333334 0.06 0.06166666666666667
2 0.635 0.41333333333333333 0.03666666666666667 0.03666666666666667
2 0.495 0.4683333333333333 0.043333333333333335 0.045