2 0.3520617283950618 0.46644444444444444 0.050765432098765474 0.05314814814814819
2 0.6121358024691358 0.4637407407407407 0.05235802469135801 0.04819753086419761
2 0.3522469135802469 0.5914938271604939 0.0642716049382716 0.06520987654320985
2 0.5624197530864198 0.37183950617283956 0.04225925925925935 0.0412345679012346
2 0.48285185185185187 0.5159259259259259 0.052506172839506086 0.058197530864197614
2 0.5102469135802469 0.45175308641975315 0.04569135802469134 0.047999999999999925
2 0.4329876543209877 0.41402469135802467 0.04228395061728387 0.04290123456790127
2 0.4587654320987654 0.3532345679012346 0.03728395061728406 0.042753086419753096
2 0.7582962962962962 0.5377777777777778 0.0725555555555555 0.06212345679012344
2 0.3343086419753087 0.393604938271605 0.04225925925925926 0.0412345679012346
2 0.5531358024691359 0.6455679012345679 0.06606172839506182 0.07359259259259261
2 0.6845061728395062 0.6216666666666667 0.07772839506172848 0.07393827160493818
2 0.6917407407407408 0.43470370370370365 0.05233333333333348 0.04653086419753095