2 0.421037037037037 0.59 0.07387654320987659 0.07333333333333333
2 0.24085185185185187 0.565 0.06882716049382717 0.06666666666666667
2 0.587925925925926 0.62 0.07055555555555543 0.075
2 0.4934567901234568 0.4666666666666667 0.047000000000000076 0.045
2 0.3952962962962963 0.49 0.05370370370370371 0.05
2 0.5615555555555556 0.435 0.047000000000000076 0.045
2 0.5620864197530864 0.5066666666666667 0.055407407407407544 0.055
2 0.42956790123456795 0.39166666666666666 0.04029629629629616 0.04
2 0.3032716049382716 0.44166666666666665 0.047012345679012336 0.04666666666666667
2 0.654716049382716 0.4116666666666667 0.04364197530864203 0.041666666666666664
2 0.7134074074074075 0.46 0.05203703703703695 0.05
2 0.5662345679012346 0.39166666666666666 0.03861728395061732 0.03833333333333333
2 0.7088518518518518 0.52 0.05543209876543225 0.058333333333333334