3 0.4840740740740741 0.4561728395061728 0.04685185185185181 0.05133333333333326
3 0.40240740740740744 0.5036419753086421 0.053765432098765394 0.058197530864197614
3 0.6075308641975309 0.41080246913580243 0.043395061728395114 0.04790123456790127
3 0.6422839506172839 0.4931975308641976 0.05524691358024692 0.05324691358024703
3 0.4397530864197531 0.4307901234567902 0.045 0.04628395061728383
3 0.4241358024691358 0.549716049382716 0.06191358024691359 0.05344444444444434
3 0.6619753086419754 0.4392222222222223 0.05006172839506159 0.04809876543209877
3 0.4924691358024692 0.5927407407407408 0.062469135802469204 0.06844444444444453
3 0.5500617283950617 0.4358641975308642 0.04351851851851848 0.0512345679012346
3 0.5354320987654321 0.491358024691358 0.05172839506172826 0.04814814814814819
3 0.625 0.5671234567901234 0.05901234567901232 0.06501234567901236
3 0.5553086419753087 0.3973333333333333 0.038271604938271746 0.044419753086419766
3 0.4804938271604938 0.40455555555555556 0.044814814814814856 0.04128395061728402