3 0.5060740740740741 0.48366666666666663 0.04788888888888891 0.05638271604938268
3 0.6084814814814814 0.5139876543209876 0.05133333333333326 0.061481481481481526
3 0.3948888888888889 0.4335925925925926 0.04440740740740741 0.049617283950617166
3 0.4738518518518519 0.5346543209876543 0.05796296296296305 0.060012345679012355
3 0.384037037037037 0.47060493827160493 0.05440740740740741 0.04991358024691351
3 0.5008888888888888 0.40043209876543207 0.03925925925925943 0.04280246913580243
3 0.6492962962962963 0.47441975308641976 0.05444444444444438 0.05158024691358018
3 0.6451111111111111 0.4361851851851852 0.04611111111111105 0.05133333333333326
3 0.5808888888888888 0.3980617283950617 0.034296296296296304 0.04432098765432101
3 0.44711111111111107 0.45706172839506165 0.051148148148148116 0.05314814814814819
3 0.42592592592592593 0.404320987654321 0.0392962962962963 0.04446913580246909
3 0.41844444444444445 0.5179506172839506 0.06111111111111105 0.05177777777777768
3 0.5368148148148149 0.44106172839506175 0.044296296296296306 0.044617283950617356