3 0.4177283950617284 0.6191358024691359 0.055790123456790186 0.055370370370370285
3 0.5225679012345679 0.5212962962962963 0.04728395061728406 0.043395061728395114
3 0.3951728395061728 0.4532098765432099 0.04069135802469134 0.04814814814814819
3 0.3551111111111111 0.5684567901234568 0.05230864197530859 0.04524691358024692
3 0.6032345679012345 0.4792592592592592 0.04723456790123464 0.040061728395061585
3 0.5717283950617285 0.5798148148148149 0.04907407407407391 0.051790123456790224
3 0.5293456790123457 0.4014814814814815 0.042283950617284065 0.043209876543209874
3 0.4405061728395062 0.5449382716049382 0.05397530864197525 0.0453086419753087
3 0.5788765432098766 0.435 0.045740740740740575 0.051666666666666666
3 0.33256790123456786 0.5142592592592592 0.05066666666666663 0.04685185185185181
3 0.48161728395061726 0.47141975308641976 0.04071604938271605 0.04981481481481486
3 0.517679012345679 0.6261728395061729 0.05074074074074057 0.05185185185185181
3 0.4342716049382716 0.40296296296296297 0.03902469135802467 0.04808641975308641