3 0.4753703703703704 0.522753086419753 0.04937037037037044 0.04809876543209877
3 0.5129259259259259 0.4087901234567901 0.03762962962962964 0.04441975308641986
3 0.5619999999999999 0.602037037037037 0.056148148148148114 0.053296296296296265
3 0.43237037037037035 0.5815185185185185 0.05281481481481478 0.05319753086419761
3 0.39751851851851855 0.423716049382716 0.04425925925925924 0.042950617283950596
3 0.6164814814814815 0.5519506172839507 0.0527777777777779 0.051530864197530946
3 0.6328148148148148 0.4923950617283951 0.046111111111111235 0.05133333333333326
3 0.3563703703703704 0.47419753086419747 0.04433333333333337 0.04628395061728383
3 0.42300000000000004 0.4778395061728395 0.04944444444444438 0.0514320987654321
3 0.3547777777777778 0.5458641975308641 0.05429629629629631 0.0449135802469137
3 0.5332962962962963 0.46776543209876537 0.04440740740740731 0.049617283950617166
3 0.5705925925925925 0.44051851851851853 0.04425925925925924 0.042950617283950505
3 0.4432592592592593 0.39171604938271604 0.035962962962962974 0.044370370370370345