3 0.36548148148148146 0.5355308641975309 0.0508148148148148 0.05574074074074057
3 0.518037037037037 0.4777777777777777 0.04576543209876528 0.05233333333333348
3 0.40596296296296297 0.6161481481481481 0.06258024691358022 0.06258024691358022
3 0.502679012345679 0.6142469135802469 0.059296296296296305 0.06586419753086413
3 0.5816296296296296 0.5737407407407407 0.05417283950617275 0.05745679012345666
3 0.40544444444444444 0.42609876543209874 0.03902469135802467 0.04723456790123454
3 0.4556419753086419 0.4135061728395062 0.040617283950617394 0.04225925925925926
3 0.5814444444444444 0.473716049382716 0.044049382716049384 0.04897530864197544
3 0.5122098765432099 0.42101234567901236 0.03900000000000015 0.04556790123456788
3 0.44634567901234573 0.47838271604938276 0.049024691358024675 0.04738271604938272
3 0.5071234567901235 0.5392962962962963 0.054148148148148036 0.055790123456790186
3 0.6125925925925926 0.5091851851851852 0.05066666666666663 0.04574074074074076
3 0.347962962962963 0.4802592592592593 0.04574074074074076 0.05066666666666663