3 0.465 0.47833333333333333 0.04666666666666667 0.04833333333333333
3 0.6233333333333333 0.5283333333333333 0.051666666666666666 0.045
3 0.41833333333333333 0.43833333333333335 0.043333333333333335 0.043333333333333335
3 0.4116666666666667 0.5916666666666667 0.058333333333333334 0.04666666666666667
3 0.5933333333333334 0.415 0.041666666666666664 0.04833333333333333
3 0.38666666666666666 0.5383333333333333 0.05 0.05
3 0.5416666666666666 0.39666666666666667 0.03833333333333333 0.045
3 0.5183333333333333 0.5233333333333333 0.05 0.04
3 0.645 0.45666666666666667 0.04666666666666667 0.043333333333333335
3 0.5333333333333333 0.4483333333333333 0.043333333333333335 0.04833333333333333
3 0.4633333333333333 0.405 0.045 0.041666666666666664
3 0.6016666666666667 0.6133333333333333 0.05333333333333334 0.055
3 0.47833333333333333 0.6466666666666666 0.056666666666666664 0.055