3 0.4508148148148148 0.5519259259259259 0.06314814814814819 0.068037037037037
3 0.38185185185185183 0.5251111111111111 0.06118518518518518 0.05466666666666659
3 0.6031851851851853 0.5051851851851852 0.05129629629629638 0.05944444444444457
3 0.553962962962963 0.5412962962962963 0.05640740740740739 0.06455555555555557
3 0.3510740740740741 0.49077777777777776 0.05448148148148145 0.052851851851851844
3 0.5457037037037037 0.4697777777777778 0.04611111111111105 0.05100000000000004
3 0.4083703703703704 0.4428148148148148 0.04111111111111105 0.05088888888888884
3 0.5761481481481481 0.4140740740740741 0.03933333333333318 0.04585185185185177
3 0.46796296296296297 0.4981851851851852 0.05444444444444438 0.05118518518518518
3 0.6133333333333333 0.43659259259259264 0.04433333333333337 0.04596296296296297
3 0.49344444444444446 0.44425925925925924 0.04111111111111105 0.05088888888888884
3 0.4392962962962963 0.40877777777777774 0.0359259259259259 0.04244444444444449
3 0.5274444444444445 0.3984814814814815 0.037518518518518625 0.03914814814814823