3 0.42833333333333334 0.3933333333333333 0.041666666666666664 0.04
3 0.35333333333333333 0.49333333333333335 0.05 0.04833333333333333
3 0.625 0.45 0.045 0.04
3 0.5083333333333333 0.5233333333333333 0.05 0.05
3 0.6366666666666667 0.52 0.045 0.04666666666666667
3 0.5366666666666666 0.58 0.05333333333333334 0.051666666666666666
3 0.37833333333333335 0.5616666666666666 0.05333333333333334 0.051666666666666666
3 0.5766666666666667 0.40166666666666667 0.041666666666666664 0.04666666666666667
3 0.42333333333333334 0.5133333333333333 0.04833333333333333 0.045
3 0.355 0.4216666666666667 0.045 0.03833333333333333
3 0.505 0.39666666666666667 0.04 0.04833333333333333
3 0.5016666666666667 0.43333333333333335 0.045 0.04
3 0.455 0.6216666666666667 0.051666666666666666 0.055