3 0.3491975308641976 0.5644074074074074 0.05870370370370362 0.05541975308641971
3 0.5158024691358024 0.47728395061728385 0.048518518518518475 0.05034567901234557
3 0.5087037037037038 0.6239382716049383 0.06055555555555562 0.06043209876543206
3 0.39635802469135795 0.6414444444444445 0.06382716049382718 0.058790123456790105
3 0.42820987654320986 0.4116172839506173 0.044876543209876635 0.041987654320987625
3 0.49672839506172833 0.40712345679012346 0.04141975308641974 0.03862962962962967
3 0.5633333333333334 0.4542962962962963 0.04820987654320978 0.04201234567901224
3 0.5840123456790123 0.5711481481481481 0.06006172839506159 0.04709876543209892
3 0.3738271604938272 0.4395555555555556 0.04512345679012346 0.048654320987654195
3 0.43086419753086413 0.47498765432098766 0.04845679012345689 0.04867901234567891
3 0.5151234567901235 0.5406296296296296 0.05197530864197537 0.05370370370370362
3 0.3334567901234568 0.4942716049382716 0.05179012345679013 0.04870370370370362
3 0.6248148148148148 0.5047654320987655 0.04679012345679022 0.04866666666666674