3 0.44290123456790126 0.39967901234567904 0.04314814814814819 0.04061728395061721
3 0.37160493827160496 0.4985679012345679 0.05179012345679013 0.049074074074074096
3 0.6416666666666667 0.45925925925925926 0.046481481481481526 0.04066666666666663
3 0.527716049382716 0.5308641975308642 0.05185185185185181 0.05074074074074076
3 0.6559259259259259 0.5294320987654321 0.04672839506172825 0.0473333333333333
3 0.5581481481481482 0.5879506172839507 0.05524691358024692 0.05245679012345666
3 0.39913580246913577 0.5672716049382717 0.05524691358024692 0.05245679012345685
3 0.5915432098765432 0.4102098765432099 0.043395061728395114 0.047283950617283965
3 0.44234567901234567 0.5196049382716049 0.05 0.04571604938271605
3 0.3706172839506173 0.42692592592592593 0.04641975308641975 0.038999999999999965
3 0.5196913580246914 0.40414814814814815 0.04179012345679022 0.04892592592592602
3 0.517716049382716 0.44076543209876545 0.046481481481481526 0.04066666666666663
3 0.4780246913580246 0.6284074074074074 0.05370370370370362 0.055765432098765284