3 0.5216666666666666 0.4683333333333333 0.043333333333333335 0.051666666666666666
3 0.3516666666666667 0.5433333333333333 0.05333333333333334 0.056666666666666664
3 0.3883333333333333 0.6233333333333333 0.055 0.06166666666666667
3 0.49 0.64 0.06 0.06166666666666667
3 0.58 0.6083333333333333 0.056666666666666664 0.058333333333333334
3 0.545 0.4116666666666667 0.041666666666666664 0.045
3 0.595 0.465 0.04666666666666667 0.04666666666666667
3 0.44166666666666665 0.4683333333333333 0.045 0.05
3 0.4683333333333333 0.4 0.04 0.04666666666666667
3 0.6383333333333333 0.5333333333333333 0.04833333333333333 0.055
3 0.4033333333333333 0.41833333333333333 0.041666666666666664 0.04833333333333333
3 0.365 0.4716666666666667 0.045 0.04833333333333333
3 0.5033333333333333 0.5383333333333333 0.05 0.05