3 0.485 0.37666666666666665 0.043333333333333335 0.045
3 0.37833333333333335 0.43333333333333335 0.043333333333333335 0.043333333333333335
3 0.6333333333333333 0.505 0.05 0.043333333333333335
3 0.5 0.5266666666666666 0.043333333333333335 0.04833333333333333
3 0.6083333333333333 0.5683333333333334 0.051666666666666666 0.04833333333333333
3 0.4816666666666667 0.5866666666666667 0.05333333333333334 0.05333333333333334
3 0.35833333333333334 0.5016666666666667 0.05 0.043333333333333335
3 0.5333333333333333 0.4666666666666667 0.043333333333333335 0.045
3 0.625 0.44333333333333336 0.045 0.04833333333333333
3 0.57 0.385 0.04 0.043333333333333335
3 0.395 0.5816666666666667 0.055 0.05
3 0.4216666666666667 0.48833333333333334 0.05 0.04666666666666667
3 0.4033333333333333 0.37666666666666665 0.041666666666666664 0.045