3 0.5183333333333333 0.465 0.041666666666666664 0.04833333333333333
3 0.395 0.555 0.055 0.04833333333333333
3 0.5483333333333333 0.6066666666666667 0.055 0.06
3 0.4633333333333333 0.63 0.06333333333333334 0.056666666666666664
3 0.6133333333333333 0.5533333333333333 0.051666666666666666 0.056666666666666664
3 0.43666666666666665 0.41 0.041666666666666664 0.041666666666666664
3 0.49 0.41 0.03833333333333333 0.045
3 0.385 0.43333333333333335 0.041666666666666664 0.05
3 0.58 0.4483333333333333 0.045 0.045
3 0.45666666666666667 0.4816666666666667 0.051666666666666666 0.045
3 0.53 0.53 0.051666666666666666 0.051666666666666666
3 0.6216666666666667 0.48333333333333334 0.045 0.04666666666666667
3 0.35 0.505 0.043333333333333335 0.05333333333333334