3 0.5355555555555557 0.47267901234567905 0.043456790123456886 0.04895061728395073
3 0.41555555555555557 0.5608518518518518 0.056790123456790124 0.04914814814814804
3 0.5708024691358026 0.6147901234567902 0.0572222222222221 0.060814814814814704
3 0.4866666666666667 0.6368641975308642 0.06543209876543206 0.05760493827160493
3 0.6338271604938271 0.5624197530864198 0.053765432098765394 0.05743209876543195
3 0.4518518518518518 0.41646913580246914 0.04320987654320978 0.04228395061728397
3 0.5051851851851852 0.4172592592592593 0.04 0.04556790123456798
3 0.40104938271604934 0.439037037037037 0.04351851851851848 0.05061728395061721
3 0.596604938271605 0.45692592592592596 0.04666666666666667 0.045666666666666626
3 0.47450617283950614 0.4884320987654321 0.05333333333333334 0.04576543209876547
3 0.5496296296296296 0.5378518518518518 0.05358024691358025 0.05243209876543214
3 0.639567901234568 0.49254320987654315 0.04672839506172825 0.047333333333333484
3 0.3687037037037037 0.5101851851851852 0.0453086419753087 0.05397530864197544