3 0.505 0.5183333333333333 0.043333333333333335 0.04833333333333333
3 0.54 0.38333333333333336 0.03833333333333333 0.043333333333333335
3 0.6333333333333333 0.5433333333333333 0.05 0.05
3 0.555 0.5983333333333334 0.051666666666666666 0.056666666666666664
3 0.4083333333333333 0.4083333333333333 0.03833333333333333 0.045
3 0.43833333333333335 0.58 0.05333333333333334 0.05333333333333334
3 0.6466666666666666 0.475 0.04666666666666667 0.04833333333333333
3 0.5466666666666666 0.4666666666666667 0.043333333333333335 0.04833333333333333
3 0.37333333333333335 0.46 0.043333333333333335 0.04666666666666667
3 0.445 0.46166666666666667 0.04666666666666667 0.04666666666666667
3 0.36666666666666664 0.5433333333333333 0.04666666666666667 0.05
3 0.5866666666666667 0.425 0.04 0.04833333333333333
3 0.47 0.375 0.03333333333333333 0.043333333333333335