3 0.5366666666666666 0.47833333333333333 0.04666666666666667 0.04666666666666667
3 0.35 0.47 0.04833333333333333 0.04666666666666667
3 0.39666666666666667 0.6016666666666667 0.06 0.05333333333333334
3 0.5333333333333333 0.3983333333333333 0.04 0.041666666666666664
3 0.6033333333333334 0.51 0.04833333333333333 0.05333333333333334
3 0.49333333333333335 0.6183333333333333 0.06166666666666667 0.056666666666666664
3 0.33 0.5433333333333333 0.055 0.05
3 0.6 0.43666666666666665 0.041666666666666664 0.045
3 0.465 0.39166666666666666 0.041666666666666664 0.041666666666666664
3 0.4716666666666667 0.5333333333333333 0.05333333333333334 0.056666666666666664
3 0.4683333333333333 0.45166666666666666 0.045 0.05
3 0.4083333333333333 0.4266666666666667 0.04 0.04833333333333333
3 0.6033333333333334 0.5883333333333334 0.051666666666666666 0.05333333333333334