3 0.483037037037037 0.445283950617284 0.04309876543209877 0.049567901234567745
3 0.3486666666666666 0.48423456790123454 0.04819753086419761 0.053049382716049344
3 0.5253580246913581 0.5905679012345679 0.05667901234567902 0.05829629629629627
3 0.6349382716049382 0.4890740740740741 0.04638271604938268 0.047999999999999925
3 0.3901481481481482 0.43304938271604937 0.04638271604938268 0.047999999999999925
3 0.4910864197530864 0.39841975308641975 0.04138271604938268 0.04785185185185185
3 0.337037037037037 0.5395308641975308 0.05461728395061726 0.04491358024691351
3 0.5572962962962963 0.4680617283950617 0.046432098765432105 0.04966666666666659
3 0.624432098765432 0.5626543209876543 0.056580246913580365 0.054962962962962936
3 0.5981358024691358 0.43854320987654316 0.04471604938271601 0.04795061728395069
3 0.45954320987654323 0.5075925925925926 0.049913580246913704 0.054765432098765436
3 0.4164814814814815 0.612111111111111 0.05829629629629627 0.05667901234567902
3 0.534320987654321 0.4004691358024691 0.04138271604938268 0.04785185185185185