3 0.5095432098765432 0.5268765432098765 0.04870370370370362 0.0514320987654321
3 0.4019382716049383 0.42533333333333334 0.04361728395061732 0.03961728395061736
3 0.3428024691358025 0.5319382716049383 0.05037037037037038 0.051481481481481524
3 0.6313827160493827 0.5071481481481481 0.047024691358024784 0.04971604938271601
3 0.6034814814814814 0.4479753086419753 0.04034567901234558 0.04785185185185185
3 0.392358024691358 0.5934197530864197 0.04872839506172833 0.054765432098765436
3 0.5641481481481482 0.5818395061728394 0.0470493827160495 0.053049382716049344
3 0.5437530864197531 0.4095308641975309 0.038666666666666745 0.04613580246913576
3 0.5050246913580247 0.46172839506172847 0.04529629629629634 0.04133333333333326
3 0.4294567901234567 0.5361728395061728 0.05364197530864203 0.043246913580247036
3 0.3332839506172839 0.46664197530864193 0.04697530864197536 0.04304938271604935
3 0.4721358024691358 0.4007407407407408 0.04034567901234558 0.04785185185185185
3 0.48371604938271606 0.6378024691358024 0.05708641975308638 0.0583456790123455