3 0.6075925925925926 0.4080864197530864 0.045123456790123556 0.049938271604938224
3 0.49351851851851847 0.48240740740740745 0.05006172839506159 0.04845679012345689
3 0.5120370370370371 0.5768518518518518 0.058580246913580256 0.05376543209876559
3 0.4943827160493827 0.3705555555555556 0.04314814814814819 0.041543209876543204
3 0.5874074074074074 0.5840740740740741 0.055432098765432064 0.058641975308642035
3 0.42419753086419754 0.5033333333333333 0.050185185185185145 0.051790123456790224
3 0.4387654320987654 0.40098765432098765 0.043395061728395114 0.04820987654320987
3 0.5615432098765432 0.4715432098765432 0.04691358024691359 0.05333333333333334
3 0.6543827160493827 0.5448765432098766 0.055 0.04697530864197536
3 0.4962345679012346 0.4205555555555555 0.04827160493827175 0.04506172839506178
3 0.5591975308641975 0.36314814814814816 0.03660493827160489 0.044629629629629616
3 0.4058024691358025 0.45728395061728394 0.04851851851851857 0.051728395061728445
3 0.6627777777777777 0.456111111111111 0.048395061728394924 0.048395061728394924