3 0.5083333333333333 0.510432098765432 0.04833333333333333 0.05369135802469145
3 0.5833333333333334 0.569320987654321 0.055 0.05874074074074088
3 0.6333333333333333 0.5063580246913579 0.04833333333333333 0.05369135802469145
3 0.5033333333333333 0.39706172839506176 0.03666666666666667 0.0419382716049383
3 0.38333333333333336 0.4378395061728395 0.041666666666666664 0.04864197530864203
3 0.4716666666666667 0.5734938271604938 0.058333333333333334 0.05376543209876559
3 0.3616666666666667 0.4893456790123457 0.04666666666666667 0.052012345679012244
3 0.6233333333333333 0.45128395061728405 0.043333333333333335 0.048654320987654195
3 0.38166666666666665 0.5644938271604938 0.05333333333333334 0.05872839506172833
3 0.43333333333333335 0.39987654320987653 0.03833333333333333 0.04361728395061732
3 0.43833333333333335 0.4699135802469135 0.04666666666666667 0.045345679012345576
3 0.535 0.46062962962962956 0.043333333333333335 0.04698765432098753
3 0.56 0.41914814814814816 0.03666666666666667 0.0419382716049383