3 0.5479259259259259 0.6079259259259259 0.05372839506172833 0.054518518518518515
3 0.4984444444444444 0.45399999999999996 0.043654320987654385 0.044296296296296306
3 0.3654197530864198 0.4986296296296297 0.048679012345679 0.047740740740740646
3 0.5063456790123456 0.3954814814814815 0.04200000000000008 0.045925925925925905
3 0.6538024691358024 0.49888888888888894 0.045333333333333406 0.04599999999999985
3 0.40330864197530863 0.4377777777777777 0.04698765432098772 0.044370370370370435
3 0.6460617283950617 0.5790740740740741 0.053740740740740686 0.05618518518518518
3 0.3658395061728395 0.5552962962962963 0.053679012345679004 0.047851851851852034
3 0.5752962962962963 0.47729629629629633 0.045345679012345576 0.047666666666666704
3 0.6150246913580247 0.4397407407407407 0.04532098765432086 0.04433333333333337
3 0.47896296296296287 0.5244444444444444 0.04867901234567891 0.047740740740740646
3 0.5496913580246913 0.3961851851851852 0.04366666666666674 0.04596296296296297
3 0.4497407407407407 0.6301111111111111 0.05540740740740735 0.05622222222222225