3 0.46285185185185185 0.457641975308642 0.04611111111111105 0.05133333333333326
3 0.5925925925925926 0.5404074074074073 0.05111111111111124 0.051481481481481524
3 0.4338518518518519 0.4135308641975309 0.046037037037037105 0.04800000000000002
3 0.3640740740740741 0.5555061728395062 0.05107407407407408 0.04981481481481486
3 0.6101851851851852 0.42329629629629634 0.04607407407407398 0.049666666666666685
3 0.37040740740740746 0.49535802469135803 0.04781481481481478 0.053049382716049344
3 0.5592962962962963 0.38982716049382715 0.04259259259259257 0.04290123456790127
3 0.48996296296296293 0.5118024691358025 0.04933333333333318 0.046432098765432105
3 0.6423333333333333 0.47564197530864194 0.046037037037037105 0.047999999999999925
3 0.5398148148148149 0.44203703703703706 0.04444444444444457 0.051283950617284024
3 0.4194074074074074 0.6138271604938271 0.054592592592592644 0.058246913580247035
3 0.5443703703703704 0.6117901234567902 0.05455555555555558 0.05658024691358018
3 0.4794444444444444 0.38553086419753085 0.04422222222222217 0.04128395061728393