3 0.4509012345679012 0.5782839506172839 0.05882716049382718 0.0675308641975308
3 0.5385061728395061 0.48125925925925933 0.04706172839506166 0.05402469135802486
3 0.5341604938271605 0.5695185185185185 0.0654197530864197 0.057629629629629635
3 0.3752592592592593 0.4905061728395062 0.050395061728394995 0.054074074074074094
3 0.5631851851851852 0.43829629629629624 0.037000000000000074 0.04554320987654326
3 0.5064197530864197 0.4241234567901234 0.0353086419753087 0.04218518518518522
3 0.36576543209876544 0.5586913580246914 0.06048148148148148 0.06588888888888884
3 0.6019135802469135 0.4921975308641976 0.04538271604938264 0.05233333333333348
3 0.4614074074074074 0.4217901234567901 0.03864197530864203 0.04223456790123464
3 0.4634074074074075 0.46681481481481474 0.04369135802469146 0.04897530864197544
3 0.49717283950617286 0.5256419753086419 0.05209876543209873 0.05909876543209862
3 0.6021975308641976 0.5305308641975309 0.05706172839506166 0.05417283950617275
3 0.37993827160493826 0.4472469135802469 0.04364197530864194 0.042308641975308585