3 0.5295802469135803 0.47038271604938275 0.0473580246913582 0.047358024691358004
3 0.34303703703703703 0.46481481481481485 0.049024691358024675 0.04738271604938272
3 0.3877530864197531 0.5957901234567902 0.060790123456790184 0.05422222222222217
3 0.5274320987654322 0.3904320987654321 0.040617283950617394 0.04225925925925926
3 0.5957777777777779 0.5010617283950617 0.04912345679012333 0.054049382716049386
3 0.48417283950617274 0.6110246913580247 0.06250617283950609 0.05758024691358021
3 0.3219506172839506 0.5384444444444444 0.055740740740740764 0.050814814814814896
3 0.5935308641975309 0.4277777777777778 0.04233333333333349 0.045617283950617205
3 0.45919753086419746 0.3847777777777778 0.042283950617284065 0.04228395061728397
3 0.4637654320987654 0.5263456790123456 0.05417283950617275 0.05745679012345666
3 0.461641975308642 0.44472839506172834 0.04574074074074076 0.05066666666666663
3 0.40201234567901234 0.4206172839506173 0.04071604938271605 0.04892592592592583
3 0.5946172839506173 0.579395061728395 0.05245679012345666 0.05409876543209881