3 0.4140740740740741 0.5904938271604938 0.062086419753086375 0.05895061728395073
3 0.6395308641975309 0.5371604938271605 0.04874074074074069 0.05679012345679022
3 0.5957530864197531 0.5955555555555555 0.05881481481481482 0.06716049382716051
3 0.5132222222222221 0.48413580246913585 0.042024691358024786 0.049876543209876445
3 0.4017777777777778 0.45 0.0453086419753087 0.043333333333333335
3 0.3577530864197531 0.5417283950617284 0.05044444444444442 0.06185185185185181
3 0.559604938271605 0.5241975308641975 0.055370370370370285 0.05203703703703695
3 0.5534320987654322 0.4572839506172839 0.04198765432098753 0.04487654320987645
3 0.6199259259259259 0.4830864197530864 0.04537037037037028 0.051666666666666666
3 0.3531728395061728 0.4848765432098766 0.048716049382715974 0.05345679012345689
3 0.4414444444444445 0.4964814814814815 0.05033333333333322 0.04685185185185181
3 0.4652345679012346 0.43567901234567896 0.03864197530864203 0.043086419753086413
3 0.5270617283950617 0.6413580246913579 0.07208641975308637 0.05932098765432101