3 0.6111728395061728 0.4481481481481482 0.04466666666666659 0.04628395061728383
3 0.45038271604938274 0.47955555555555557 0.04951851851851852 0.0414320987654321
3 0.3841111111111111 0.4681975308641975 0.05118518518518518 0.04148148148148152
3 0.518641975308642 0.36762962962962964 0.041283950617283835 0.04451851851851851
3 0.4093333333333333 0.572358024691358 0.05481481481481476 0.05158024691358037
3 0.5882962962962963 0.37722222222222224 0.04451851851851851 0.04128395061728393
3 0.48304938271604936 0.6134691358024692 0.05167901234567902 0.05814814814814819
3 0.5281234567901235 0.49723456790123466 0.04638271604938268 0.047999999999999925
3 0.4633950617283951 0.3775925925925926 0.044765432098765434 0.04961728395061736
3 0.4888271604938272 0.41846913580246914 0.04790123456790127 0.04304938271604935
3 0.6254197530864197 0.529320987654321 0.04976543209876543 0.04976543209876543
3 0.4020617283950617 0.42437037037037034 0.044765432098765434 0.04961728395061736
3 0.549716049382716 0.6114938271604938 0.05501234567901236 0.058246913580247035