3 0.5083333333333333 0.5066666666666667 0.04833333333333333 0.05333333333333334
3 0.5833333333333334 0.565 0.055 0.058333333333333334
3 0.6333333333333333 0.5016666666666667 0.04833333333333333 0.05333333333333334
3 0.5033333333333333 0.3933333333333333 0.03666666666666667 0.041666666666666664
3 0.38333333333333336 0.435 0.041666666666666664 0.04833333333333333
3 0.4716666666666667 0.57 0.058333333333333334 0.05333333333333334
3 0.3616666666666667 0.4866666666666667 0.04666666666666667 0.051666666666666666
3 0.6233333333333333 0.44666666666666666 0.043333333333333335 0.04833333333333333
3 0.38166666666666665 0.5616666666666666 0.05333333333333334 0.058333333333333334
3 0.43333333333333335 0.39666666666666667 0.03833333333333333 0.043333333333333335
3 0.43833333333333335 0.4666666666666667 0.04666666666666667 0.045
3 0.535 0.45666666666666667 0.043333333333333335 0.04666666666666667
3 0.56 0.415 0.03666666666666667 0.041666666666666664