3 0.361679012345679 0.5671481481481482 0.05748148148148147 0.055839506172839413
3 0.526320987654321 0.4812345679012346 0.047407407407407426 0.05069135802469134
3 0.5224814814814814 0.6278765432098765 0.05922222222222217 0.060864197530864125
3 0.4105432098765432 0.6445555555555555 0.06253086419753089 0.059246913580246884
3 0.437283950617284 0.41490123456790123 0.04395061728395054 0.042308641975308585
3 0.5056913580246913 0.4109135802469136 0.04056790123456797 0.038925925925925926
3 0.5733333333333334 0.4585925925925926 0.047283950617283875 0.04235802469135801
3 0.5966049382716049 0.5756296296296296 0.059024691358024864 0.047530864197530796
3 0.38353086419753085 0.4424444444444445 0.044049382716049384 0.04897530864197544
3 0.4413456790123457 0.47830864197530865 0.04738271604938272 0.049024691358024675
3 0.5270493827160493 0.5445925925925926 0.050790123456789994 0.054074074074073906
3 0.3443827160493827 0.4968765432098765 0.05071604938271605 0.049074074074074096
3 0.6359259259259259 0.5095308641975309 0.04571604938271605 0.04899999999999996