3 0.37166666666666665 0.5921728395061728 0.058333333333333334 0.05753086419753079
3 0.51 0.47088888888888886 0.045 0.05066666666666682
3 0.5483333333333333 0.6397901234567901 0.058333333333333334 0.06253086419753079
3 0.5816666666666667 0.44695061728395064 0.04666666666666667 0.04069135802469134
3 0.5066666666666667 0.4125061728395062 0.04 0.0455925925925925
3 0.4266666666666667 0.4196543209876543 0.041666666666666664 0.04895061728395054
3 0.37 0.45381481481481484 0.045 0.05066666666666663
3 0.445 0.6599259259259259 0.06166666666666667 0.06424691358024688
3 0.615 0.5824444444444445 0.051666666666666666 0.05743209876543195
3 0.43666666666666665 0.4898024691358025 0.04833333333333333 0.04738271604938272
3 0.36 0.512 0.051666666666666666 0.04576543209876547
3 0.5316666666666666 0.5345432098765432 0.055 0.04414814814814804
3 0.635 0.5010740740740741 0.045 0.053999999999999965