3 0.4837654320987654 0.5985802469135802 0.06041975308641971 0.05888888888888895
3 0.3889259259259259 0.5804320987654321 0.05869135802469136 0.05049382716049384
3 0.5912222222222222 0.48796296296296293 0.052049382716049496 0.05358024691358025
3 0.3597777777777778 0.4665432098765432 0.042037037037037046 0.0515432098765433
3 0.32419753086419756 0.5461728395061728 0.04706172839506166 0.05506172839506178
3 0.48093827160493824 0.5303703703703704 0.052061728395061665 0.05524691358024692
3 0.5297037037037037 0.4702469135802469 0.050308641975308696 0.04351851851851848
3 0.5823333333333333 0.5632716049382716 0.055395061728395 0.055370370370370285
3 0.5785061728395061 0.40512345679012346 0.04200000000000008 0.04654320987654311
3 0.5253703703703703 0.38043209876543205 0.04034567901234558 0.04814814814814819
3 0.44828395061728393 0.4399382716049382 0.04369135802469146 0.04993827160493841
3 0.40512345679012346 0.41820987654320985 0.043654320987654385 0.04493827160493822
3 0.4654197530864197 0.37598765432098763 0.041975308641975365 0.043209876543209874