3 0.40166666666666667 0.5472592592592592 0.05 0.04944444444444438
3 0.6233333333333333 0.4288518518518519 0.04833333333333333 0.039407407407407315
3 0.47833333333333333 0.5239629629629629 0.04833333333333333 0.04607407407407398
3 0.46 0.6168888888888889 0.056666666666666664 0.05125925925925932
3 0.5633333333333334 0.5191851851851852 0.045 0.04933333333333337
3 0.48833333333333334 0.3741851851851852 0.043333333333333335 0.035962962962962974
3 0.5666666666666667 0.3759259259259259 0.041666666666666664 0.0359259259259259
3 0.42 0.40099999999999997 0.04666666666666667 0.03770370370370368
3 0.5633333333333334 0.6258518518518519 0.051666666666666666 0.051148148148148116
3 0.635 0.5807777777777778 0.051666666666666666 0.049481481481481446
3 0.635 0.5074444444444445 0.04666666666666667 0.04770370370370377
3 0.4866666666666667 0.45414814814814825 0.04666666666666667 0.046037037037037105
3 0.36333333333333334 0.46474074074074073 0.045 0.041000000000000036