3 0.39369135802469135 0.5502345679012346 0.05071604938271605 0.04981481481481486
3 0.6171851851851852 0.43346913580246915 0.048901234567901304 0.03976543209876544
3 0.4707283950617284 0.5275061728395062 0.04899999999999996 0.046432098765432105
3 0.45101234567901227 0.6202962962962963 0.05740740740740743 0.051679012345678836
3 0.5558271604938272 0.5233580246913581 0.04571604938271605 0.04966666666666659
3 0.4829506172839506 0.37780246913580245 0.043851851851851885 0.03628395061728393
3 0.561283950617284 0.38012345679012344 0.04218518518518522 0.0362345679012346
3 0.4141975308641975 0.4041111111111111 0.047209876543209836 0.038049382716049344
3 0.5542469135802469 0.6300246913580247 0.05240740740740743 0.051530864197530946
3 0.626604938271605 0.5854814814814815 0.052382716049382716 0.04986419753086428
3 0.6276913580246913 0.5121481481481481 0.047358024691358004 0.048049382716049346
3 0.48009876543209873 0.4577530864197531 0.0473333333333333 0.04638271604938268
3 0.35656790123456794 0.4674320987654321 0.04559259259259259 0.04133333333333326