3 0.49130864197530866 0.5056666666666666 0.04707407407407402 0.05569135802469134
3 0.5927283950617284 0.5405061728395062 0.05044444444444442 0.06074074074074076
3 0.3817037037037037 0.4507037037037037 0.04369135802469136 0.04897530864197525
3 0.4576049382716049 0.5551728395061728 0.05709876543209873 0.05917283950617275
3 0.36976543209876545 0.4871975308641976 0.05369135802469136 0.04912345679012333
3 0.48859259259259263 0.4222839506172839 0.03864197530864203 0.042234567901234546
3 0.6346790123456789 0.5027901234567901 0.05370370370370362 0.050790123456789994
3 0.6316296296296297 0.46440740740740744 0.04537037037037028 0.05066666666666663
3 0.5685925925925926 0.42346913580246914 0.033654320987654196 0.04382716049382718
3 0.4331851851851853 0.4764691358024692 0.05038271604938283 0.05240740740740743
3 0.41358024691358025 0.4228395061728395 0.03865432098765439 0.04390123456790131
3 0.40274074074074073 0.5360246913580248 0.06037037037037029 0.05088888888888884
3 0.5232839506172839 0.46446913580246907 0.0436543209876542 0.04397530864197544