3 0.5321604938271605 0.4666666666666667 0.044814814814814856 0.05
3 0.3939382716049383 0.5266666666666666 0.053296296296296265 0.055
3 0.619432098765432 0.5433333333333333 0.055160493827160435 0.06166666666666667
3 0.5472839506172839 0.5833333333333334 0.06202469135802479 0.06833333333333333
3 0.4492962962962963 0.595 0.06525925925925928 0.065
3 0.4144074074074074 0.43 0.04138271604938268 0.04666666666666667
3 0.4657283950617284 0.41833333333333333 0.04290123456790127 0.041666666666666664
3 0.5353086419753087 0.5166666666666667 0.05339506172839492 0.058333333333333334
3 0.5985308641975309 0.45666666666666667 0.04471604938271601 0.04666666666666667
3 0.5174444444444445 0.42 0.03628395061728384 0.043333333333333335
3 0.4673086419753086 0.4716666666666667 0.05133333333333326 0.045
3 0.6361358024691358 0.48833333333333334 0.048049382716049346 0.04666666666666667
3 0.36760493827160495 0.4816666666666667 0.048197530864197514 0.051666666666666666