3 0.5402098765432098 0.47038271604938275 0.04701234567901224 0.047358024691358004
3 0.3534814814814815 0.46481481481481485 0.0486790123456791 0.04738271604938272
3 0.40112345679012346 0.5957901234567902 0.060395061728395094 0.05422222222222217
3 0.5362839506172841 0.3904320987654321 0.0403086419753087 0.04225925925925926
3 0.607111111111111 0.5010617283950617 0.04872839506172833 0.054049382716049386
3 0.4979135802469136 0.6110246913580247 0.062086419753086375 0.05758024691358021
3 0.33402469135802465 0.5384444444444444 0.05537037037037038 0.050814814814814896
3 0.6032345679012345 0.4277777777777778 0.04200000000000008 0.045617283950617205
3 0.4679012345679013 0.3847777777777778 0.041975308641975365 0.04228395061728397
3 0.4756172839506173 0.5263456790123456 0.05375308641975304 0.05745679012345666
3 0.47167901234567905 0.44472839506172834 0.04537037037037028 0.05066666666666663
3 0.4114938271604938 0.4206172839506173 0.040358024691358026 0.04892592592592583
3 0.6076913580246914 0.579395061728395 0.052061728395061665 0.05409876543209881