3 0.625 0.4805555555555555 0.043333333333333335 0.04596296296296297
3 0.465 0.5036666666666667 0.04833333333333333 0.04107407407407398
3 0.3983333333333333 0.48885185185185187 0.05 0.04111111111111124
3 0.53 0.3951111111111111 0.04 0.04422222222222217
3 0.4266666666666667 0.5944814814814815 0.05333333333333334 0.05118518518518518
3 0.6 0.4083333333333333 0.043333333333333335 0.04096296296296297
3 0.5016666666666667 0.6394814814814814 0.05 0.05777777777777791
3 0.5433333333333333 0.5254074074074073 0.045 0.04766666666666652
3 0.475 0.4022222222222222 0.043333333333333335 0.0492962962962963
3 0.5016666666666667 0.4444814814814814 0.04666666666666667 0.04270370370370377
3 0.6416666666666667 0.5625925925925925 0.04833333333333333 0.04940740740740732
3 0.415 0.44588888888888883 0.043333333333333335 0.0492962962962963
3 0.5683333333333334 0.640962962962963 0.05333333333333334 0.05785185185185185