3 0.37 0.5616666666666666 0.056666666666666664 0.055
3 0.5333333333333333 0.47333333333333333 0.04666666666666667 0.05
3 0.5316666666666666 0.62 0.058333333333333334 0.06
3 0.42 0.6383333333333333 0.06166666666666667 0.058333333333333334
3 0.44333333333333336 0.4083333333333333 0.043333333333333335 0.041666666666666664
3 0.5116666666666667 0.4033333333333333 0.04 0.03833333333333333
3 0.58 0.45 0.04666666666666667 0.041666666666666664
3 0.605 0.5666666666666667 0.058333333333333334 0.04666666666666667
3 0.39 0.43666666666666665 0.043333333333333335 0.04833333333333333
3 0.4483333333333333 0.4716666666666667 0.04666666666666667 0.04833333333333333
3 0.535 0.5366666666666666 0.05 0.05333333333333334
3 0.3516666666666667 0.49166666666666664 0.05 0.04833333333333333
3 0.6433333333333333 0.5 0.045 0.04833333333333333