3 0.6116666666666667 0.415 0.043333333333333335 0.041666666666666664
3 0.4633333333333333 0.505 0.04833333333333333 0.04833333333333333
3 0.48333333333333334 0.365 0.041666666666666664 0.045
3 0.41 0.5383333333333333 0.05 0.04833333333333333
3 0.5516666666666666 0.51 0.04666666666666667 0.04833333333333333
3 0.5633333333333334 0.625 0.051666666666666666 0.056666666666666664
3 0.6266666666666667 0.57 0.05333333333333334 0.05
3 0.42333333333333334 0.40166666666666667 0.04666666666666667 0.045
3 0.47833333333333333 0.6333333333333333 0.055 0.05333333333333334
3 0.5616666666666666 0.3566666666666667 0.03833333333333333 0.04666666666666667
3 0.4716666666666667 0.43166666666666664 0.04666666666666667 0.043333333333333335
3 0.36666666666666664 0.4666666666666667 0.043333333333333335 0.045
3 0.6416666666666667 0.49166666666666664 0.045 0.04666666666666667