3 0.39166666666666666 0.5683333333333334 0.051666666666666666 0.04666666666666667
3 0.49833333333333335 0.3983333333333333 0.041666666666666664 0.045
3 0.52 0.4716666666666667 0.043333333333333335 0.04666666666666667
3 0.44166666666666665 0.395 0.045 0.04
3 0.6066666666666667 0.58 0.04833333333333333 0.051666666666666666
3 0.38666666666666666 0.42333333333333334 0.043333333333333335 0.04833333333333333
3 0.5383333333333333 0.635 0.055 0.055
3 0.585 0.4533333333333333 0.045 0.045
3 0.455 0.485 0.05 0.04
3 0.45166666666666666 0.65 0.058333333333333334 0.06166666666666667
3 0.5266666666666666 0.55 0.051666666666666666 0.04833333333333333
3 0.3516666666666667 0.5083333333333333 0.043333333333333335 0.04833333333333333
3 0.62 0.49666666666666665 0.045 0.043333333333333335