3 0.37833333333333335 0.44333333333333336 0.045 0.043333333333333335
3 0.5216666666666666 0.5033333333333333 0.045 0.04666666666666667
3 0.35333333333333333 0.5616666666666666 0.051666666666666666 0.051666666666666666
3 0.44 0.61 0.06 0.056666666666666664
3 0.5866666666666667 0.54 0.05333333333333334 0.05333333333333334
3 0.57 0.41 0.03833333333333333 0.04666666666666667
3 0.6116666666666667 0.4533333333333333 0.045 0.04833333333333333
3 0.32666666666666666 0.505 0.04833333333333333 0.05
3 0.47333333333333333 0.44333333333333336 0.043333333333333335 0.045
3 0.4583333333333333 0.54 0.05333333333333334 0.04833333333333333
3 0.5083333333333333 0.38666666666666666 0.041666666666666664 0.04
3 0.535 0.615 0.05333333333333334 0.056666666666666664
3 0.44166666666666665 0.415 0.04 0.04666666666666667