3 0.3750493827160494 0.4405308641975309 0.04532098765432096 0.04366666666666674
3 0.5179382716049383 0.4994691358024691 0.045345679012345576 0.047000000000000076
3 0.34917283950617284 0.5590493827160494 0.052049382716049405 0.05204938271604931
3 0.43548148148148147 0.6067407407407408 0.06041975308641971 0.057111111111111085
3 0.5826666666666667 0.5356543209876543 0.05372839506172833 0.05372839506172833
3 0.566962962962963 0.40577777777777774 0.03867901234567891 0.046950617283950655
3 0.6083086419753087 0.44880246913580246 0.04535802469135812 0.04866666666666674
3 0.32292592592592595 0.5025802469135802 0.048703703703703714 0.05035802469135812
3 0.4700493827160494 0.4398271604938272 0.04366666666666674 0.04532098765432086
3 0.45433333333333337 0.5366049382716049 0.05369135802469145 0.04872839506172833
3 0.5054691358024691 0.38290123456790126 0.04196296296296301 0.0403086419753087
3 0.5304444444444444 0.6110370370370372 0.05375308641975304 0.05706172839506166
3 0.4385925925925926 0.41172839506172837 0.04034567901234558 0.04696296296296301