3 0.6024444444444444 0.43765432098765433 0.04425925925925943 0.043271604938271556
3 0.4521111111111111 0.5221604938271605 0.04940740740740732 0.050123456790123554
3 0.4752222222222222 0.3829012345679012 0.04266666666666671 0.04654320987654321
3 0.398037037037037 0.5535185185185185 0.05107407407407408 0.050185185185185145
3 0.5403333333333334 0.5304320987654321 0.047740740740740646 0.05006172839506159
3 0.5494444444444444 0.6458641975308642 0.05292592592592579 0.058580246913580256
3 0.614 0.5932098765432099 0.05444444444444457 0.05197530864197537
3 0.4144074074074074 0.41734567901234565 0.047666666666666704 0.04672839506172844
3 0.46425925925925926 0.6510493827160495 0.05618518518518518 0.055370370370370285
3 0.5537407407407406 0.3774691358024691 0.03937037037037044 0.04808641975308641
3 0.46207407407407414 0.44913580246913576 0.04762962962962964 0.04506172839506178
3 0.3562962962962963 0.4802469135802469 0.04433333333333337 0.04660493827160489
3 0.6307407407407407 0.5154320987654321 0.046037037037037105 0.04833333333333333