3 0.5287037037037036 0.4666666666666667 0.04274074074074065 0.04833333333333333
3 0.41259259259259257 0.5666666666666667 0.056000000000000036 0.045
3 0.48422222222222217 0.64 0.06299999999999993 0.06
3 0.5653703703703704 0.6166666666666667 0.054592592592592644 0.056666666666666664
3 0.4973333333333333 0.405 0.04099999999999985 0.045
3 0.5882592592592593 0.44666666666666666 0.04596296296296297 0.043333333333333335
3 0.44237037037037036 0.4066666666666667 0.04259259259259257 0.041666666666666664
3 0.6257407407407407 0.5583333333333333 0.054518518518518515 0.05333333333333334
3 0.3912962962962963 0.43333333333333335 0.044444444444444384 0.05
3 0.5418888888888889 0.535 0.051148148148148116 0.051666666666666666
3 0.46577777777777785 0.485 0.05099999999999985 0.045
3 0.3614074074074074 0.5133333333333333 0.04614814814814811 0.051666666666666666
3 0.6324444444444445 0.485 0.046037037037037105 0.04666666666666667