3 0.5710000000000001 0.5442592592592592 0.05379012345679011 0.06206172839506166
3 0.4846666666666667 0.49861728395061733 0.045407407407407355 0.05533333333333341
3 0.4117901234567901 0.4364074074074074 0.04033333333333341 0.04529629629629634
3 0.43104938271604937 0.5365555555555556 0.058790123456790105 0.06209876543209873
3 0.6278765432098765 0.5163456790123456 0.05540740740740735 0.055407407407407544
3 0.37492592592592594 0.4628024691358024 0.04866666666666665 0.04535802469135812
3 0.6498148148148148 0.47983950617283955 0.04871604938271616 0.05202469135802479
3 0.5984814814814814 0.4344567901234567 0.040320987654320864 0.043629629629629484
3 0.3795802469135802 0.5095061728395062 0.05371604938271607 0.052061728395061665
3 0.44659259259259254 0.4633333333333333 0.047037037037036954 0.05034567901234577
3 0.5265555555555554 0.4689259259259259 0.042024691358024786 0.04864197530864203
3 0.4519382716049383 0.4167037037037037 0.03864197530864203 0.04195061728395056
3 0.5185432098765432 0.42553086419753083 0.03698765432098753 0.043604938271604964