3 0.36548148148148146 0.5272345679012347 0.0508148148148148 0.055370370370370285
3 0.518037037037037 0.46611111111111103 0.04576543209876528 0.052000000000000074
3 0.40596296296296297 0.606925925925926 0.06258024691358022 0.06212345679012344
3 0.502679012345679 0.6028765432098766 0.059296296296296305 0.06543209876543206
3 0.5816296296296296 0.5606296296296296 0.05417283950617275 0.05706172839506166
3 0.40544444444444444 0.4169506172839506 0.03902469135802467 0.04695061728395056
3 0.4556419753086419 0.40324691358024695 0.040617283950617394 0.04196296296296301
3 0.5814444444444444 0.4606419753086419 0.044049382716049384 0.048654320987654195
3 0.5122098765432099 0.4094938271604938 0.03900000000000015 0.045283950617283984
3 0.44634567901234573 0.46830864197530864 0.049024691358024675 0.047024691358024784
3 0.5071234567901235 0.5278518518518518 0.054148148148148036 0.055395061728395
3 0.6125925925925926 0.49540740740740735 0.05066666666666663 0.04537037037037028
3 0.347962962962963 0.4723703703703704 0.04574074074074076 0.05033333333333341