3 0.5968518518518519 0.5619259259259259 0.05081481481481471 0.056111111111111237
3 0.48858024691358026 0.45596296296296296 0.04576543209876547 0.0526666666666667
3 0.37133333333333335 0.5319259259259259 0.04743209876543214 0.05270370370370377
3 0.39382716049382716 0.47474074074074074 0.044098765432098806 0.05262962962962964
3 0.6401481481481481 0.4459259259259259 0.044049382716049384 0.0492962962962963
3 0.46791358024691365 0.4114074074074074 0.044049382716049384 0.0492962962962963
3 0.6660617283950617 0.5070370370370371 0.04576543209876547 0.0526666666666667
3 0.5912222222222222 0.407 0.04392592592592602 0.04096296296296297
3 0.4977777777777778 0.5141111111111112 0.047407407407407426 0.0510370370370371
3 0.4088888888888889 0.591111111111111 0.05748148148148147 0.05625925925925913
3 0.5309753086419753 0.6167407407407408 0.060765432098765476 0.05299999999999992
3 0.5652222222222222 0.45259259259259255 0.04743209876543214 0.05270370370370377
3 0.5126913580246915 0.3954074074074074 0.04392592592592602 0.04096296296296297