3 0.520679012345679 0.47144444444444444 0.05128395061728384 0.044444444444444384
3 0.5825802469135802 0.5183703703703704 0.05162962962962979 0.056111111111111237
3 0.3432839506172839 0.4437407407407407 0.04790123456790127 0.04270370370370377
3 0.3575679012345679 0.58 0.05814814814814819 0.05125925925925932
3 0.44329629629629624 0.6097407407407407 0.0616296296296296 0.056333333333333256
3 0.596716049382716 0.43477777777777776 0.04461728395061717 0.044296296296296306
3 0.5382469135802469 0.3844444444444444 0.04451851851851851 0.04096296296296297
3 0.3111604938271605 0.5160740740740741 0.05461728395061736 0.04451851851851851
3 0.558641975308642 0.5955185185185186 0.058197530864197614 0.05292592592592579
3 0.46338271604938275 0.43774074074074076 0.044814814814814856 0.050962962962962974
3 0.4720246913580247 0.3709259259259259 0.04451851851851851 0.04096296296296297
3 0.4490987654320988 0.5263333333333333 0.0549135802469137 0.054518518518518515
3 0.4127530864197531 0.4038888888888889 0.04138271604938268 0.0475555555555556