3 0.6380246913580246 0.4964197530864197 0.05038271604938283 0.05203703703703695
3 0.5705432098765433 0.3809135802469136 0.04701234567901224 0.047012345679012336
3 0.4031358024691358 0.47967901234567895 0.05202469135802469 0.04871604938271616
3 0.4106296296296297 0.5930740740740741 0.04870370370370362 0.05035802469135812
3 0.46130864197530863 0.5017777777777779 0.05033333333333341 0.04537037037037028
3 0.4720000000000001 0.6335308641975308 0.04870370370370362 0.05035802469135812
3 0.5210246913580248 0.5405555555555556 0.05035802469135812 0.04870370370370362
3 0.6420493827160493 0.40311111111111114 0.05033333333333341 0.04537037037037038
3 0.4956419753086419 0.3670246913580247 0.04870370370370362 0.05035802469135803
3 0.41203703703703703 0.4030740740740741 0.047024691358024596 0.0486790123456791
3 0.5435925925925926 0.6440617283950617 0.05037037037037029 0.05037037037037029
3 0.6256666666666666 0.5896666666666666 0.04870370370370362 0.05035802469135812
3 0.5052098765432098 0.4254320987654321 0.05037037037037029 0.05037037037037038