3 0.5355432098765432 0.4760617283950617 0.04486419753086428 0.05230864197530859
3 0.36776543209876544 0.5485432098765431 0.05501234567901236 0.05745679012345666
3 0.4068024691358025 0.6290864197530864 0.0568271604938271 0.062481481481481374
3 0.508962962962963 0.6472592592592593 0.061827160493827096 0.0625555555555555
3 0.5980246913580246 0.616925925925926 0.05839506172839492 0.05917283950617275
3 0.5571975308641975 0.41974074074074075 0.04299999999999993 0.0456172839506173
3 0.6087777777777778 0.4738148148148148 0.048049382716049346 0.047358024691358004
3 0.4555432098765433 0.47487654320987654 0.046481481481481526 0.05066666666666663
3 0.48018518518518516 0.40693827160493823 0.04138271604938268 0.04725925925925926
3 0.6541358024691358 0.5427901234567901 0.04996296296296293 0.05571604938271605
3 0.41572839506172843 0.42430864197530865 0.04309876543209877 0.04895061728395054
3 0.3789753086419753 0.47707407407407404 0.046432098765432105 0.049000000000000155
3 0.5192839506172839 0.5457901234567901 0.051481481481481524 0.05074074074074076