3 0.4666666666666667 0.47 0.045 0.05
3 0.38333333333333336 0.515 0.051666666666666666 0.056666666666666664
3 0.5916666666666667 0.42833333333333334 0.041666666666666664 0.04666666666666667
3 0.6233333333333333 0.5116666666666667 0.05333333333333334 0.051666666666666666
3 0.42333333333333334 0.44333333333333336 0.043333333333333335 0.045
3 0.4033333333333333 0.5616666666666666 0.06 0.051666666666666666
3 0.645 0.4583333333333333 0.04833333333333333 0.04666666666666667
3 0.47 0.6066666666666667 0.06 0.06666666666666667
3 0.5333333333333333 0.45166666666666666 0.041666666666666664 0.05
3 0.5166666666666667 0.5066666666666667 0.05 0.04666666666666667
3 0.6033333333333334 0.585 0.056666666666666664 0.06333333333333334
3 0.54 0.41333333333333333 0.03666666666666667 0.043333333333333335
3 0.465 0.41833333333333333 0.043333333333333335 0.04