3 0.4810370370370371 0.4884567901234568 0.05299999999999992 0.04538271604938264
3 0.628432098765432 0.4578888888888889 0.04309876543209877 0.04864197530864203
3 0.4568888888888889 0.5732592592592592 0.059814814814814855 0.050432098765432254
3 0.5268024691358025 0.40214814814814814 0.03956790123456794 0.04195061728395066
3 0.5378271604938272 0.6055185185185186 0.0568271604938271 0.06207407407407421
3 0.41265432098765437 0.486283950617284 0.05299999999999992 0.04538271604938283
3 0.5936666666666667 0.40930864197530864 0.0412345679012346 0.04196296296296301
3 0.559716049382716 0.5007037037037037 0.04658024691358037 0.053666666666666744
3 0.6125308641975308 0.5960740740740741 0.06006172839506159 0.0587654320987654
3 0.47214814814814815 0.4134074074074074 0.04304938271604935 0.04697530864197536
3 0.5079382716049383 0.4403333333333333 0.0479506172839505 0.0436790123456791
3 0.6618765432098765 0.5181234567901235 0.04824691358024703 0.05367901234567891
3 0.4215185185185185 0.44802469135802464 0.0414320987654321 0.04862962962962949