3 0.535 0.46748148148148144 0.05 0.044814814814814856
3 0.5983333333333334 0.5139382716049383 0.05 0.05648148148148152
3 0.3566666666666667 0.4410987654320988 0.04666666666666667 0.04304938271604935
3 0.375 0.5772222222222222 0.056666666666666664 0.05167901234567902
3 0.46166666666666667 0.6063209876543209 0.06 0.05677777777777768
3 0.61 0.4302592592592593 0.043333333333333335 0.04461728395061717
3 0.55 0.38037037037037036 0.043333333333333335 0.04128395061728393
3 0.32666666666666666 0.5136543209876544 0.05333333333333334 0.0449135802469137
3 0.5766666666666667 0.591246913580247 0.056666666666666664 0.0533456790123455
3 0.4766666666666667 0.4342098765432098 0.043333333333333335 0.05128395061728384
3 0.48333333333333334 0.36734567901234566 0.043333333333333335 0.04128395061728402
3 0.465 0.522888888888889 0.05333333333333334 0.0549135802469137
3 0.425 0.4007407407407408 0.04 0.04785185185185185