3 0.43944444444444447 0.5156666666666666 0.055432098765432064 0.05785185185185185
3 0.6269135802469136 0.5331851851851852 0.05228395061728387 0.0627777777777779
3 0.41141975308641976 0.4345555555555556 0.045 0.04596296296296297
3 0.505 0.4841851851851851 0.048765432098765396 0.05770370370370377
3 0.5673456790123457 0.4110740740740741 0.04 0.04585185185185177
3 0.45882716049382716 0.4084814814814815 0.03987654320987644 0.04251851851851844
3 0.3965432098765432 0.4832592592592592 0.050308641975308696 0.054407407407407314
3 0.4800617283950618 0.4413703703703703 0.045123456790123556 0.0492962962962963
3 0.5541358024691357 0.4597407407407407 0.043580246913580256 0.05259259259259257
3 0.6787654320987654 0.49200000000000005 0.048580246913580254 0.05270370370370377
3 0.5066049382716049 0.3924074074074074 0.034876543209876446 0.04240740740740743
3 0.6430246913580246 0.42774074074074075 0.04660493827160508 0.04433333333333337
3 0.5658024691358026 0.5495555555555556 0.057283950617284064 0.06288888888888891