3 0.5895925925925927 0.3993456790123457 0.03864197530864203 0.04195061728395066
3 0.49549382716049384 0.5203086419753087 0.047000000000000076 0.045345679012345576
3 0.4511728395061728 0.3866543209876543 0.04196296296296301 0.0403086419753087
3 0.41581481481481486 0.5630493827160493 0.05371604938271607 0.052061728395061665
3 0.5145061728395062 0.612111111111111 0.05375308641975304 0.05706172839506166
3 0.6192962962962963 0.5845555555555556 0.050395061728394995 0.05370370370370362
3 0.6621728395061729 0.5232098765432098 0.04366666666666674 0.045320987654321056
3 0.5602592592592592 0.48912345679012353 0.047024691358024784 0.04867901234567891
3 0.5210493827160494 0.3705061728395062 0.03862962962962967 0.04028395061728399
3 0.39816049382716046 0.42959259259259264 0.04697530864197536 0.04201234567901224
3 0.6200123456790123 0.4562345679012346 0.04535802469135812 0.04866666666666674
3 0.4666666666666667 0.45343209876543217 0.047024691358024784 0.04867901234567891
3 0.3603703703703704 0.502641975308642 0.04866666666666665 0.04535802469135812