3 0.4370740740740741 0.3933333333333333 0.042555555555555506 0.04
3 0.3642962962962963 0.49333333333333335 0.05107407407407408 0.04833333333333333
3 0.635 0.45 0.04588888888888884 0.04
3 0.519962962962963 0.5233333333333333 0.05111111111111124 0.05
3 0.6482222222222223 0.52 0.046037037037037105 0.04666666666666667
3 0.5495555555555556 0.58 0.05448148148148145 0.051666666666666666
3 0.3908148148148148 0.5616666666666666 0.05448148148148145 0.051666666666666666
3 0.5855925925925926 0.40166666666666667 0.04270370370370377 0.04666666666666667
3 0.4347407407407407 0.5133333333333333 0.04933333333333337 0.045
3 0.36437037037037034 0.4216666666666667 0.04585185185185177 0.03833333333333333
3 0.5138148148148148 0.39666666666666667 0.04107407407407398 0.04833333333333333
3 0.5112962962962962 0.43333333333333335 0.04588888888888884 0.04
3 0.4688148148148148 0.6216666666666667 0.052888888888888916 0.055