3 0.505 0.5071111111111111 0.043333333333333335 0.0492962962962963
3 0.54 0.37133333333333335 0.03833333333333333 0.044185185185185105
3 0.6333333333333333 0.5292592592592592 0.05 0.05111111111111124
3 0.555 0.5860000000000001 0.051666666666666666 0.057814814814814784
3 0.4083333333333333 0.39925925925925926 0.03833333333333333 0.04585185185185177
3 0.43833333333333335 0.5702592592592592 0.05333333333333334 0.054518518518518515
3 0.6466666666666666 0.46062962962962956 0.04666666666666667 0.04937037037037044
3 0.5466666666666666 0.4545185185185185 0.043333333333333335 0.0492962962962963
3 0.37333333333333335 0.4517037037037037 0.043333333333333335 0.04762962962962964
3 0.445 0.4517777777777778 0.04666666666666667 0.04770370370370377
3 0.36666666666666664 0.5351851851851851 0.04666666666666667 0.0510370370370371
3 0.5866666666666667 0.411962962962963 0.04 0.049222222222222264
3 0.47 0.3645555555555556 0.03333333333333333 0.04407407407407409