3 0.5287037037037037 0.4551481481481482 0.044444444444444384 0.050962962962962974
3 0.39003703703703707 0.5182592592592592 0.052888888888888916 0.056148148148148114
3 0.6154074074074074 0.5299259259259259 0.054703703703703845 0.06285185185185185
3 0.542962962962963 0.5715555555555556 0.06151851851851859 0.06966666666666659
3 0.4448888888888889 0.5854074074074074 0.0647777777777778 0.06640740740740739
3 0.4112222222222222 0.4210740740740741 0.04103703703703701 0.047555555555555504
3 0.4626296296296296 0.4082592592592593 0.04259259259259257 0.04259259259259257
3 0.5314814814814816 0.5051111111111111 0.052962962962963045 0.05948148148148145
3 0.5951481481481481 0.44366666666666665 0.044370370370370435 0.04762962962962964
3 0.5143333333333334 0.40877777777777774 0.035962962962962974 0.04411111111111116
3 0.46381481481481485 0.46159259259259255 0.05100000000000004 0.046111111111111235
3 0.6325185185185185 0.4745185185185185 0.04770370370370377 0.04770370370370377
3 0.36403703703703705 0.4738148148148148 0.04781481481481478 0.05270370370370377