3 0.4140740740740741 0.5811975308641976 0.062086419753086375 0.05758024691358021
3 0.6395308641975309 0.5228641975308642 0.04874074074074069 0.05571604938271605
3 0.5957530864197531 0.5822222222222223 0.05881481481481482 0.06586419753086413
3 0.5132222222222221 0.47265432098765436 0.042024691358024786 0.04895061728395073
3 0.4017777777777778 0.44100000000000006 0.0453086419753087 0.04233333333333329
3 0.3577530864197531 0.5336913580246914 0.05044444444444442 0.06074074074074076
3 0.559604938271605 0.511679012345679 0.055370370370370285 0.05081481481481471
3 0.5534320987654322 0.44491358024691363 0.04198765432098753 0.04395061728395054
3 0.6199259259259259 0.4692345679012345 0.04537037037037028 0.05066666666666682
3 0.3531728395061728 0.47695061728395066 0.048716049382715974 0.052382716049382716
3 0.4414444444444445 0.48659259259259263 0.05033333333333322 0.04574074074074076
3 0.4652345679012346 0.4252716049382716 0.03864197530864203 0.042234567901234546
3 0.5270617283950617 0.6295432098765432 0.07208641975308637 0.057728395061728485