3 0.43001234567901236 0.548679012345679 0.06265432098765435 0.06849382716049376
3 0.36209876543209873 0.5223703703703704 0.060790123456790184 0.05511111111111101
3 0.5839876543209876 0.5008024691358025 0.05086419753086413 0.059814814814814855
3 0.5334691358024691 0.537283950617284 0.05593827160493826 0.06496296296296293
3 0.3326172839506173 0.4882592592592592 0.05409876543209881 0.05324691358024703
3 0.5278641975308642 0.4658148148148149 0.04574074074074076 0.05133333333333326
3 0.391641975308642 0.4398641975308642 0.040740740740740765 0.05118518518518518
3 0.5603456790123457 0.40987654320987654 0.038999999999999965 0.04613580246913576
3 0.44913580246913576 0.4948024691358025 0.054074074074074094 0.05158024691358037
3 0.5966666666666667 0.43212345679012343 0.04399999999999996 0.04628395061728403
3 0.4765925925925926 0.44067901234567897 0.040740740740740765 0.05118518518518518
3 0.42380246913580244 0.4055925925925926 0.03561728395061721 0.04270370370370377
3 0.5122592592592593 0.394641975308642 0.03723456790123464 0.03941975308641976