3 0.495 0.49833333333333335 0.04666666666666667 0.055
3 0.5966666666666667 0.5316666666666666 0.05 0.06
3 0.385 0.445 0.043333333333333335 0.04833333333333333
3 0.46166666666666667 0.5483333333333333 0.056666666666666664 0.058333333333333334
3 0.37333333333333335 0.4816666666666667 0.05333333333333334 0.04833333333333333
3 0.49166666666666664 0.415 0.03833333333333333 0.041666666666666664
3 0.6383333333333333 0.49333333333333335 0.05333333333333334 0.05
3 0.635 0.455 0.045 0.05
3 0.5716666666666667 0.415 0.03333333333333333 0.043333333333333335
3 0.43666666666666665 0.47 0.05 0.051666666666666666
3 0.4166666666666667 0.4166666666666667 0.03833333333333333 0.043333333333333335
3 0.4066666666666667 0.53 0.06 0.05
3 0.5266666666666666 0.45666666666666667 0.043333333333333335 0.043333333333333335