3 0.3874567901234568 0.5654320987654321 0.052012345679012334 0.0470493827160495
3 0.49538271604938267 0.394641975308642 0.04200000000000008 0.0453086419753086
3 0.5165061728395063 0.4678148148148148 0.043679012345678905 0.04698765432098753
3 0.4387407407407407 0.3917283950617284 0.045296296296296154 0.04033333333333331
3 0.6023703703703703 0.5755061728395062 0.048716049382715974 0.05202469135802479
3 0.38353086419753085 0.42046913580246914 0.04369135802469136 0.04865432098765439
3 0.5336296296296297 0.6310123456790124 0.055407407407407544 0.055407407407407544
3 0.5816419753086419 0.44899999999999995 0.045333333333333406 0.045333333333333406
3 0.45140740740740737 0.4816296296296296 0.050296296296296346 0.040370370370370286
3 0.4468518518518519 0.6466543209876543 0.058790123456790105 0.06209876543209873
3 0.5225925925925926 0.5460987654320987 0.05202469135802479 0.04871604938271616
3 0.34790123456790123 0.5057283950617284 0.04369135802469136 0.04865432098765439
3 0.616320987654321 0.492074074074074 0.045320987654321056 0.04366666666666674