3 0.5171234567901234 0.5078641975308642 0.04870370370370362 0.05035802469135812
3 0.4080617283950617 0.4103333333333333 0.04361728395061732 0.03865432098765439
3 0.3505308641975309 0.5190987654320988 0.05037037037037038 0.05037037037037029
3 0.6386172839506173 0.4836296296296297 0.047024691358024784 0.04867901234567891
3 0.609851851851852 0.4255061728395062 0.04034567901234558 0.04696296296296301
3 0.40097530864197534 0.5787283950617284 0.04872839506172833 0.05369135802469145
3 0.5725185185185184 0.5607901234567901 0.0470493827160495 0.052012345679012244
3 0.5495802469135803 0.38928395061728394 0.038666666666666745 0.045283950617283984
3 0.511641975308642 0.44290123456790126 0.04529629629629634 0.04033333333333341
3 0.4372098765432098 0.5201234567901235 0.05364197530864203 0.042061728395061664
3 0.3400493827160494 0.4541728395061728 0.04697530864197536 0.04201234567901243
3 0.4778641975308642 0.3831481481481482 0.04034567901234558 0.04696296296296301
3 0.4929506172839506 0.619716049382716 0.05708641975308638 0.05708641975308638