3 0.37333333333333335 0.5416666666666666 0.04833333333333333 0.05
3 0.5266666666666666 0.475 0.045 0.05
3 0.5066666666666667 0.63 0.056666666666666664 0.058333333333333334
3 0.5216666666666666 0.405 0.04 0.04666666666666667
3 0.59 0.47 0.043333333333333335 0.04833333333333333
3 0.4633333333333333 0.39666666666666667 0.043333333333333335 0.043333333333333335
3 0.585 0.585 0.05333333333333334 0.05
3 0.4116666666666667 0.41 0.03833333333333333 0.04833333333333333
3 0.41 0.63 0.06 0.06166666666666667
3 0.4533333333333333 0.475 0.04833333333333333 0.045
3 0.5133333333333333 0.545 0.051666666666666666 0.051666666666666666
3 0.35333333333333333 0.475 0.043333333333333335 0.04666666666666667
3 0.6166666666666667 0.5133333333333333 0.051666666666666666 0.04