3 0.42 0.525 0.05333333333333334 0.056666666666666664
3 0.6066666666666667 0.5466666666666666 0.05 0.06166666666666667
3 0.395 0.44333333333333336 0.043333333333333335 0.045
3 0.4866666666666667 0.495 0.04666666666666667 0.056666666666666664
3 0.5516666666666666 0.42333333333333334 0.03833333333333333 0.045
3 0.44333333333333336 0.41833333333333333 0.03833333333333333 0.041666666666666664
3 0.37833333333333335 0.49166666666666664 0.04833333333333333 0.05333333333333334
3 0.4633333333333333 0.45166666666666666 0.043333333333333335 0.04833333333333333
3 0.5366666666666666 0.4716666666666667 0.041666666666666664 0.051666666666666666
3 0.66 0.5066666666666667 0.04666666666666667 0.051666666666666666
3 0.49166666666666664 0.4033333333333333 0.03333333333333333 0.041666666666666664
3 0.6266666666666667 0.44166666666666665 0.045 0.043333333333333335
3 0.545 0.5616666666666666 0.055 0.06166666666666667