3 0.524962962962963 0.6119506172839506 0.0549135802469137 0.05412345679012333
3 0.4812222222222223 0.4576666666666667 0.04461728395061717 0.04397530864197544
3 0.3466543209876543 0.5013086419753087 0.04971604938271601 0.04738271604938272
3 0.491283950617284 0.3992098765432099 0.04299999999999993 0.0456172839506173
3 0.6347901234567902 0.5037037037037038 0.046333333333333254 0.045666666666666626
3 0.3867654320987654 0.44074074074074077 0.04795061728395069 0.04402469135802467
3 0.6240864197530864 0.5838271604938272 0.054962962962962936 0.055790123456790186
3 0.3449753086419753 0.5579753086419753 0.054716049382716014 0.04745679012345685
3 0.5571481481481482 0.48153086419753083 0.04638271604938268 0.0473333333333333
3 0.5982345679012345 0.4442716049382716 0.04628395061728383 0.04399999999999996
3 0.45914814814814814 0.527962962962963 0.04971604938271601 0.04738271604938272
3 0.534567901234568 0.4002345679012346 0.04466666666666659 0.04564197530864201
3 0.426037037037037 0.6334074074074074 0.0566296296296296 0.055814814814814706