3 0.5020370370370371 0.6094320987654321 0.06125925925925931 0.057555555555555506
3 0.40655555555555556 0.5891728395061728 0.05940740740740731 0.04919753086419746
3 0.6063333333333334 0.5011851851851852 0.05281481481481478 0.05243209876543214
3 0.37399999999999994 0.47461728395061736 0.04277777777777771 0.050617283950617396
3 0.3407407407407408 0.5534691358024691 0.04785185185185185 0.05402469135802467
3 0.49718518518518523 0.5411481481481482 0.052851851851851844 0.054098765432098614
3 0.5442222222222222 0.48209876543209873 0.0509259259259261 0.04240740740740743
3 0.5996666666666667 0.5763086419753086 0.05618518518518518 0.05414814814814823
3 0.5911481481481481 0.4180493827160494 0.04266666666666651 0.0456172839506173
3 0.5372222222222223 0.3921728395061729 0.0410370370370371 0.047259259259259355
3 0.46181481481481473 0.44997530864197527 0.04440740740740731 0.04897530864197544
3 0.4179629629629629 0.42728395061728397 0.044296296296296306 0.04397530864197525
3 0.47707407407407404 0.38639506172839505 0.04259259259259276 0.04228395061728387