4 0.42866666666666664 0.49171604938271607 0.0414320987654321 0.04862962962962949
4 0.6067654320987654 0.442074074074074 0.03956790123456794 0.04195061728395066
4 0.5420617283950616 0.4325555555555556 0.03275308641975319 0.03690123456790123
4 0.5189135802469137 0.4827160493827161 0.04653086419753095 0.052000000000000074
4 0.5982592592592592 0.5604444444444444 0.06035802469135812 0.0687654320987654
4 0.3991234567901234 0.42028395061728396 0.03437037037037044 0.03524691358024692
4 0.6121975308641976 0.4836913580246914 0.05329629629629646 0.05538271604938264
4 0.3821358024691358 0.5437160493827161 0.06187654320987652 0.06377777777777775
4 0.6967901234567901 0.5530493827160493 0.06687654320987652 0.06381481481481482
4 0.45843209876543206 0.4431728395061728 0.03956790123456794 0.04195061728395066
4 0.29587654320987655 0.47437037037037044 0.053098765432098766 0.04871604938271616
4 0.45230864197530857 0.42488888888888887 0.02937037037037044 0.03520987654320985
4 0.30944444444444447 0.5225925925925926 0.06349382716049376 0.06212345679012344