4 0.45543209876543206 0.5055925925925926 0.049913580246913704 0.054765432098765436
4 0.5210864197530863 0.4291358024691358 0.03275308641975319 0.03760493827160493
4 0.4739259259259259 0.4444197530864197 0.03618518518518518 0.0410370370370371
4 0.5987283950617285 0.45479012345679015 0.039518518518518515 0.04113580246913576
4 0.3851481481481482 0.4568024691358024 0.037851851851851845 0.04108641975308653
4 0.5295061728395062 0.4827654320987654 0.044765432098765434 0.049617283950617166
4 0.3107160493827161 0.5480123456790122 0.055160493827160526 0.06324691358024703
4 0.44622222222222224 0.4786296296296297 0.042950617283950505 0.04456790123456775
4 0.6596913580246913 0.5366666666666666 0.05324691358024703 0.05486419753086428
4 0.29435802469135797 0.48080246913580243 0.048049382716049346 0.048049382716049346
4 0.5425679012345679 0.6049259259259259 0.06555555555555542 0.07687654320987652
4 0.6695061728395062 0.4869135802469136 0.04971604938271601 0.04809876543209877
4 0.4374691358024692 0.6051481481481482 0.06732098765432094 0.08025925925925928