4 0.5033333333333333 0.5112716049382716 0.041666666666666664 0.050308641975308696
4 0.655 0.4701481481481481 0.045 0.05033333333333341
4 0.46166666666666667 0.3649135802469136 0.04 0.050296296296296346
4 0.635 0.40362962962962956 0.03833333333333333 0.046950617283950655
4 0.36833333333333335 0.48727160493827154 0.05 0.057037037037036956
4 0.44333333333333336 0.4900493827160494 0.045 0.053666666666666744
4 0.435 0.42344444444444446 0.043333333333333335 0.051987654320987724
4 0.65 0.6001851851851852 0.055 0.053740740740740874
4 0.555 0.3758888888888889 0.03666666666666667 0.0469382716049383
4 0.41833333333333333 0.6419012345679013 0.04833333333333333 0.05035802469135812
4 0.5316666666666666 0.44439506172839505 0.043333333333333335 0.05365432098765439
4 0.3383333333333333 0.5791604938271605 0.06 0.057111111111111085
4 0.545 0.6492962962962963 0.055 0.058740740740740684