4 0.4712592592592593 0.5281358024691358 0.04583950617283942 0.057333333333333486
4 0.47656790123456794 0.4363703703703703 0.03897530864197525 0.04390123456790131
4 0.5399012345679012 0.43543209876543204 0.030567901234567974 0.03877777777777775
4 0.42377777777777775 0.47382716049382717 0.03902469135802467 0.04723456790123464
4 0.6132345679012345 0.4343456790123456 0.0356172839506174 0.04218518518518522
4 0.3659876543209877 0.5113580246913579 0.04414814814814823 0.05564197530864211
4 0.428037037037037 0.42375308641975307 0.03725925925925935 0.04054320987654317
4 0.3834320987654321 0.45108641975308633 0.042308641975308585 0.04395061728395073
4 0.5079382716049383 0.4159012345679012 0.03559259259259268 0.04051851851851855
4 0.5453703703703704 0.4670246913580247 0.04407407407407409 0.050641975308641916
4 0.4839259259259259 0.48293827160493835 0.044098765432098806 0.052308641975308774
4 0.5794197530864197 0.5148641975308642 0.05419753086419746 0.05912345679012352
4 0.670716049382716 0.48850617283950615 0.05079012345679018 0.054074074074073906