4 0.5851851851851851 0.651641975308642 0.05901234567901232 0.06501234567901236
4 0.5182716049382715 0.4631975308641975 0.04185185185185181 0.05118518518518518
4 0.3469135802469136 0.6012962962962963 0.06567901234567898 0.06520987654320985
4 0.6005555555555556 0.5721851851851852 0.050308641975308696 0.054765432098765436
4 0.6599382716049383 0.42244444444444446 0.048580246913580254 0.05304938271604944
4 0.5592592592592592 0.49104938271604937 0.043580246913580256 0.05290123456790127
4 0.6442592592592592 0.4935679012345679 0.05203703703703695 0.05648148148148152
4 0.4481481481481482 0.6375925925925926 0.05901234567901232 0.06501234567901236
4 0.3419135802469136 0.511246913580247 0.053765432098765394 0.058197530864197614
4 0.39641975308641975 0.409641975308642 0.043395061728395114 0.04790123456790127
4 0.485679012345679 0.5271604938271605 0.04518518518518514 0.05128395061728384
4 0.5635185185185185 0.3812962962962963 0.04012345679012355 0.049469135802469096
4 0.45537037037037026 0.38308641975308644 0.04179012345679022 0.04951851851851852