4 0.47333333333333333 0.49166666666666664 0.04666666666666667 0.055
4 0.6 0.415 0.03333333333333333 0.043333333333333335
4 0.6683333333333333 0.5533333333333333 0.058333333333333334 0.06
4 0.435 0.6383333333333333 0.06333333333333334 0.07333333333333333
4 0.595 0.595 0.056666666666666664 0.06333333333333334
4 0.5283333333333333 0.4216666666666667 0.03833333333333333 0.04666666666666667
4 0.645 0.47833333333333333 0.051666666666666666 0.055
4 0.55 0.485 0.045 0.055
4 0.36333333333333334 0.42333333333333334 0.041666666666666664 0.045
4 0.34833333333333333 0.565 0.06 0.06333333333333334
4 0.45 0.4083333333333333 0.04 0.043333333333333335
4 0.33166666666666667 0.4816666666666667 0.043333333333333335 0.05333333333333334
4 0.4683333333333333 0.44666666666666666 0.043333333333333335 0.04833333333333333