4 0.47 0.5266666666666666 0.04833333333333333 0.058333333333333334
4 0.6016666666666667 0.41833333333333333 0.041666666666666664 0.05
4 0.5233333333333333 0.4033333333333333 0.035 0.04666666666666667
4 0.39 0.6133333333333333 0.06 0.06666666666666667
4 0.45666666666666667 0.43 0.04 0.04833333333333333
4 0.4533333333333333 0.6266666666666667 0.04833333333333333 0.06
4 0.36333333333333334 0.41 0.043333333333333335 0.05
4 0.43166666666666664 0.41 0.03833333333333333 0.05
4 0.545 0.5 0.03833333333333333 0.051666666666666666
4 0.2916666666666667 0.535 0.06166666666666667 0.06
4 0.635 0.495 0.04833333333333333 0.058333333333333334
4 0.72 0.58 0.055 0.05333333333333334
4 0.6583333333333333 0.6183333333333333 0.06166666666666667 0.06833333333333333