4 0.4533333333333333 0.525 0.043333333333333335 0.05
4 0.6333333333333333 0.4483333333333333 0.04833333333333333 0.05333333333333334
4 0.56 0.405 0.035 0.04833333333333333
4 0.405 0.36666666666666664 0.03833333333333333 0.04833333333333333
4 0.535 0.5216666666666666 0.045 0.05333333333333334
4 0.39666666666666667 0.615 0.04833333333333333 0.04833333333333333
4 0.4683333333333333 0.38666666666666666 0.03333333333333333 0.045
4 0.6666666666666666 0.67 0.056666666666666664 0.055
4 0.35 0.585 0.05333333333333334 0.055
4 0.625 0.545 0.05333333333333334 0.058333333333333334
4 0.2966666666666667 0.4816666666666667 0.05333333333333334 0.055
4 0.5866666666666667 0.6816666666666666 0.05333333333333334 0.05333333333333334
4 0.4816666666666667 0.41833333333333333 0.03333333333333333 0.043333333333333335