4 0.6203950617283951 0.43261728395061727 0.04069135802469134 0.047259259259259355
4 0.5308024691358025 0.5163086419753087 0.045814814814814704 0.05566666666666663
4 0.5522345679012346 0.4199382716049383 0.040740740740740765 0.05059259259259259
4 0.48029629629629633 0.4372098765432099 0.04074074074074057 0.05059259259259268
4 0.5606419753086419 0.6401111111111112 0.05765432098765435 0.06750617283950608
4 0.3927283950617284 0.3842345679012345 0.0356172839506173 0.04218518518518522
4 0.46748148148148144 0.40201234567901234 0.03230864197530858 0.04380246913580246
4 0.6625555555555555 0.6249506172839506 0.05579012345678999 0.054148148148148036
4 0.630679012345679 0.5261234567901234 0.05419753086419746 0.059123456790123326
4 0.31137037037037035 0.474716049382716 0.05071604938271605 0.049074074074074096
4 0.3824567901234568 0.6274691358024692 0.05927160493827159 0.06419753086419747
4 0.3233456790123457 0.5665802469135802 0.05922222222222217 0.060864197530864125