4 0.5533333333333333 0.5133333333333333 0.045 0.058333333333333334
4 0.625 0.5083333333333333 0.051666666666666666 0.055
4 0.5133333333333333 0.43333333333333335 0.03333333333333333 0.043333333333333335
4 0.4816666666666667 0.5016666666666667 0.03666666666666667 0.051666666666666666
4 0.5716666666666667 0.4716666666666667 0.043333333333333335 0.04666666666666667
4 0.4216666666666667 0.44 0.043333333333333335 0.04666666666666667
4 0.565 0.4216666666666667 0.035 0.043333333333333335
4 0.625 0.45 0.041666666666666664 0.045
4 0.395 0.49333333333333335 0.041666666666666664 0.051666666666666666
4 0.52 0.5833333333333334 0.051666666666666666 0.065
4 0.47833333333333333 0.405 0.03166666666666667 0.03833333333333333
4 0.48 0.455 0.043333333333333335 0.045
4 0.37666666666666665 0.5716666666666667 0.055 0.06