4 0.55 0.5133333333333333 0.05 0.056666666666666664
4 0.38333333333333336 0.6383333333333333 0.056666666666666664 0.06833333333333333
4 0.38666666666666666 0.4166666666666667 0.04 0.04833333333333333
4 0.39 0.5433333333333333 0.051666666666666666 0.058333333333333334
4 0.5783333333333334 0.6483333333333333 0.06 0.06666666666666667
4 0.44 0.51 0.05 0.058333333333333334
4 0.3883333333333333 0.4633333333333333 0.043333333333333335 0.04666666666666667
4 0.5133333333333333 0.44666666666666666 0.035 0.04666666666666667
4 0.555 0.36666666666666664 0.03666666666666667 0.043333333333333335
4 0.6016666666666667 0.405 0.035 0.045
4 0.4866666666666667 0.39166666666666666 0.03833333333333333 0.04666666666666667
4 0.6716666666666666 0.49833333333333335 0.043333333333333335 0.05333333333333334
4 0.6633333333333333 0.5683333333333334 0.04833333333333333 0.056666666666666664