4 0.46181481481481473 0.45302469135802464 0.0470493827160495 0.05339506172839492
4 0.5079135802469136 0.5996913580246913 0.0588765432098766 0.07549382716049384
4 0.6517160493827161 0.43265432098765433 0.047037037037036954 0.05172839506172826
4 0.6345185185185185 0.5866666666666667 0.06723456790123464 0.07913580246913587
4 0.5370123456790123 0.4769135802469136 0.04038271604938264 0.05314814814814819
4 0.34916049382716047 0.5488888888888889 0.06381481481481482 0.06734567901234566
4 0.6572592592592592 0.5058024691358024 0.058790123456790105 0.06382716049382718
4 0.43458024691358027 0.37734567901234567 0.03529629629629615 0.04129629629629638
4 0.5816049382716049 0.4202469135802469 0.03533333333333341 0.04629629629629619
4 0.49833333333333335 0.43166666666666664 0.03701234567901243 0.04802469135802463
4 0.35987654320987655 0.4201234567901235 0.043679012345679 0.04827160493827155
4 0.5063703703703704 0.39135802469135805 0.03696296296296282 0.04135802469135797
4 0.32543209876543205 0.4964197530864197 0.058777777777777755 0.06216049382716051