4 0.587716049382716 0.47411111111111115 0.048580246913580254 0.052012345679012244
4 0.5582716049382715 0.3993086419753087 0.0346913580246913 0.03691358024691359
4 0.48734567901234566 0.5098641975308643 0.050432098765432254 0.057024691358024786
4 0.37993827160493826 0.445641975308642 0.036543209876543206 0.04192592592592594
4 0.4779012345679013 0.6149629629629629 0.07290123456790108 0.07885185185185188
4 0.46734567901234564 0.41998765432098767 0.034814814814814854 0.04024691358024692
4 0.6974691358024692 0.5566543209876543 0.06049382716049384 0.0587654320987654
4 0.5144444444444444 0.3862962962962963 0.0346913580246913 0.03691358024691359
4 0.4422222222222222 0.5518765432098766 0.06074074074074076 0.06543209876543206
4 0.3930246913580247 0.483888888888889 0.05197530864197537 0.05370370370370362
4 0.6535185185185185 0.450283950617284 0.045 0.04532098765432086
4 0.5166666666666667 0.4462962962962963 0.03660493827160489 0.043592592592592606
4 0.7032716049382717 0.4882592592592592 0.05358024691358025 0.052049382716049496