4 0.3466666666666667 0.465 0.04666666666666667 0.05
4 0.56 0.4816666666666667 0.04 0.05
4 0.44333333333333336 0.5566666666666666 0.058333333333333334 0.065
4 0.51 0.6316666666666667 0.06833333333333333 0.07833333333333334
4 0.38333333333333336 0.5 0.045 0.055
4 0.4683333333333333 0.515 0.04666666666666667 0.055
4 0.43 0.4216666666666667 0.03333333333333333 0.04
4 0.6733333333333333 0.5583333333333333 0.06 0.06666666666666667
4 0.5316666666666666 0.40166666666666667 0.03333333333333333 0.03833333333333333
4 0.4716666666666667 0.3883333333333333 0.035 0.03833333333333333
4 0.49 0.45 0.041666666666666664 0.04833333333333333
4 0.6383333333333333 0.44166666666666665 0.041666666666666664 0.043333333333333335
4 0.675 0.48333333333333334 0.05 0.051666666666666666