4 0.545 0.6 0.058333333333333334 0.07166666666666667
4 0.4683333333333333 0.4716666666666667 0.035 0.04666666666666667
4 0.6516666666666666 0.48333333333333334 0.05 0.05333333333333334
4 0.44166666666666665 0.5816666666666667 0.06166666666666667 0.07333333333333333
4 0.6183333333333333 0.5416666666666666 0.04666666666666667 0.058333333333333334
4 0.5833333333333334 0.45666666666666667 0.04 0.045
4 0.5283333333333333 0.5 0.03666666666666667 0.05
4 0.31666666666666665 0.5266666666666666 0.055 0.05333333333333334
4 0.51 0.4483333333333333 0.03166666666666667 0.041666666666666664
4 0.47 0.405 0.035 0.04
4 0.345 0.4633333333333333 0.04 0.04833333333333333
4 0.40166666666666667 0.42333333333333334 0.03833333333333333 0.041666666666666664
4 0.5333333333333333 0.4216666666666667 0.035 0.04