4 0.5705555555555556 0.4874444444444445 0.04274074074074065 0.049259259259259426
4 0.39155555555555555 0.45348148148148143 0.03925925925925924 0.04251851851851863
4 0.5622222222222223 0.4122962962962963 0.032481481481481375 0.03737037037037036
4 0.4802592592592593 0.622037037037037 0.06840740740740747 0.07981481481481485
4 0.39251851851851854 0.49681481481481476 0.04785185185185185 0.05437037037037044
4 0.5203333333333333 0.4013703703703704 0.0324444444444445 0.035703703703703696
4 0.4726666666666667 0.43029629629629634 0.03251851851851863 0.03903703703703703
4 0.51 0.461111111111111 0.03933333333333337 0.04585185185185196
4 0.4664814814814815 0.5267777777777778 0.054629629629629715 0.05951851851851851
4 0.43877777777777777 0.5544814814814815 0.05977777777777779 0.06629629629629638
4 0.6485185185185185 0.47251851851851856 0.044370370370370435 0.04762962962962964
4 0.7027037037037037 0.5870000000000001 0.05970370370370385 0.06296296296296305
4 0.6774074074074075 0.4981481481481482 0.04440740740740731 0.0492962962962963