4 0.5633333333333334 0.6183333333333333 0.05333333333333334 0.06166666666666667
4 0.49166666666666664 0.4583333333333333 0.041666666666666664 0.051666666666666666
4 0.34 0.5766666666666667 0.05333333333333334 0.051666666666666666
4 0.5783333333333334 0.5383333333333333 0.051666666666666666 0.058333333333333334
4 0.37166666666666665 0.4033333333333333 0.043333333333333335 0.04833333333333333
4 0.5533333333333333 0.4716666666666667 0.043333333333333335 0.05333333333333334
4 0.47 0.52 0.04833333333333333 0.058333333333333334
4 0.43833333333333335 0.6116666666666667 0.04833333333333333 0.058333333333333334
4 0.625 0.4716666666666667 0.04833333333333333 0.05333333333333334
4 0.34 0.5033333333333333 0.05 0.05
4 0.62 0.4033333333333333 0.043333333333333335 0.05
4 0.45666666666666667 0.37333333333333335 0.04 0.04833333333333333
4 0.5466666666666666 0.375 0.03 0.043333333333333335