4 0.44333333333333336 0.48514814814814805 0.04 0.049222222222222174
4 0.62 0.43288888888888893 0.03833333333333333 0.04251851851851844
4 0.555 0.4243333333333334 0.03166666666666667 0.03737037037037036
4 0.5333333333333333 0.47481481481481486 0.045 0.052666666666666515
4 0.615 0.5513333333333332 0.058333333333333334 0.06962962962962971
4 0.4116666666666667 0.4141851851851852 0.03333333333333333 0.03574074074074076
4 0.6266666666666667 0.4744074074074074 0.051666666666666666 0.056148148148148114
4 0.3983333333333333 0.5378148148148147 0.06 0.0646666666666666
4 0.7133333333333334 0.5424814814814815 0.065 0.0647777777777778
4 0.4716666666666667 0.4361851851851852 0.03833333333333333 0.04251851851851844
4 0.31 0.4697777777777778 0.051666666666666666 0.049481481481481446
4 0.465 0.41800000000000004 0.028333333333333332 0.03562962962962956
4 0.325 0.5177777777777777 0.06166666666666667 0.06303703703703718