4 0.47955555555555557 0.5028395061728395 0.05209876543209873 0.059098765432098806
4 0.5207777777777778 0.5622222222222223 0.05382716049382717 0.06745679012345666
4 0.32998765432098764 0.44672839506172846 0.04198765432098772 0.04395061728395073
4 0.7197283950617284 0.4759506172839506 0.052061728395061665 0.05409876543209881
4 0.5518765432098766 0.41344444444444445 0.031950617283950655 0.038802469135802466
4 0.420679012345679 0.5770370370370369 0.05551851851851855 0.0708148148148147
4 0.6828518518518518 0.5048271604938273 0.05875308641975304 0.05753086419753079
4 0.312641975308642 0.5386419753086419 0.06377777777777775 0.06093827160493826
4 0.49183950617283945 0.41933333333333334 0.038629629629629486 0.04056790123456788
4 0.3983827160493827 0.4373827160493827 0.04032098765432096 0.04392592592592602
4 0.5448024691358025 0.4685432098765432 0.03867901234567891 0.04723456790123464
4 0.6032962962962962 0.4460123456790123 0.03533333333333341 0.045518518518518555
4 0.4382839506172839 0.45012345679012344 0.03698765432098753 0.0438765432098766