4 0.3364074074074074 0.453962962962963 0.042740740740740746 0.04925925925925924
4 0.5257407407407407 0.47974074074074075 0.04788888888888891 0.05603703703703711
4 0.4258148148148148 0.5535925925925926 0.04796296296296305 0.059370370370370434
4 0.5124074074074074 0.629962962962963 0.056592592592592535 0.07288888888888892
4 0.3790740740740741 0.48299999999999993 0.04951851851851852 0.054407407407407314
4 0.4754814814814815 0.4925185185185185 0.04277777777777771 0.0509259259259259
4 0.4663703703703703 0.3777777777777778 0.0341851851851853 0.039074074074074094
4 0.5378148148148147 0.3861851851851852 0.03251851851851863 0.03903703703703703
4 0.638888888888889 0.5605185185185185 0.06481481481481485 0.06807407407407405
4 0.6351851851851852 0.4273333333333333 0.046037037037037105 0.047666666666666704
4 0.40914814814814815 0.40403703703703703 0.03425925925925924 0.04240740740740743
4 0.6642222222222222 0.47 0.052888888888888916 0.056148148148148114
4 0.4716666666666667 0.4392962962962963 0.04440740740740731 0.0492962962962963