4 0.5198148148148148 0.48404938271604936 0.04870370370370362 0.05638271604938268
4 0.31512345679012344 0.4817901234567901 0.05203703703703705 0.05648148148148152
4 0.37537037037037035 0.5182962962962963 0.04845679012345679 0.04971604938271601
4 0.4472839506172839 0.5994074074074074 0.050308641975308696 0.054765432098765436
4 0.5412962962962964 0.6682098765432098 0.05203703703703695 0.05648148148148152
4 0.4238271604938272 0.3337283950617284 0.04364197530864203 0.054567901234567937
4 0.5103086419753087 0.33616049382716046 0.03845679012345689 0.04941975308641967
4 0.6182716049382716 0.3879012345679012 0.04697530864197536 0.05466666666666668
4 0.4754320987654321 0.5136666666666667 0.03833333333333333 0.04608641975308653
4 0.45660493827160487 0.437641975308642 0.046913580246913396 0.05299999999999992
4 0.37166666666666665 0.3935432098765432 0.04518518518518514 0.051283950617284024
4 0.6526543209876543 0.4484814814814814 0.05370370370370362 0.05653086419753094
4 0.6398148148148148 0.570395061728395 0.05882716049382718 0.060012345679012355