4 0.635 0.5086296296296297 0.045 0.053666666666666744
4 0.44 0.46507407407407414 0.04666666666666667 0.04867901234567891
4 0.41333333333333333 0.6152716049382716 0.06 0.08044444444444442
4 0.6116666666666667 0.4671358024691358 0.04666666666666667 0.04701234567901224
4 0.5233333333333333 0.5427901234567901 0.04833333333333333 0.06369135802469145
4 0.355 0.569037037037037 0.06833333333333333 0.07383950617283953
4 0.41 0.4152962962962963 0.03333333333333333 0.03524691358024692
4 0.4866666666666667 0.49139506172839503 0.04 0.05029629629629615
4 0.5416666666666666 0.41098765432098766 0.03333333333333333 0.03024691358024692
4 0.5666666666666667 0.4324691358024691 0.03833333333333333 0.04028395061728399
4 0.3466666666666667 0.4740987654320988 0.045 0.04866666666666674
4 0.5466666666666666 0.44595061728395063 0.03833333333333333 0.04195061728395066
4 0.35333333333333333 0.45071604938271603 0.043333333333333335 0.04032098765432105