4 0.3566666666666667 0.475 0.04 0.04833333333333333
4 0.55 0.46 0.03333333333333333 0.041666666666666664
4 0.48333333333333334 0.41 0.025 0.03333333333333333
4 0.4166666666666667 0.43833333333333335 0.03666666666666667 0.04
4 0.5983333333333334 0.43666666666666665 0.03333333333333333 0.03833333333333333
4 0.3983333333333333 0.51 0.055 0.056666666666666664
4 0.5916666666666667 0.5783333333333334 0.055 0.065
4 0.48 0.455 0.043333333333333335 0.045
4 0.435 0.4083333333333333 0.035 0.035
4 0.495 0.5083333333333333 0.04666666666666667 0.045
4 0.6366666666666667 0.4483333333333333 0.043333333333333335 0.041666666666666664
4 0.7116666666666667 0.5 0.056666666666666664 0.055
4 0.49833333333333335 0.5416666666666666 0.05 0.06