4 0.4979876543209877 0.6319876543209877 0.05714814814814815 0.0654197530864197
4 0.5083827160493828 0.4604074074074074 0.03533333333333341 0.04525925925925928
4 0.5508024691358026 0.5623827160493827 0.048740740740740876 0.05535802469135812
4 0.4227901234567901 0.37977777777777777 0.03365432098765429 0.043580246913580256
4 0.4570864197530864 0.5100246913580248 0.040370370370370286 0.050296296296296346
4 0.3238518518518519 0.5223703703703704 0.05708641975308638 0.05708641975308638
4 0.38596296296296295 0.5828271604938271 0.05040740740740735 0.055370370370370285
4 0.560283950617284 0.49245679012345683 0.03869135802469145 0.04861728395061732
4 0.6304444444444445 0.514641975308642 0.05040740740740754 0.055370370370370285
4 0.35503703703703704 0.4576049382716049 0.04872839506172833 0.05369135802469145
4 0.6599506172839505 0.4481975308641975 0.04706172839506166 0.053679012345679095
4 0.597925925925926 0.39940740740740743 0.04035802469135812 0.048629629629629675
4 0.512753086419753 0.3754444444444444 0.03867901234567891 0.046950617283950655