4 0.42969135802469133 0.44509876543209886 0.04679012345679022 0.04966666666666659
4 0.6375308641975309 0.4972098765432099 0.05382716049382717 0.05986419753086428
4 0.4330864197530864 0.6231358024691358 0.07129629629629639 0.08202469135802479
4 0.36216049382716053 0.5603086419753087 0.05555555555555562 0.06158024691358037
4 0.5975308641975308 0.45344444444444443 0.04339506172839492 0.04790123456790127
4 0.5322839506172838 0.5519382716049382 0.05413580246913587 0.06819753086419761
4 0.31049382716049384 0.4719382716049383 0.04679012345679013 0.04966666666666659
4 0.41 0.3924074074074074 0.03814814814814819 0.041086419753086335
4 0.5269753086419753 0.3806172839506173 0.036419753086419746 0.03937037037037044
4 0.5267283950617284 0.43223456790123455 0.04339506172839492 0.04790123456790127
4 0.4746913580246914 0.48871604938271596 0.04524691358024692 0.0529506172839505
4 0.33870370370370373 0.42948148148148146 0.03993827160493822 0.04446913580246928
4 0.554074074074074 0.41311111111111115 0.041666666666666664 0.04618518518518518