4 0.5616666666666666 0.5350246913580247 0.06166666666666667 0.06849382716049376
4 0.275 0.5268518518518518 0.06833333333333333 0.06202469135802479
4 0.6033333333333334 0.49379012345679013 0.04666666666666667 0.054716049382716014
4 0.4666666666666667 0.4361728395061728 0.03333333333333333 0.039320987654321016
4 0.43 0.5155925925925926 0.05333333333333334 0.061580246913580175
4 0.31 0.48748148148148146 0.058333333333333334 0.05506172839506178
4 0.645 0.4242222222222223 0.03166666666666667 0.039271604938271594
4 0.4583333333333333 0.46975308641975305 0.04666666666666667 0.053049382716049344
4 0.6266666666666667 0.44476543209876546 0.04 0.04451851851851851
4 0.4 0.42814814814814817 0.041666666666666664 0.03956790123456775
4 0.5666666666666667 0.4482098765432099 0.041666666666666664 0.046234567901234605
4 0.515 0.4014074074074074 0.02666666666666667 0.03245679012345685
4 0.44166666666666665 0.4102469135802469 0.035 0.037703703703703774