4 0.5292962962962963 0.5645061728395061 0.051481481481481524 0.06703703703703695
4 0.48 0.4465185185185185 0.032555555555555504 0.040234567901234565
4 0.5422222222222223 0.3960493827160494 0.0324444444444445 0.03523456790123457
4 0.4119259259259259 0.5337037037037037 0.05637037037037032 0.06207407407407402
4 0.6049259259259259 0.5172716049382715 0.04792592592592579 0.05701234567901224
4 0.3075925925925926 0.4894691358024691 0.05107407407407408 0.04870370370370362
4 0.6547777777777778 0.43522222222222223 0.03922222222222217 0.04028395061728399
4 0.4525555555555555 0.4117160493827161 0.03585185185185196 0.03859259259259261
4 0.4194814814814815 0.42362962962962963 0.04088888888888893 0.04029629629629625
4 0.4658148148148148 0.4832962962962963 0.04951851851851852 0.05369135802469145
4 0.27855555555555556 0.5330246913580248 0.06811111111111112 0.06549382716049384
4 0.5904814814814815 0.4673703703703704 0.037703703703703774 0.0469382716049383
4 0.6321111111111111 0.465395061728395 0.041000000000000036 0.045296296296296154