4 0.47833333333333333 0.51 0.05 0.058333333333333334
4 0.6 0.6233333333333333 0.056666666666666664 0.06666666666666667
4 0.6766666666666666 0.5116666666666667 0.05 0.05333333333333334
4 0.505 0.37833333333333335 0.03666666666666667 0.045
4 0.38333333333333336 0.4533333333333333 0.04 0.04833333333333333
4 0.67 0.44166666666666665 0.04833333333333333 0.051666666666666666
4 0.5066666666666667 0.6483333333333333 0.058333333333333334 0.07166666666666667
4 0.35833333333333334 0.6066666666666667 0.058333333333333334 0.06833333333333333
4 0.3 0.5133333333333333 0.04833333333333333 0.055
4 0.455 0.475 0.03833333333333333 0.04833333333333333
4 0.465 0.4116666666666667 0.03666666666666667 0.04666666666666667
4 0.595 0.405 0.04 0.04666666666666667
4 0.5383333333333333 0.4633333333333333 0.045 0.051666666666666666