4 0.5483333333333333 0.5244814814814814 0.04 0.049222222222222174
4 0.535 0.4464444444444445 0.041666666666666664 0.05259259259259257
4 0.5366666666666666 0.37807407407407406 0.041666666666666664 0.05259259259259257
4 0.43833333333333335 0.36359259259259263 0.043333333333333335 0.05262962962962964
4 0.64 0.3557777777777778 0.03833333333333333 0.047518518518518536
4 0.4266666666666667 0.5005185185185186 0.05 0.05444444444444457
4 0.36333333333333334 0.5152592592592593 0.043333333333333335 0.0492962962962963
4 0.655 0.40544444444444444 0.045 0.0526666666666667
4 0.645 0.5489999999999999 0.051666666666666666 0.05448148148148145
4 0.405 0.41433333333333333 0.03833333333333333 0.047518518518518536
4 0.3233333333333333 0.5844814814814815 0.055 0.051222222222222245
4 0.615 0.6263333333333333 0.056666666666666664 0.05959259259259265
4 0.49833333333333335 0.6805925925925926 0.05 0.06277777777777771