4 0.5406296296296297 0.503753086419753 0.04243209876543214 0.05290123456790108
4 0.30653086419753084 0.5623333333333332 0.060864197530864125 0.06011111111111101
4 0.5035555555555555 0.6447901234567901 0.05272839506172848 0.07319753086419761
4 0.3541111111111111 0.4992839506172839 0.04576543209876547 0.05299999999999992
4 0.4019382716049383 0.4195679012345679 0.037333333333333295 0.04608641975308643
4 0.4358148148148148 0.3819135802469136 0.038999999999999965 0.04613580246913576
4 0.6242469135802469 0.3696666666666667 0.0356172839506174 0.04270370370370377
4 0.6176296296296296 0.5914320987654321 0.06101234567901239 0.0701111111111112
4 0.6403086419753087 0.5224567901234568 0.05086419753086413 0.059814814814814855
4 0.4209506172839506 0.4856419753086419 0.050814814814814896 0.05648148148148152
4 0.6403456790123456 0.4075061728395062 0.042382716049382714 0.04956790123456794
4 0.5249259259259259 0.43924691358024687 0.04243209876543195 0.05290123456790127
4 0.5289506172839507 0.3924814814814815 0.04235802469135801 0.04790123456790127