4 0.3822962962962963 0.5378024691358024 0.058790123456790105 0.06209876543209892
4 0.5166666666666667 0.45380246913580247 0.03697530864197537 0.0419382716049383
4 0.487358024691358 0.5469135802469136 0.05044444444444442 0.06037037037037029
4 0.3798148148148149 0.4277901234567901 0.03862962962962967 0.04028395061728399
4 0.5147407407407407 0.4187901234567901 0.0319382716049383 0.03690123456790123
4 0.3265679012345679 0.43906172839506175 0.03862962962962967 0.04028395061728399
4 0.3701851851851852 0.4777160493827161 0.04869135802469136 0.048691358024691454
4 0.5620864197530864 0.5108024691358025 0.04875308641975304 0.057024691358024786
4 0.6888395061728395 0.5234074074074074 0.05712345679012344 0.062086419753086375
4 0.5580740740740741 0.41911111111111105 0.03361728395061732 0.03858024691358025
4 0.6565555555555556 0.43983950617283946 0.03529629629629634 0.04025925925925928
4 0.45844444444444443 0.4683703703703704 0.035320987654321054 0.043592592592592606
4 0.6072345679012345 0.5311358024691357 0.0621358024691358 0.0637901234567903