4 0.4621111111111111 0.43 0.04448148148148145 0.051666666666666666
4 0.5559259259259259 0.5583333333333333 0.05466666666666659 0.06
4 0.4179629629629629 0.4666666666666667 0.0394074074074075 0.04833333333333333
4 0.4396296296296296 0.5416666666666666 0.053000000000000116 0.06
4 0.4055925925925926 0.42333333333333334 0.0376666666666667 0.045
4 0.5165185185185186 0.45666666666666667 0.04111111111111124 0.05
4 0.3644814814814815 0.5483333333333333 0.05633333333333335 0.06
4 0.49700000000000005 0.51 0.04962962962962971 0.058333333333333334
4 0.3442962962962963 0.4816666666666667 0.04781481481481478 0.051666666666666666
4 0.5942222222222222 0.485 0.039407407407407315 0.04833333333333333
4 0.4596296296296296 0.6166666666666667 0.05640740740740739 0.06333333333333334
4 0.513037037037037 0.3883333333333333 0.0410370370370371 0.04666666666666667
4 0.6107037037037037 0.41833333333333333 0.039407407407407315 0.04833333333333333