4 0.4177283950617284 0.5894444444444443 0.05001234567901235 0.05774074074074065
4 0.3548518518518518 0.4374074074074074 0.048246913580246846 0.05437037037037044
4 0.5320617283950617 0.45181481481481484 0.0449135802469137 0.05429629629629631
4 0.5051234567901235 0.5558148148148148 0.051728395061728445 0.05944444444444438
4 0.6150246913580247 0.5500370370370371 0.04653086419753095 0.052666666666666515
4 0.4136666666666666 0.3960740740740741 0.04138271604938268 0.047555555555555504
4 0.36520987654320985 0.5055555555555555 0.05501234567901236 0.05785185185185185
4 0.5601111111111111 0.49788888888888894 0.05001234567901235 0.05774074074074065
4 0.4593703703703703 0.4751111111111112 0.04996296296296293 0.056074074074073985
4 0.6986913580246914 0.5031481481481482 0.05319753086419761 0.05281481481481478
4 0.5108641975308641 0.35555555555555557 0.0379506172839505 0.04414814814814813
4 0.6631851851851852 0.4305555555555555 0.04653086419753095 0.0526666666666667
4 0.5948888888888889 0.37703703703703706 0.03461728395061736 0.04407407407407409