4 0.44333333333333336 0.495 0.04 0.04833333333333333
4 0.62 0.44666666666666666 0.03833333333333333 0.041666666666666664
4 0.555 0.43666666666666665 0.03166666666666667 0.03666666666666667
4 0.5333333333333333 0.4866666666666667 0.045 0.051666666666666666
4 0.615 0.565 0.058333333333333334 0.06833333333333333
4 0.4116666666666667 0.42333333333333334 0.03333333333333333 0.035
4 0.6266666666666667 0.48833333333333334 0.051666666666666666 0.055
4 0.3983333333333333 0.5466666666666666 0.06 0.06333333333333334
4 0.7133333333333334 0.5583333333333333 0.065 0.06333333333333334
4 0.4716666666666667 0.44666666666666666 0.03833333333333333 0.041666666666666664
4 0.31 0.4766666666666667 0.051666666666666666 0.04833333333333333
4 0.465 0.42833333333333334 0.028333333333333332 0.035
4 0.325 0.525 0.06166666666666667 0.06166666666666667