4 0.5309259259259259 0.48404938271604936 0.047481481481481375 0.05638271604938268
4 0.3260493827160494 0.4817901234567901 0.050814814814814896 0.05648148148148152
4 0.38714814814814813 0.5182962962962963 0.04738271604938272 0.04971604938271601
4 0.46091358024691353 0.5994074074074074 0.04912345679012333 0.054765432098765436
4 0.5565185185185186 0.6682098765432098 0.05081481481481471 0.05648148148148152
4 0.43153086419753084 0.3337283950617284 0.04245679012345685 0.054567901234567937
4 0.5181234567901235 0.33616049382716046 0.037382716049382717 0.04941975308641967
4 0.6273086419753086 0.3879012345679012 0.04579012345679 0.05466666666666668
4 0.48717283950617285 0.5136666666666667 0.037333333333333295 0.04608641975308653
4 0.46664197530864193 0.437641975308642 0.04576543209876547 0.05299999999999992
4 0.38066666666666665 0.3935432098765432 0.04407407407407409 0.051283950617284024
4 0.6630617283950617 0.4484814814814814 0.05248148148148137 0.05653086419753094
4 0.652925925925926 0.570395061728395 0.05753086419753079 0.060012345679012355