4 0.45829629629629626 0.5405925925925926 0.04962962962962971 0.059765432098765434
4 0.5923703703703703 0.4361604938271605 0.04277777777777771 0.0512345679012346
4 0.5143703703703705 0.4188395061728395 0.036037037037037103 0.04770370370370368
4 0.37637037037037036 0.6248888888888888 0.061481481481481526 0.06844444444444435
4 0.44711111111111107 0.44353086419753085 0.04107407407407398 0.04951851851851852
4 0.4394074074074074 0.6400987654320988 0.04966666666666659 0.061432098765432104
4 0.3542222222222222 0.42076543209876544 0.044444444444444474 0.05128395061728393
4 0.4225555555555556 0.4227901234567902 0.039444444444444476 0.05113580246913576
4 0.533888888888889 0.5161481481481481 0.03948148148148145 0.05280246913580262
4 0.2797777777777778 0.543641975308642 0.06300000000000001 0.061827160493827096
4 0.624 0.5138148148148148 0.04962962962962971 0.059765432098765434
4 0.7071111111111111 0.6013333333333334 0.05618518518518518 0.054962962962962936
4 0.6445925925925926 0.6378395061728395 0.06318518518518507 0.07016049382716043