4 0.37833333333333335 0.535 0.058333333333333334 0.06166666666666667
4 0.5133333333333333 0.45 0.03666666666666667 0.041666666666666664
4 0.48333333333333334 0.5433333333333333 0.05 0.06
4 0.37666666666666665 0.425 0.03833333333333333 0.04
4 0.5116666666666667 0.415 0.03166666666666667 0.03666666666666667
4 0.3233333333333333 0.43666666666666665 0.03833333333333333 0.04
4 0.36666666666666664 0.475 0.04833333333333333 0.04833333333333333
4 0.5583333333333333 0.5066666666666667 0.04833333333333333 0.056666666666666664
4 0.685 0.5183333333333333 0.056666666666666664 0.06166666666666667
4 0.555 0.415 0.03333333333333333 0.03833333333333333
4 0.6533333333333333 0.435 0.035 0.04
4 0.455 0.465 0.035 0.043333333333333335
4 0.6033333333333334 0.5266666666666666 0.06166666666666667 0.06333333333333334