4 0.3822962962962963 0.529395061728395 0.058790123456790105 0.06253086419753079
4 0.5166666666666667 0.4423950617283951 0.03697530864197537 0.04220987654320993
4 0.487358024691358 0.5361728395061728 0.05044444444444442 0.06074074074074076
4 0.3798148148148149 0.41941975308641977 0.03862962962962967 0.040567901234567785
4 0.5147407407407407 0.40741975308641976 0.0319382716049383 0.037135802469135795
4 0.3265679012345679 0.4318765432098765 0.03862962962962967 0.04056790123456797
4 0.3701851851851852 0.46956790123456793 0.04869135802469136 0.04904938271604938
4 0.5620864197530864 0.49839506172839504 0.04875308641975304 0.05738271604938272
4 0.6888395061728395 0.5081851851851853 0.05712345679012344 0.06250617283950609
4 0.5580740740740741 0.4067777777777778 0.03361728395061732 0.03882716049382717
4 0.6565555555555556 0.42532098765432097 0.03529629629629634 0.04051851851851855
4 0.45844444444444443 0.4582592592592592 0.035320987654321054 0.043851851851851885
4 0.6072345679012345 0.5177283950617284 0.0621358024691358 0.06424691358024688