4 0.355 0.5183333333333333 0.051666666666666666 0.055
4 0.5433333333333333 0.45 0.04 0.04833333333333333
4 0.4216666666666667 0.57 0.04833333333333333 0.051666666666666666
4 0.445 0.35333333333333333 0.03333333333333333 0.045
4 0.38666666666666666 0.355 0.041666666666666664 0.04833333333333333
4 0.39 0.43 0.045 0.051666666666666666
4 0.5333333333333333 0.6033333333333334 0.041666666666666664 0.04833333333333333
4 0.4683333333333333 0.45166666666666666 0.04666666666666667 0.05333333333333334
4 0.6183333333333333 0.6383333333333333 0.05333333333333334 0.055
4 0.5833333333333334 0.39166666666666666 0.035 0.045
4 0.6266666666666667 0.41 0.045 0.051666666666666666
4 0.515 0.5566666666666666 0.03833333333333333 0.04833333333333333
4 0.7033333333333334 0.495 0.05333333333333334 0.056666666666666664