4 0.48333333333333334 0.51 0.051666666666666666 0.058333333333333334
4 0.525 0.57 0.05333333333333334 0.06666666666666667
4 0.3333333333333333 0.45166666666666666 0.041666666666666664 0.043333333333333335
4 0.7233333333333334 0.4866666666666667 0.051666666666666666 0.05333333333333334
4 0.555 0.4216666666666667 0.03166666666666667 0.03833333333333333
4 0.425 0.5833333333333334 0.055 0.07
4 0.6866666666666666 0.515 0.058333333333333334 0.056666666666666664
4 0.31666666666666665 0.5433333333333333 0.06333333333333334 0.06
4 0.495 0.4266666666666667 0.03833333333333333 0.04
4 0.40166666666666667 0.44333333333333336 0.04 0.043333333333333335
4 0.5483333333333333 0.4766666666666667 0.03833333333333333 0.04666666666666667
4 0.6066666666666667 0.455 0.035 0.045
4 0.44166666666666665 0.45666666666666667 0.03666666666666667 0.043333333333333335