4 0.37074074074074076 0.472358024691358 0.0414320987654321 0.048629629629629675
4 0.5636296296296297 0.4559259259259259 0.034567901234567745 0.041913580246913586
4 0.49548148148148147 0.40641975308641975 0.025987654320987683 0.033518518518518475
4 0.4296543209876543 0.4352469135802469 0.037851851851851845 0.04027160493827163
4 0.6112716049382717 0.43223456790123455 0.03446913580246928 0.03858024691358025
4 0.41344444444444445 0.5070493827160494 0.05667901234567902 0.05707407407407402
4 0.6088024691358025 0.5739506172839506 0.05692592592592594 0.06540740740740736
4 0.4934814814814814 0.4514444444444445 0.04466666666666659 0.045320987654321056
4 0.44709876543209875 0.4051111111111111 0.036037037037037103 0.035259259259259275
4 0.5100617283950618 0.5046666666666666 0.047999999999999925 0.045345679012345576
4 0.6499506172839505 0.44361728395061734 0.04456790123456775 0.04198765432098753
4 0.7264814814814815 0.4947283950617284 0.05829629629629646 0.05541975308641971
4 0.5143827160493828 0.5379753086419753 0.05177777777777768 0.06037037037037029