4 0.6416666666666667 0.545 0.051666666666666666 0.055
4 0.43 0.6266666666666667 0.06166666666666667 0.07166666666666667
4 0.475 0.465 0.04666666666666667 0.05333333333333334
4 0.5983333333333334 0.485 0.045 0.05333333333333334
4 0.36666666666666664 0.5683333333333334 0.05 0.06333333333333334
4 0.545 0.6016666666666667 0.06 0.07
4 0.5016666666666667 0.5183333333333333 0.04833333333333333 0.056666666666666664
4 0.535 0.45 0.041666666666666664 0.051666666666666666
4 0.32166666666666666 0.475 0.05333333333333334 0.05333333333333334
4 0.5866666666666667 0.4266666666666667 0.035 0.043333333333333335
4 0.54 0.38333333333333336 0.03166666666666667 0.04
4 0.4633333333333333 0.38666666666666666 0.03666666666666667 0.043333333333333335
4 0.38166666666666665 0.4166666666666667 0.04 0.045