4 0.5086296296296297 0.4520246913580247 0.03259259259259276 0.04260493827160493
4 0.38855555555555554 0.5268518518518518 0.05466666666666668 0.06158024691358037
4 0.5581481481481482 0.4751728395061728 0.046111111111111235 0.05133333333333326
4 0.4926666666666667 0.4198641975308642 0.03251851851851863 0.039271604938271594
4 0.5207037037037037 0.5090864197530864 0.04285185185185185 0.05456790123456775
4 0.5655185185185185 0.4437037037037037 0.0341851851851853 0.039320987654321016
4 0.4744074074074074 0.5660864197530864 0.04625925925925931 0.05799999999999993
4 0.42329629629629634 0.4645061728395062 0.046111111111111144 0.05133333333333326
4 0.3514074074074074 0.4723827160493827 0.04781481481481478 0.053049382716049344
4 0.42577777777777776 0.42788888888888893 0.04085185185185187 0.039518518518518515
4 0.5937407407407408 0.5996419753086419 0.05477777777777779 0.06658024691358018
4 0.6322962962962962 0.5157283950617284 0.05292592592592579 0.058197530864197614
4 0.4526666666666667 0.49372839506172833 0.04785185185185185 0.054716049382716014