4 0.5183333333333333 0.49833333333333335 0.04833333333333333 0.058333333333333334
4 0.4116666666666667 0.4066666666666667 0.035 0.041666666666666664
4 0.3883333333333333 0.6133333333333333 0.06 0.06333333333333334
4 0.505 0.635 0.055 0.06666666666666667
4 0.37666666666666665 0.5233333333333333 0.05333333333333334 0.056666666666666664
4 0.41333333333333333 0.4533333333333333 0.04833333333333333 0.051666666666666666
4 0.6833333333333333 0.5166666666666667 0.05333333333333334 0.058333333333333334
4 0.62 0.43 0.041666666666666664 0.04666666666666667
4 0.5766666666666667 0.39 0.03666666666666667 0.043333333333333335
4 0.45 0.5033333333333333 0.05 0.058333333333333334
4 0.625 0.5916666666666667 0.055 0.065
4 0.5 0.39166666666666666 0.03833333333333333 0.045
4 0.51 0.445 0.045 0.051666666666666666