4 0.43 0.63 0.051666666666666666 0.056666666666666664
4 0.5283333333333333 0.46 0.041666666666666664 0.05333333333333334
4 0.5033333333333333 0.5833333333333334 0.05 0.06
4 0.30833333333333335 0.4766666666666667 0.045 0.05
4 0.615 0.5466666666666666 0.043333333333333335 0.04833333333333333
4 0.695 0.5 0.04666666666666667 0.05
4 0.5416666666666666 0.49833333333333335 0.045 0.05333333333333334
4 0.36333333333333334 0.4166666666666667 0.04 0.04666666666666667
4 0.475 0.365 0.04 0.04833333333333333
4 0.345 0.5483333333333333 0.04833333333333333 0.05
4 0.5383333333333333 0.36833333333333335 0.03833333333333333 0.04833333333333333
4 0.4533333333333333 0.49 0.051666666666666666 0.058333333333333334
4 0.6366666666666667 0.41333333333333333 0.043333333333333335 0.04833333333333333