4 0.43666666666666665 0.48 0.03833333333333333 0.04666666666666667
4 0.63 0.615 0.058333333333333334 0.07333333333333333
4 0.6466666666666666 0.45666666666666667 0.03666666666666667 0.04666666666666667
4 0.51 0.6016666666666667 0.056666666666666664 0.07333333333333333
4 0.5216666666666666 0.5 0.04666666666666667 0.056666666666666664
4 0.3466666666666667 0.5516666666666666 0.058333333333333334 0.065
4 0.5766666666666667 0.43833333333333335 0.041666666666666664 0.04666666666666667
4 0.4483333333333333 0.39666666666666667 0.03333333333333333 0.03666666666666667
4 0.63 0.525 0.05333333333333334 0.056666666666666664
4 0.345 0.44 0.045 0.04666666666666667
4 0.32166666666666666 0.49833333333333335 0.055 0.058333333333333334
4 0.5066666666666667 0.43833333333333335 0.03166666666666667 0.041666666666666664
4 0.505 0.41 0.03 0.03