4 0.33124691358024694 0.4708148148148148 0.05079012345679009 0.05444444444444438
4 0.5561728395061728 0.4708148148148149 0.039074074074074094 0.05085185185185196
4 0.37893827160493826 0.513074074074074 0.05086419753086422 0.05944444444444457
4 0.5217407407407408 0.6581851851851852 0.05934567901234573 0.06962962962962971
4 0.4479506172839506 0.5781851851851851 0.05593827160493826 0.06455555555555557
4 0.46538271604938264 0.5261481481481481 0.044123456790123326 0.05429629629629631
4 0.4105679012345679 0.40240740740740744 0.03566666666666663 0.04577777777777783
4 0.45133333333333336 0.3498518518518518 0.038999999999999965 0.04585185185185177
4 0.5161111111111111 0.3634074074074074 0.03733333333333348 0.0458148148148148
4 0.47838271604938276 0.4358888888888888 0.044123456790123326 0.05429629629629631
4 0.6287037037037038 0.41088888888888886 0.044049382716049384 0.0492962962962963
4 0.6662222222222223 0.4650370370370371 0.05248148148148137 0.056148148148148114
4 0.6664814814814816 0.56 0.059246913580246884 0.06296296296296305