4 0.47937037037037034 0.6283333333333333 0.05811111111111112 0.065
4 0.4948518518518518 0.45666666666666667 0.03600000000000004 0.045
4 0.5342592592592592 0.5583333333333333 0.04955555555555558 0.055
4 0.4116296296296296 0.37666666666666665 0.034296296296296304 0.043333333333333335
4 0.442074074074074 0.5066666666666667 0.04111111111111124 0.05
4 0.30844444444444447 0.52 0.05792592592592598 0.056666666666666664
4 0.36877777777777776 0.58 0.051222222222222245 0.055
4 0.5458148148148149 0.48833333333333334 0.039407407407407315 0.04833333333333333
4 0.6153333333333333 0.51 0.051222222222222245 0.055
4 0.34155555555555556 0.455 0.04951851851851852 0.05333333333333334
4 0.6468148148148148 0.44333333333333336 0.04785185185185185 0.05333333333333334
4 0.5862222222222222 0.395 0.04107407407407398 0.04833333333333333
4 0.5017407407407408 0.37166666666666665 0.03937037037037044 0.04666666666666667