4 0.6616172839506173 0.44353086419753085 0.049913580246913704 0.05369135802469145
4 0.47240740740740744 0.4716049382716049 0.04824691358024703 0.05367901234567891
4 0.5392592592592592 0.6461481481481481 0.058641975308642035 0.06708641975308638
4 0.6520493827160494 0.6269753086419753 0.06545679012345677 0.0721358024691358
4 0.5895061728395061 0.42906172839506174 0.038049382716049344 0.0469382716049383
4 0.37424691358024686 0.5906913580246913 0.06016049382716043 0.06209876543209873
4 0.5500123456790124 0.5027037037037038 0.041530864197530944 0.05196296296296282
4 0.5049012345679013 0.44302469135802464 0.03976543209876544 0.04861728395061732
4 0.4277283950617284 0.3702469135802469 0.039716049382716015 0.046950617283950655
4 0.6693333333333333 0.5351604938271605 0.06016049382716043 0.06209876543209892
4 0.5067037037037038 0.39133333333333337 0.0379506172839505 0.043604938271604964
4 0.3577901234567901 0.42911111111111117 0.049864197530864185 0.05202469135802479
4 0.339037037037037 0.5276049382716049 0.06011111111111111 0.06043209876543206