4 0.3466666666666667 0.46166666666666667 0.041666666666666664 0.04833333333333333
4 0.5366666666666666 0.49166666666666664 0.04666666666666667 0.055
4 0.43833333333333335 0.5633333333333334 0.04666666666666667 0.058333333333333334
4 0.5266666666666666 0.6416666666666667 0.055 0.07166666666666667
4 0.39 0.49166666666666664 0.04833333333333333 0.05333333333333334
4 0.4866666666666667 0.5033333333333333 0.041666666666666664 0.05
4 0.475 0.3883333333333333 0.03333333333333333 0.03833333333333333
4 0.5466666666666666 0.3983333333333333 0.03166666666666667 0.03833333333333333
4 0.6516666666666666 0.575 0.06333333333333334 0.06666666666666667
4 0.645 0.44166666666666665 0.045 0.04666666666666667
4 0.41833333333333333 0.41333333333333333 0.03333333333333333 0.041666666666666664
4 0.675 0.485 0.051666666666666666 0.055
4 0.4816666666666667 0.45 0.043333333333333335 0.04833333333333333