4 0.4649012345679013 0.46714814814814815 0.045790123456790184 0.05433333333333337
4 0.6503333333333333 0.5546296296296296 0.050765432098765474 0.052777777777777715
4 0.4715925925925925 0.6907037037037037 0.05255555555555551 0.06114814814814811
4 0.6011975308641976 0.4951851851851851 0.049148148148148225 0.056074074074073985
4 0.3741234567901235 0.6301851851851852 0.05414814814814813 0.05618518518518518
4 0.5149753086419753 0.4632592592592593 0.044123456790123326 0.05429629629629631
4 0.5622592592592592 0.42262962962962963 0.03566666666666663 0.04577777777777783
4 0.49891358024691357 0.5345925925925926 0.05255555555555551 0.06114814814814811
4 0.31590123456790126 0.5088518518518519 0.0508148148148148 0.056111111111111237
4 0.5180987654320988 0.364962962962963 0.03230864197530858 0.04403703703703703
4 0.4211604938271605 0.3811481481481481 0.03569135802469134 0.0474444444444445
4 0.5708395061728395 0.6312222222222222 0.04745679012345685 0.05437037037037044
4 0.3351481481481482 0.4475925925925926 0.04412345679012352 0.05429629629629631