4 0.5121111111111111 0.4933703703703704 0.04788888888888891 0.05603703703703711
4 0.4137777777777778 0.6454814814814814 0.061555555555555565 0.07133333333333326
4 0.3672222222222222 0.4166296296296296 0.0392962962962963 0.0441851851851852
4 0.38437037037037036 0.5445185185185185 0.05629629629629638 0.059555555555555584
4 0.5217037037037038 0.3615555555555556 0.03085185185185196 0.038999999999999965
4 0.5710000000000001 0.617 0.058074074074074056 0.06459259259259265
4 0.45877777777777773 0.4945555555555556 0.04959259259259246 0.05774074074074065
4 0.5860740740740741 0.3884444444444444 0.03762962962962964 0.04414814814814813
4 0.3845925925925926 0.4595555555555556 0.05118518518518518 0.05444444444444457
4 0.6593703703703704 0.46344444444444444 0.05118518518518518 0.05444444444444438
4 0.6613703703703703 0.5233703703703704 0.05629629629629638 0.059555555555555584
4 0.4496296296296296 0.38148148148148153 0.0359259259259259 0.04244444444444449
4 0.48840740740740746 0.4355925925925926 0.04448148148148145 0.05262962962962964