4 0.5488271604938272 0.47129629629629627 0.04243209876543214 0.05259259259259257
4 0.346358024691358 0.5341481481481481 0.05750617283950618 0.05792592592592598
4 0.42658024691358026 0.5473703703703704 0.04576543209876547 0.0526666666666667
4 0.5339629629629629 0.5933333333333334 0.05419753086419746 0.05951851851851851
4 0.6527654320987655 0.6223703703703704 0.0642716049382716 0.06474074074074072
4 0.39062962962962966 0.37144444444444447 0.04574074074074076 0.05100000000000004
4 0.5210864197530864 0.5119259259259259 0.04745679012345685 0.05437037037037044
4 0.4720246913580247 0.3512962962962963 0.04071604938271605 0.049222222222222174
4 0.5939382716049383 0.3652592592592593 0.03569135802469134 0.0474444444444445
4 0.36159259259259263 0.43711111111111106 0.04912345679012352 0.054407407407407314
4 0.46850617283950613 0.45140740740740737 0.037358024691358196 0.047481481481481375
4 0.647888888888889 0.40574074074074074 0.044098765432098806 0.05262962962962964
4 0.6910864197530864 0.5081481481481482 0.052506172839506086 0.057814814814814784