4 0.5685432098765432 0.4928395061728395 0.04672839506172844 0.06
4 0.6400617283950618 0.48518518518518516 0.05329629629629646 0.056913580246913585
4 0.5261728395061728 0.41432098765432096 0.03461728395061717 0.044567901234567844
4 0.49653086419753095 0.4838271604938272 0.03819753086419761 0.053024691358024637
4 0.5856419753086419 0.45049382716049385 0.04471604938271601 0.04827160493827155
4 0.43470370370370376 0.4243827160493827 0.04471604938271601 0.04827160493827155
4 0.5774938271604938 0.4007407407407408 0.036283950617284025 0.044629629629629713
4 0.6383333333333333 0.4268518518518518 0.04299999999999993 0.04654320987654311
4 0.40961728395061725 0.47870370370370363 0.043197530864197614 0.05320987654320978
4 0.537283950617284 0.5640740740740741 0.05359259259259261 0.06691358024691359
4 0.4903333333333333 0.387283950617284 0.032802469135802426 0.03950617283950616
4 0.4934814814814814 0.4372222222222223 0.04466666666666659 0.04660493827160508
4 0.3936049382716049 0.5577160493827161 0.056777777777777774 0.06203703703703695