4 0.3939259259259259 0.561283950617284 0.05637037037037032 0.06329629629629627
4 0.4974074074074074 0.5515555555555556 0.05311111111111112 0.06653086419753095
4 0.49351851851851847 0.4267530864197532 0.039407407407407315 0.04946913580246928
4 0.28833333333333333 0.4411604938271605 0.042703703703703674 0.04790123456790127
4 0.604851851851852 0.5133950617283951 0.05466666666666659 0.06158024691358037
4 0.3506666666666666 0.48428395061728396 0.04781481481481478 0.053049382716049344
4 0.556962962962963 0.4948271604938272 0.04796296296296305 0.05971604938271601
4 0.44285185185185183 0.45823456790123457 0.04277777777777771 0.0512345679012346
4 0.3372222222222222 0.41472839506172837 0.044370370370370435 0.04795061728395069
4 0.677 0.489604938271605 0.05129629629629638 0.059814814814814855
4 0.47955555555555557 0.38053086419753085 0.0359259259259259 0.042703703703703674
4 0.5195925925925926 0.377679012345679 0.032555555555555504 0.04093827160493826
4 0.6225925925925926 0.3896172839506173 0.0359259259259259 0.04270370370370377