4 0.5659753086419753 0.6159629629629629 0.05932098765432101 0.06796296296296304
4 0.51 0.4388148148148148 0.040740740740740765 0.05088888888888884
4 0.3269012345679012 0.5712592592592594 0.06429629629629631 0.06640740740740739
4 0.5848395061728395 0.5388518518518519 0.04743209876543195 0.05270370370370377
4 0.4274197530864198 0.604037037037037 0.05932098765432101 0.06796296296296304
4 0.4725308641975309 0.498 0.044098765432098806 0.05262962962962964
4 0.5487037037037037 0.46296296296296297 0.04240740740740743 0.0509259259259259
4 0.651074074074074 0.3956666666666666 0.04574074074074076 0.05100000000000004
4 0.6337283950617283 0.46274074074074073 0.05081481481481471 0.05611111111111105
4 0.39428395061728394 0.393037037037037 0.04402469135802467 0.04762962962962964
4 0.33066666666666666 0.48781481481481476 0.0508148148148148 0.056111111111111237
4 0.5588641975308642 0.361037037037037 0.03902469135802486 0.04751851851851844
4 0.4522222222222222 0.36507407407407405 0.04069135802469134 0.047555555555555504