4 0.45166666666666666 0.44329629629629624 0.043333333333333335 0.05262962962962964
4 0.4766666666666667 0.34774074074074074 0.03666666666666667 0.0458148148148148
4 0.5783333333333334 0.5821481481481482 0.056666666666666664 0.06625925925925931
4 0.31333333333333335 0.6347037037037037 0.06833333333333333 0.06818518518518507
4 0.6133333333333333 0.5047037037037037 0.045 0.052666666666666515
4 0.5716666666666667 0.443962962962963 0.04 0.05088888888888884
4 0.6116666666666667 0.38307407407407407 0.043333333333333335 0.04762962962962964
4 0.36833333333333335 0.42514814814814816 0.04 0.047555555555555504
4 0.61 0.4281111111111111 0.041666666666666664 0.04925925925925924
4 0.4666666666666667 0.49962962962962965 0.04666666666666667 0.05603703703703711
4 0.30833333333333335 0.5631481481481482 0.055 0.06122222222222225
4 0.39166666666666666 0.3962962962962963 0.045 0.05100000000000004
4 0.45166666666666666 0.5866296296296296 0.06166666666666667 0.07303703703703718