4 0.5425308641975308 0.5083333333333333 0.04917283950617275 0.056666666666666664
4 0.3517160493827161 0.4533333333333333 0.04243209876543214 0.051666666666666666
4 0.3940740740740741 0.5 0.04745679012345685 0.05333333333333334
4 0.44217283950617287 0.5966666666666667 0.042382716049382714 0.04833333333333333
4 0.49111111111111105 0.525 0.04409876543209862 0.051666666666666666
4 0.5670740740740741 0.365 0.03400000000000015 0.045
4 0.516962962962963 0.695 0.04743209876543195 0.051666666666666666
4 0.4884197530864197 0.3433333333333333 0.03740740740740743 0.05
4 0.6615432098765432 0.44166666666666665 0.049148148148148225 0.055
4 0.6841975308641974 0.5083333333333333 0.054148148148148036 0.055
4 0.42403703703703705 0.385 0.03566666666666663 0.045
4 0.49164197530864195 0.4483333333333333 0.045814814814814704 0.055
4 0.6392839506172839 0.6266666666666667 0.05753086419753079 0.058333333333333334