4 0.5481111111111111 0.4732222222222222 0.03569135802469134 0.04718518518518522
4 0.3564691358024692 0.468716049382716 0.03735802469135801 0.04720987654320993
4 0.505962962962963 0.39258024691358023 0.028876543209876596 0.03708641975308637
4 0.45939506172839506 0.3852222222222222 0.035567901234567975 0.03885185185185189
4 0.5274074074074074 0.6329506172839506 0.05267901234567906 0.06909876543209881
4 0.4271111111111111 0.4264197530864198 0.03228395061728406 0.0421358024691358
4 0.3807283950617284 0.5190864197530864 0.054197530864197555 0.059123456790123326
4 0.6135308641975308 0.4458518518518519 0.04233333333333349 0.045617283950617205
4 0.4599135802469136 0.5752716049382717 0.057629629629629635 0.06583950617283942
4 0.4705555555555555 0.5320864197530863 0.052382716049382716 0.049098765432098616
4 0.4816913580246914 0.455567901234568 0.044049382716049384 0.04897530864197544
4 0.7019506172839507 0.5538518518518519 0.060864197530864125 0.05922222222222217
4 0.6482098765432098 0.468037037037037 0.04571604938271605 0.049000000000000155