4 0.3983333333333333 0.5933333333333334 0.055 0.06333333333333334
4 0.3433333333333333 0.44166666666666665 0.045 0.05333333333333334
4 0.5183333333333333 0.4633333333333333 0.043333333333333335 0.05333333333333334
4 0.48333333333333334 0.5633333333333334 0.05 0.058333333333333334
4 0.3516666666666667 0.5083333333333333 0.051666666666666666 0.056666666666666664
4 0.5933333333333334 0.5633333333333334 0.041666666666666664 0.05333333333333334
4 0.405 0.405 0.04 0.04666666666666667
4 0.44666666666666666 0.4816666666666667 0.04833333333333333 0.055
4 0.68 0.5216666666666666 0.04833333333333333 0.051666666666666666
4 0.5433333333333333 0.51 0.04666666666666667 0.056666666666666664
4 0.505 0.36833333333333335 0.03666666666666667 0.043333333333333335
4 0.6516666666666666 0.4483333333333333 0.04666666666666667 0.051666666666666666
4 0.5866666666666667 0.3933333333333333 0.035 0.045