4 0.4716666666666667 0.44 0.041666666666666664 0.05
4 0.6166666666666667 0.4533333333333333 0.043333333333333335 0.04666666666666667
4 0.34 0.6316666666666667 0.055 0.05333333333333334
4 0.6 0.6116666666666667 0.051666666666666666 0.05333333333333334
4 0.6266666666666667 0.3933333333333333 0.03833333333333333 0.043333333333333335
4 0.4683333333333333 0.5133333333333333 0.04666666666666667 0.05333333333333334
4 0.565 0.4683333333333333 0.043333333333333335 0.05333333333333334
4 0.3383333333333333 0.54 0.056666666666666664 0.058333333333333334
4 0.46 0.6116666666666667 0.055 0.06166666666666667
4 0.5033333333333333 0.3566666666666667 0.028333333333333332 0.04
4 0.3616666666666667 0.4216666666666667 0.04666666666666667 0.051666666666666666
4 0.4166666666666667 0.37833333333333335 0.043333333333333335 0.04833333333333333
4 0.6066666666666667 0.535 0.05 0.056666666666666664