4 0.4568518518518518 0.5333333333333333 0.05292592592592579 0.056666666666666664
4 0.43392592592592594 0.4766666666666667 0.04451851851851851 0.05333333333333334
4 0.6172222222222222 0.475 0.04785185185185185 0.05333333333333334
4 0.3882592592592593 0.5216666666666666 0.05125925925925932 0.056666666666666664
4 0.4368518518518518 0.6083333333333333 0.05962962962962971 0.058333333333333334
4 0.49503703703703705 0.45166666666666666 0.04618518518518518 0.05333333333333334
4 0.5589259259259259 0.5516666666666666 0.051222222222222245 0.055
4 0.6392592592592592 0.5666666666666667 0.054629629629629715 0.058333333333333334
4 0.5575185185185185 0.41333333333333333 0.04451851851851851 0.05333333333333334
4 0.5354444444444444 0.62 0.051222222222222245 0.055
4 0.40755555555555556 0.415 0.04111111111111114 0.05
4 0.545962962962963 0.49333333333333335 0.04111111111111105 0.05
4 0.49307407407407405 0.36333333333333334 0.04277777777777791 0.05