4 0.4115185185185185 0.6080864197530864 0.05640740740740739 0.06537037037037029
4 0.35314814814814816 0.4543827160493827 0.04618518518518518 0.055
4 0.5286296296296297 0.4825308641975309 0.04451851851851871 0.05493827160493822
4 0.49585185185185177 0.5812345679012346 0.05129629629629638 0.06018518518518514
4 0.36296296296296293 0.5213580246913581 0.05292592592592598 0.058580246913580256
4 0.6058518518518519 0.5853086419753087 0.04285185185185185 0.05487654320987644
4 0.41400000000000003 0.42 0.04103703703703701 0.04814814814814819
4 0.45737037037037037 0.49820987654321 0.04955555555555558 0.05679012345679022
4 0.6915925925925925 0.5468518518518518 0.049481481481481446 0.05345679012345689
4 0.5546666666666666 0.5301234567901235 0.04792592592592598 0.05839506172839511
4 0.5131851851851852 0.38703703703703707 0.03762962962962964 0.044691358024691305
4 0.6616296296296296 0.4724691358024692 0.04781481481481478 0.05339506172839492
4 0.5954074074074074 0.4150617283950617 0.03599999999999985 0.04629629629629629