4 0.44022222222222224 0.46382716049382716 0.038679012345679095 0.04808641975308641
4 0.6345555555555555 0.5916666666666667 0.0588765432098766 0.07549382716049384
4 0.6500493827160494 0.432716049382716 0.037012345679012244 0.04802469135802463
4 0.5144567901234567 0.5827777777777777 0.05720987654320993 0.07543209876543225
4 0.5253703703703704 0.480679012345679 0.047086419753086375 0.05839506172839492
4 0.35075308641975306 0.5388271604938272 0.05881481481481482 0.06716049382716051
4 0.5799135802469135 0.4169753086419753 0.04201234567901224 0.04820987654320987
4 0.45127160493827156 0.38006172839506175 0.03360493827160496 0.03790123456790127
4 0.633888888888889 0.5016666666666667 0.05375308641975304 0.058641975308642035
4 0.34825925925925927 0.42722222222222217 0.04534567901234567 0.04833333333333333
4 0.32535802469135805 0.48641975308641977 0.055432098765432064 0.06037037037037029
4 0.5099135802469135 0.41956790123456794 0.03197530864197536 0.04283950617283949
4 0.508037037037037 0.3912962962962963 0.0302222222222224 0.031111111111111048