4 0.5195185185185185 0.515 0.040395061728395 0.05333333333333334
4 0.4853086419753087 0.4083333333333333 0.03528395061728399 0.03833333333333333
4 0.4385061728395061 0.4266666666666667 0.03864197530864203 0.041666666666666664
4 0.5634938271604938 0.42833333333333334 0.03864197530864203 0.041666666666666664
4 0.6698888888888889 0.465 0.04704938271604931 0.051666666666666666
4 0.42314814814814816 0.475 0.04871604938271607 0.051666666666666666
4 0.6684691358024691 0.43166666666666664 0.03696296296296301 0.04
4 0.6142098765432099 0.5566666666666666 0.05881481481481482 0.065
4 0.5398888888888888 0.465 0.042024691358024786 0.04833333333333333
4 0.4088024691358025 0.6116666666666667 0.06558024691358033 0.07833333333333334
4 0.29793827160493824 0.5033333333333333 0.06043209876543206 0.058333333333333334
4 0.3615061728395062 0.4716666666666667 0.04369135802469136 0.04833333333333333
4 0.550530864197531 0.6033333333333334 0.06556790123456797 0.07666666666666666