4 0.4896666666666666 0.5241728395061729 0.05129629629629638 0.059814814814814855
4 0.6138518518518519 0.6411111111111112 0.05814814814814819 0.06834567901234569
4 0.688037037037037 0.5317160493827161 0.05118518518518537 0.05481481481481486
4 0.5134074074074074 0.3932962962962963 0.037666666666666515 0.04608641975308643
4 0.39340740740740743 0.4646913580246914 0.041074074074074075 0.04951851851851852
4 0.6798148148148149 0.4615185185185185 0.049481481481481446 0.053098765432098766
4 0.521074074074074 0.6633456790123456 0.05992592592592587 0.0733950617283951
4 0.3718148148148148 0.6172839506172839 0.05985185185185193 0.07006172839506178
4 0.3114074074074074 0.5222222222222221 0.04955555555555558 0.0564320987654321
4 0.4655555555555556 0.4884814814814815 0.039407407407407315 0.049469135802469096
4 0.4741481481481482 0.42544444444444446 0.037703703703703774 0.0477530864197531
4 0.604 0.42262962962962963 0.0410370370370371 0.04785185185185185
4 0.5486296296296297 0.47928395061728396 0.04614814814814811 0.05299999999999992