4 0.3358024691358024 0.5183333333333333 0.05370370370370362 0.055
4 0.5266666666666666 0.45 0.04179012345679022 0.04833333333333333
4 0.40055555555555555 0.57 0.05024691358024692 0.051666666666666666
4 0.43191358024691356 0.35333333333333333 0.035 0.045
4 0.3735185185185185 0.355 0.043456790123456795 0.04833333333333333
4 0.3740740740740741 0.43 0.04691358024691359 0.051666666666666666
4 0.5109876543209877 0.6033333333333334 0.043456790123456886 0.04833333333333333
4 0.4516049382716049 0.45166666666666666 0.04864197530864203 0.05333333333333334
4 0.5946913580246913 0.6383333333333333 0.055370370370370285 0.055
4 0.5688271604938272 0.39166666666666666 0.03666666666666667 0.045
4 0.6114814814814815 0.41 0.046913580246913396 0.051666666666666666
4 0.4943827160493828 0.5566666666666666 0.04012345679012355 0.04833333333333333
4 0.685 0.495 0.055432098765432064 0.056666666666666664