4 0.3654444444444444 0.5345308641975308 0.05455555555555558 0.05658024691358018
4 0.39888888888888885 0.3884444444444444 0.0376666666666667 0.04608641975308643
4 0.5387777777777778 0.45434567901234574 0.04618518518518518 0.05466666666666659
4 0.4522222222222223 0.536962962962963 0.056333333333333256 0.06162962962962979
4 0.5531851851851851 0.5773333333333333 0.05637037037037032 0.06329629629629646
4 0.5332962962962963 0.5078765432098765 0.04959259259259246 0.05809876543209877
4 0.4668518518518518 0.3697530864197531 0.03259259259259276 0.04260493827160493
4 0.6647037037037037 0.567358024691358 0.05466666666666659 0.06158024691358037
4 0.3718518518518519 0.4476172839506173 0.04448148148148145 0.052950617283950695
4 0.461962962962963 0.4499506172839506 0.04788888888888891 0.05638271604938268
4 0.5784074074074075 0.36144444444444446 0.04099999999999985 0.04618518518518518
4 0.6828888888888889 0.48509876543209873 0.05111111111111124 0.051481481481481524
4 0.6445185185185185 0.4095185185185185 0.04618518518518518 0.05466666666666659