4 0.5375308641975308 0.5122592592592593 0.04917283950617275 0.057024691358024786
4 0.3680617283950617 0.4343456790123456 0.03902469135802467 0.046950617283950655
4 0.4168271604938271 0.576358024691358 0.0508148148148148 0.055370370370370285
4 0.46838271604938275 0.6817283950617284 0.052530864197530794 0.058716049382716164
4 0.48260493827160494 0.5168518518518518 0.04914814814814804 0.05535802469135812
4 0.3971111111111111 0.4828888888888889 0.050814814814814896 0.055370370370370285
4 0.5186172839506173 0.36046913580246914 0.03397530864197544 0.043580246913580256
4 0.5907037037037037 0.3893333333333333 0.03566666666666663 0.04525925925925928
4 0.6735802469135802 0.4716049382716049 0.05081481481481471 0.055370370370370285
4 0.6127901234567901 0.6428024691358024 0.05753086419753079 0.05875308641975304
4 0.6828765432098766 0.5366666666666666 0.055839506172839413 0.05707407407407402
4 0.49995061728395057 0.45032098765432094 0.04409876543209862 0.051987654320987724
4 0.450679012345679 0.3866296296296296 0.035641975308642104 0.043592592592592606