4 0.5414197530864198 0.45888888888888885 0.04351851851851848 0.0512345679012346
4 0.3869135802469136 0.5575308641975308 0.06067901234567898 0.0650617283950616
4 0.48617283950617285 0.5854444444444444 0.047160493827160505 0.05966666666666659
4 0.3533950617283951 0.41669135802469137 0.041543209876543204 0.04285185185185185
4 0.4078395061728395 0.40332098765432095 0.041666666666666664 0.04618518518518518
4 0.4754320987654321 0.4752469135802469 0.041728395061728256 0.04785185185185185
4 0.5495061728395062 0.40751851851851856 0.034938271604938224 0.04432098765432101
4 0.5680246913580247 0.5479135802469136 0.048827160493827175 0.05971604938271601
4 0.3871604938271605 0.4742962962962963 0.05197530864197537 0.05481481481481486
4 0.6959876543209876 0.5866666666666667 0.06074074074074076 0.06672839506172844
4 0.591358024691358 0.41375308641975306 0.041728395061728256 0.04785185185185185
4 0.6929012345679013 0.45838271604938274 0.04685185185185181 0.05133333333333326
4 0.6025925925925926 0.5822345679012346 0.06234567901234565 0.06511111111111101