4 0.525 0.44333333333333336 0.041666666666666664 0.05
4 0.36666666666666664 0.5466666666666666 0.058333333333333334 0.06333333333333334
4 0.465 0.5716666666666667 0.045 0.058333333333333334
4 0.3383333333333333 0.4066666666666667 0.04 0.041666666666666664
4 0.3933333333333333 0.39166666666666666 0.04 0.045
4 0.4583333333333333 0.46166666666666667 0.04 0.04666666666666667
4 0.535 0.39166666666666666 0.03333333333333333 0.043333333333333335
4 0.5483333333333333 0.5316666666666666 0.04666666666666667 0.058333333333333334
4 0.37 0.4633333333333333 0.05 0.05333333333333334
4 0.675 0.5666666666666667 0.058333333333333334 0.065
4 0.5766666666666667 0.39666666666666667 0.04 0.04666666666666667
4 0.6766666666666666 0.43833333333333335 0.045 0.05
4 0.5816666666666667 0.565 0.06 0.06333333333333334