4 0.5187777777777778 0.5562592592592593 0.052962962962963045 0.05948148148148145
4 0.5216296296296296 0.3847407407407407 0.037666666666666515 0.04581481481481489
4 0.4388148148148148 0.48118518518518516 0.04955555555555558 0.056074074074073985
4 0.4671851851851852 0.40851851851851856 0.04277777777777791 0.0509259259259259
4 0.3801111111111111 0.4632222222222222 0.04785185185185185 0.05437037037037044
4 0.5588518518518519 0.48551851851851857 0.04107407407407398 0.049222222222222174
4 0.5977037037037036 0.4347407407407407 0.03933333333333337 0.04585185185185196
4 0.3159259259259259 0.4984444444444444 0.05792592592592598 0.05792592592592598
4 0.7132592592592593 0.4622962962962962 0.04951851851851852 0.054407407407407314
4 0.597074074074074 0.6312962962962962 0.05625925925925913 0.05788888888888891
4 0.6960740740740741 0.5135555555555555 0.052888888888888916 0.056148148148148114
4 0.39270370370370367 0.6550740740740741 0.05292592592592598 0.057814814814814784
4 0.5231111111111111 0.6762962962962963 0.05799999999999993 0.06125925925925931