4 0.5566666666666666 0.6283333333333333 0.058333333333333334 0.06666666666666667
4 0.5033333333333333 0.45 0.04 0.05
4 0.31833333333333336 0.5783333333333334 0.06333333333333334 0.065
4 0.5766666666666667 0.5516666666666666 0.04666666666666667 0.051666666666666666
4 0.41833333333333333 0.6133333333333333 0.058333333333333334 0.06666666666666667
4 0.465 0.5083333333333333 0.043333333333333335 0.051666666666666666
4 0.5416666666666666 0.475 0.041666666666666664 0.05
4 0.645 0.41 0.045 0.05
4 0.6266666666666667 0.4766666666666667 0.05 0.055
4 0.3883333333333333 0.40166666666666667 0.043333333333333335 0.04666666666666667
4 0.3233333333333333 0.495 0.05 0.055
4 0.5533333333333333 0.37333333333333335 0.03833333333333333 0.04666666666666667
4 0.44666666666666666 0.375 0.04 0.04666666666666667