4 0.41133333333333333 0.6268148148148147 0.05334567901234569 0.0570493827160495
4 0.5147037037037037 0.45608641975308645 0.043246913580247036 0.05364197530864203
4 0.48604938271604947 0.579604938271605 0.05177777777777768 0.06037037037037029
4 0.2942098765432099 0.4743827160493828 0.046481481481481526 0.05033333333333341
4 0.5988024691358025 0.5421111111111111 0.044765432098765434 0.048654320987654195
4 0.6801851851851851 0.49485185185185193 0.04814814814814819 0.05034567901234557
4 0.5269012345679013 0.49432098765432103 0.046580246913580176 0.053666666666666744
4 0.35098765432098766 0.4139753086419753 0.04138271604938268 0.046962962962962915
4 0.4641851851851852 0.3614814814814815 0.0414320987654321 0.048629629629629675
4 0.32875308641975304 0.5457777777777778 0.04981481481481486 0.05035802469135812
4 0.5274197530864198 0.36434567901234566 0.03976543209876544 0.04861728395061732
4 0.4388148148148148 0.48664197530864195 0.05339506172839511 0.058716049382716164
4 0.6244197530864197 0.40861728395061725 0.044765432098765434 0.04865432098765429