4 0.5587530864197531 0.6350246913580248 0.053790123456790295 0.06324691358024703
4 0.48827160493827154 0.4729012345679013 0.0420493827160495 0.05290123456790108
4 0.3357283950617284 0.5867407407407408 0.05371604938271607 0.05324691358024703
4 0.5743456790123457 0.5554691358024691 0.05209876543209892 0.05986419753086428
4 0.368679012345679 0.4143456790123457 0.04369135802469136 0.049617283950617264
4 0.5498395061728396 0.4880617283950617 0.04372839506172833 0.05461728395061717
4 0.4661481481481481 0.5339259259259259 0.04876543209876558 0.059765432098765434
4 0.43380246913580245 0.6246543209876543 0.048765432098765396 0.059765432098765434
4 0.6215061728395063 0.49018518518518517 0.04872839506172833 0.054765432098765436
4 0.33627160493827163 0.5134074074074074 0.05037037037037038 0.051481481481481524
4 0.6170123456790124 0.4217037037037037 0.04370370370370362 0.05128395061728393
4 0.4539012345679013 0.3868641975308642 0.04035802469135812 0.04951851851851852
4 0.543888888888889 0.39119753086419756 0.030320987654320865 0.04422222222222217