4 0.362679012345679 0.513074074074074 0.05248148148148147 0.05576543209876547
4 0.55 0.44195061728395063 0.04071604938271605 0.04892592592592602
4 0.4301111111111111 0.5637530864197531 0.049098765432098804 0.052382716049382716
4 0.45023456790123456 0.34674074074074074 0.03399999999999996 0.04549382716049384
4 0.39192592592592596 0.3492716049382716 0.042382716049382714 0.048950617283950636
4 0.3963703703703704 0.4242222222222223 0.04576543209876547 0.052333333333333294
4 0.5422716049382716 0.595432098765432 0.042382716049382714 0.04895061728395073
4 0.4750246913580247 0.44472839506172834 0.04745679012345666 0.05402469135802467
4 0.6277901234567901 0.6291728395061729 0.054148148148148036 0.055790123456790186
4 0.5891358024691358 0.38302469135802475 0.03566666666666663 0.045518518518518555
4 0.6327407407407407 0.40071604938271604 0.04576543209876547 0.052333333333333294
4 0.5232469135802469 0.549037037037037 0.03904938271604939 0.048901234567901304
4 0.7106666666666667 0.4845802469135803 0.05417283950617275 0.05745679012345666