4 0.515 0.6 0.055 0.06833333333333333
4 0.49833333333333335 0.44 0.03166666666666667 0.041666666666666664
4 0.57 0.3983333333333333 0.03333333333333333 0.04
4 0.57 0.5466666666666666 0.055 0.06166666666666667
4 0.34 0.47 0.045 0.05
4 0.5683333333333334 0.485 0.03833333333333333 0.04833333333333333
4 0.4216666666666667 0.4083333333333333 0.03666666666666667 0.04
4 0.6666666666666666 0.45166666666666666 0.03666666666666667 0.04666666666666667
4 0.2916666666666667 0.525 0.06166666666666667 0.06
4 0.455 0.48833333333333334 0.04833333333333333 0.055
4 0.39166666666666666 0.55 0.045 0.06
4 0.625 0.49166666666666664 0.041666666666666664 0.051666666666666666
4 0.485 0.395 0.03666666666666667 0.041666666666666664