4 0.5629135802469136 0.48677777777777775 0.04743209876543195 0.05235802469135801
4 0.537358024691358 0.4113827160493827 0.0338765432098766 0.03716049382716051
4 0.4607283950617284 0.5202716049382716 0.04917283950617275 0.05738271604938272
4 0.3566913580246914 0.4537160493827161 0.03561728395061721 0.04218518518518522
4 0.4458395061728395 0.6250740740740741 0.07116049382716047 0.07937037037037044
4 0.445395061728395 0.43002469135802474 0.03392592592592602 0.040493827160493844
4 0.6683456790123457 0.5716913580246914 0.05919753086419746 0.05919753086419746
4 0.4942222222222222 0.39740740740740743 0.0338765432098766 0.03716049382716051
4 0.41344444444444445 0.5612469135802469 0.059296296296296305 0.06586419753086413
4 0.36779012345679013 0.49222222222222217 0.05079012345679009 0.054074074074074094
4 0.6299259259259259 0.464432098765432 0.04400000000000015 0.045641975308642106
4 0.49333333333333335 0.45740740740740743 0.03564197530864192 0.043851851851851885
4 0.6776913580246914 0.5034814814814815 0.05243209876543195 0.05243209876543214