4 0.5601481481481481 0.43880246913580245 0.03799999999999992 0.04608641975308653
4 0.36790123456790125 0.48119753086419753 0.04829629629629627 0.05638271604938268
4 0.47655555555555545 0.37622222222222224 0.02941975308641986 0.03750617283950608
4 0.42488888888888887 0.3777530864197531 0.037851851851851845 0.04108641975308643
4 0.41622222222222227 0.42304938271604936 0.04133333333333326 0.04618518518518518
4 0.42585185185185187 0.5228518518518519 0.05506172839506178 0.05991358024691351
4 0.4884320987654321 0.43925925925925924 0.044765432098765434 0.04961728395061736
4 0.6007283950617284 0.4009012345679012 0.03456790123456794 0.04265432098765435
4 0.6278271604938271 0.5835925925925927 0.05687654320987652 0.06496296296296293
4 0.5240370370370371 0.5149382716049382 0.04491358024691351 0.05461728395061717
4 0.6411728395061729 0.41471604938271606 0.04471604938271601 0.0479506172839506
4 0.5351234567901234 0.5513086419753086 0.04834567901234569 0.05804938271604935
4 0.7230493827160493 0.475679012345679 0.05496296296296312 0.056580246913580365