4 0.5416666666666666 0.48333333333333334 0.041666666666666664 0.051666666666666666
4 0.3383333333333333 0.5416666666666666 0.056666666666666664 0.056666666666666664
4 0.41833333333333333 0.5566666666666666 0.045 0.051666666666666666
4 0.525 0.605 0.05333333333333334 0.058333333333333334
4 0.6433333333333333 0.6366666666666667 0.06333333333333334 0.06333333333333334
4 0.385 0.38 0.045 0.05
4 0.5133333333333333 0.5233333333333333 0.04666666666666667 0.05333333333333334
4 0.4666666666666667 0.3616666666666667 0.04 0.04833333333333333
4 0.5883333333333334 0.37833333333333335 0.035 0.04666666666666667
4 0.355 0.445 0.04833333333333333 0.05333333333333334
4 0.46166666666666667 0.46166666666666667 0.03666666666666667 0.04666666666666667
4 0.6416666666666667 0.42 0.043333333333333335 0.051666666666666666
4 0.6833333333333333 0.5233333333333333 0.051666666666666666 0.056666666666666664