4 0.5442716049382716 0.6034691358024692 0.06959259259259265 0.08601234567901239
4 0.4212962962962963 0.4686543209876543 0.04738271604938272 0.049024691358024675
4 0.4480493827160493 0.5749012345679012 0.06613580246913595 0.07762962962962963
4 0.6495061728395062 0.473604938271605 0.05071604938271605 0.049074074074074096
4 0.5998765432098765 0.44934567901234573 0.042308641975308585 0.04395061728395073
4 0.5789135802469136 0.514641975308642 0.04914814814814804 0.05571604938271605
4 0.3359259259259259 0.4949135802469136 0.050814814814814896 0.055740740740740764
4 0.4993827160493827 0.4841604938271605 0.03902469135802467 0.04723456790123464
4 0.32137037037037036 0.4651358024691357 0.04235802469135801 0.04728395061728406
4 0.3652222222222222 0.4294938271604938 0.0338765432098766 0.03716049382716051
4 0.4938765432098765 0.4059259259259259 0.0321358024691358 0.0321358024691358
4 0.526962962962963 0.42209876543209873 0.035567901234567975 0.03885185185185189
4 0.5083827160493828 0.439037037037037 0.03895061728395073 0.04223456790123464