4 0.5575061728395062 0.5533456790123457 0.04879012345679011 0.06238271604938272
4 0.46813580246913583 0.46967901234567905 0.04537037037037028 0.05066666666666663
4 0.6133703703703705 0.4358641975308642 0.03364197530864203 0.04216049382716051
4 0.6509876543209877 0.531962962962963 0.06211111111111109 0.06091358024691355
4 0.3774691358024691 0.5610123456790124 0.06218518518518522 0.07091358024691355
4 0.39181481481481484 0.4241481481481481 0.03861728395061732 0.03890123456790131
4 0.644716049382716 0.4787283950617283 0.05203703703703695 0.05076543209876528
4 0.5397654320987655 0.4736172839506173 0.040370370370370286 0.05059259259259268
4 0.32790123456790127 0.5034197530864198 0.05709876543209873 0.05917283950617275
4 0.5400617283950617 0.4336172839506173 0.03696296296296282 0.040543209876543265
4 0.3432592592592593 0.45486419753086427 0.04198765432098772 0.04395061728395073
4 0.4766666666666667 0.4428888888888889 0.04028395061728399 0.038925925925926017
4 0.47182716049382717 0.4212962962962963 0.036925925925925945 0.03554320987654326