4 0.4590740740740741 0.49514814814814806 0.04951851851851852 0.05369135802469145
4 0.5241481481481483 0.41728395061728396 0.032481481481481375 0.03690123456790123
4 0.4771111111111111 0.43360493827160496 0.03588888888888884 0.04025925925925928
4 0.601962962962963 0.44119753086419755 0.03922222222222217 0.04028395061728399
4 0.3884444444444444 0.4479506172839506 0.0375555555555555 0.04027160493827163
4 0.5329629629629631 0.47069135802469136 0.04440740740740731 0.048654320987654195
4 0.31470370370370365 0.5407530864197532 0.05470370370370366 0.06206172839506166
4 0.44966666666666666 0.46840740740740744 0.042629629629629635 0.04364197530864203
4 0.6635185185185185 0.5216666666666666 0.052851851851851844 0.05371604938271597
4 0.29785185185185187 0.47395061728395055 0.04770370370370368 0.04701234567901224
4 0.5469259259259259 0.5924814814814815 0.065 0.07546913580246913
4 0.672962962962963 0.4717283950617284 0.04937037037037044 0.047024691358024784
4 0.44185185185185183 0.595037037037037 0.0667407407407408 0.07881481481481482