4 0.4688765432098765 0.4866666666666667 0.04071604938271605 0.04833333333333333
4 0.5911728395061728 0.4166666666666667 0.030567901234567974 0.03833333333333333
4 0.6467777777777778 0.57 0.05601234567901239 0.06833333333333333
4 0.47232098765432096 0.6066666666666667 0.05603703703703711 0.07
4 0.7076543209876544 0.5166666666666667 0.05245679012345666 0.05333333333333334
4 0.3785679012345679 0.5783333333333334 0.05427160493827159 0.06333333333333334
4 0.5520864197530864 0.47833333333333333 0.04409876543209862 0.051666666666666666
4 0.6535061728395061 0.46166666666666667 0.04069135802469153 0.04666666666666667
4 0.32238271604938273 0.49833333333333335 0.05240740740740743 0.05
4 0.5296296296296297 0.425 0.03730864197530859 0.043333333333333335
4 0.4767407407407408 0.455 0.04400000000000015 0.045
4 0.3497777777777778 0.435 0.045666666666666626 0.045
4 0.4396296296296296 0.425 0.040641975308641914 0.043333333333333335