4 0.5361111111111111 0.5838518518518518 0.05939506172839515 0.07339506172839493
4 0.4613456790123457 0.45779012345679004 0.03569135802469134 0.04770370370370377
4 0.6445061728395062 0.46402469135802465 0.05079012345679018 0.05481481481481486
4 0.43304938271604937 0.5685802469135802 0.06275308641975319 0.07516049382716043
4 0.6103086419753087 0.5233456790123457 0.047530864197530796 0.05971604938271601
4 0.5765679012345679 0.43938271604938267 0.04066666666666663 0.04618518518518518
4 0.5209259259259259 0.4843456790123457 0.03740740740740743 0.051086419753086525
4 0.3088641975308642 0.5172839506172839 0.05579012345679009 0.054962962962962936
4 0.503358024691358 0.43322222222222223 0.03228395061728406 0.04260493827160493
4 0.46399999999999997 0.3910740740740741 0.03559259259259268 0.04103703703703701
4 0.33813580246913577 0.45311111111111113 0.04071604938271605 0.04951851851851852
4 0.3953950617283951 0.4114320987654321 0.038950617283950544 0.04280246913580243
4 0.5270864197530863 0.4058641975308642 0.03559259259259268 0.0410370370370371