4 0.5520123456790124 0.6489506172839506 0.05882716049382718 0.06882716049382717
4 0.5 0.46864197530864204 0.040370370370370286 0.051481481481481524
4 0.3140493827160494 0.5901234567901235 0.06381481481481482 0.06734567901234566
4 0.5725802469135802 0.5730246913580246 0.0470493827160495 0.05339506172839492
4 0.4137901234567901 0.6288271604938271 0.05882716049382718 0.06882716049382717
4 0.4612345679012346 0.5255555555555557 0.043716049382716164 0.053271604938271745
4 0.5381481481481482 0.4950617283950618 0.042037037037036956 0.05154320987654311
4 0.641962962962963 0.4338888888888889 0.04537037037037028 0.051666666666666666
4 0.6231358024691358 0.49987654320987657 0.05040740740740754 0.05685185185185181
4 0.38535802469135805 0.41604938271604935 0.043679012345679 0.04827160493827155
4 0.3196666666666667 0.5069753086419754 0.05040740740740735 0.05685185185185181
4 0.550567901234568 0.39382716049382716 0.03867901234567891 0.04808641975308641
4 0.44388888888888894 0.39154320987654323 0.04034567901234558 0.04814814814814819