4 0.47 0.49166666666666664 0.04833333333333333 0.05333333333333334
4 0.5333333333333333 0.41333333333333333 0.03166666666666667 0.03666666666666667
4 0.4866666666666667 0.43 0.035 0.04
4 0.6116666666666667 0.43666666666666665 0.03833333333333333 0.04
4 0.3983333333333333 0.445 0.03666666666666667 0.04
4 0.5433333333333333 0.4666666666666667 0.043333333333333335 0.04833333333333333
4 0.32666666666666666 0.5383333333333333 0.05333333333333334 0.06166666666666667
4 0.46 0.465 0.041666666666666664 0.043333333333333335
4 0.675 0.5166666666666667 0.051666666666666666 0.05333333333333334
4 0.30833333333333335 0.4716666666666667 0.04666666666666667 0.04666666666666667
4 0.56 0.5883333333333334 0.06333333333333334 0.075
4 0.6833333333333333 0.4666666666666667 0.04833333333333333 0.04666666666666667
4 0.455 0.5916666666666667 0.065 0.07833333333333334