4 0.39 0.5683333333333334 0.056666666666666664 0.06833333333333333
4 0.48333333333333334 0.555 0.043333333333333335 0.058333333333333334
4 0.5966666666666667 0.5366666666666666 0.055 0.06166666666666667
4 0.325 0.44666666666666666 0.04 0.04666666666666667
4 0.5316666666666666 0.45 0.03833333333333333 0.04833333333333333
4 0.6933333333333334 0.5233333333333333 0.055 0.058333333333333334
4 0.545 0.5083333333333333 0.04666666666666667 0.056666666666666664
4 0.3566666666666667 0.49 0.05 0.055
4 0.455 0.4683333333333333 0.03666666666666667 0.04666666666666667
4 0.6466666666666666 0.43833333333333335 0.041666666666666664 0.045
4 0.395 0.425 0.03666666666666667 0.04
4 0.5066666666666667 0.40166666666666667 0.028333333333333332 0.03666666666666667
4 0.5733333333333334 0.4083333333333333 0.03 0.03833333333333333