4 0.635 0.5133333333333333 0.045 0.05333333333333334
4 0.44 0.4683333333333333 0.04666666666666667 0.04833333333333333
4 0.41333333333333333 0.6183333333333333 0.06 0.08
4 0.6116666666666667 0.4716666666666667 0.04666666666666667 0.04666666666666667
4 0.5233333333333333 0.5466666666666666 0.04833333333333333 0.06333333333333334
4 0.355 0.5716666666666667 0.06833333333333333 0.07333333333333333
4 0.41 0.41833333333333333 0.03333333333333333 0.035
4 0.4866666666666667 0.495 0.04 0.05
4 0.5416666666666666 0.415 0.03333333333333333 0.03
4 0.5666666666666667 0.43666666666666665 0.03833333333333333 0.04
4 0.3466666666666667 0.4766666666666667 0.045 0.04833333333333333
4 0.5466666666666666 0.45 0.03833333333333333 0.041666666666666664
4 0.35333333333333333 0.4533333333333333 0.043333333333333335 0.04