4 0.5187037037037037 0.5044074074074073 0.049592592592592646 0.057024691358024786
4 0.35207407407407404 0.4289876543209876 0.03937037037037034 0.046950617283950655
4 0.3955925925925926 0.5703086419753087 0.051222222222222245 0.055370370370370285
4 0.4432592592592592 0.6749382716049382 0.052962962962963045 0.058716049382716164
4 0.4635925925925926 0.5098148148148148 0.04955555555555558 0.05535802469135812
4 0.3793333333333333 0.4771111111111111 0.051222222222222245 0.055370370370370285
4 0.5054074074074074 0.3528641975308642 0.034296296296296304 0.043580246913580256
4 0.5764444444444444 0.38066666666666665 0.03600000000000004 0.04525925925925928
4 0.6562962962962963 0.46172839506172847 0.051222222222222245 0.055370370370370285
4 0.5891481481481482 0.6338641975308642 0.05796296296296305 0.05875308641975304
4 0.6631851851851852 0.5266666666666666 0.05625925925925913 0.05707407407407402
4 0.48340740740740745 0.44301234567901226 0.04448148148148145 0.05198765432098753
4 0.4364814814814815 0.38003703703703706 0.035962962962962974 0.043592592592592606