4 0.4377777777777777 0.525 0.044814814814814856 0.05
4 0.6200493827160494 0.4483333333333333 0.049913580246913704 0.05333333333333334
4 0.548 0.405 0.0364320987654321 0.04833333333333333
4 0.39413580246913577 0.36666666666666664 0.03976543209876544 0.04833333333333333
4 0.5195432098765432 0.5216666666666666 0.04658024691358037 0.05333333333333334
4 0.3784444444444444 0.615 0.04976543209876543 0.04833333333333333
4 0.45687654320987653 0.38666666666666666 0.03466666666666659 0.045
4 0.6468148148148148 0.67 0.05829629629629627 0.055
4 0.3326666666666667 0.585 0.054962962962962936 0.055
4 0.6088518518518519 0.545 0.055061728395061585 0.058333333333333334
4 0.28239506172839507 0.4816666666666667 0.054962962962962936 0.055
4 0.5664691358024692 0.6816666666666666 0.0549135802469137 0.05333333333333334
4 0.4692716049382716 0.41833333333333333 0.03461728395061717 0.043333333333333335