4 0.4066666666666667 0.5733333333333334 0.055 0.06166666666666667
4 0.51 0.5666666666666667 0.051666666666666666 0.065
4 0.5033333333333333 0.44166666666666665 0.03833333333333333 0.04833333333333333
4 0.29833333333333334 0.45 0.041666666666666664 0.04666666666666667
4 0.6166666666666667 0.5316666666666666 0.05333333333333334 0.06
4 0.3616666666666667 0.495 0.04666666666666667 0.051666666666666666
4 0.5683333333333334 0.5116666666666667 0.04666666666666667 0.058333333333333334
4 0.4533333333333333 0.4716666666666667 0.041666666666666664 0.05
4 0.3466666666666667 0.425 0.043333333333333335 0.04666666666666667
4 0.6883333333333334 0.51 0.05 0.058333333333333334
4 0.48833333333333334 0.395 0.035 0.041666666666666664
4 0.5283333333333333 0.3933333333333333 0.03166666666666667 0.04
4 0.6316666666666667 0.4083333333333333 0.035 0.041666666666666664