4 0.4649012345679013 0.4636543209876543 0.045790123456790184 0.053999999999999965
4 0.6503333333333333 0.5497530864197531 0.050765432098765474 0.05240740740740743
4 0.4715925925925925 0.6871358024691357 0.05255555555555551 0.060765432098765476
4 0.6011975308641976 0.490679012345679 0.049148148148148225 0.05571604938271605
4 0.3741234567901235 0.6273456790123456 0.05414814814814813 0.05579012345678999
4 0.5149753086419753 0.45939506172839506 0.044123456790123326 0.05397530864197525
4 0.5622592592592592 0.4184197530864197 0.03566666666666663 0.045518518518518555
4 0.49891358024691357 0.5308395061728395 0.05255555555555551 0.060765432098765476
4 0.31590123456790126 0.5064567901234568 0.0508148148148148 0.055740740740740764
4 0.5180987654320988 0.3610864197530864 0.03230864197530858 0.04380246913580246
4 0.4211604938271605 0.3779876543209877 0.03569135802469134 0.04718518518518522
4 0.5708395061728395 0.626925925925926 0.04745679012345685 0.05402469135802467
4 0.3351481481481482 0.44506172839506175 0.04412345679012352 0.05397530864197544