4 0.5658271604938272 0.5533456790123457 0.04879012345679011 0.06238271604938272
4 0.4751975308641975 0.46967901234567905 0.04537037037037028 0.05066666666666663
4 0.6199629629629629 0.4358641975308642 0.03364197530864203 0.04216049382716051
4 0.6590123456790123 0.531962962962963 0.06211111111111109 0.06091358024691355
4 0.3858641975308642 0.5610123456790124 0.06218518518518522 0.07091358024691355
4 0.39818518518518514 0.4241481481481481 0.03861728395061732 0.03890123456790131
4 0.6519506172839507 0.4787283950617283 0.05203703703703695 0.05076543209876528
4 0.5469012345679012 0.4736172839506173 0.040370370370370286 0.05059259259259268
4 0.33543209876543206 0.5034197530864198 0.05709876543209873 0.05917283950617275
4 0.5466049382716048 0.4336172839506173 0.03696296296296282 0.040543209876543265
4 0.35007407407407404 0.45486419753086427 0.04198765432098772 0.04395061728395073
4 0.48333333333333334 0.4428888888888889 0.04028395061728399 0.038925925925926017
4 0.4781728395061728 0.4212962962962963 0.036925925925925945 0.03554320987654326