4 0.5348518518518519 0.43555555555555564 0.04277777777777791 0.050617283950617396
4 0.3788148148148148 0.5412345679012346 0.059740740740740726 0.06419753086419747
4 0.4777037037037038 0.5647777777777778 0.046296296296296384 0.05899999999999996
4 0.3473703703703704 0.4016543209876543 0.04092592592592591 0.04225925925925926
4 0.402037037037037 0.3858395061728395 0.041000000000000036 0.04559259259259259
4 0.4685925925925926 0.45487654320987664 0.0410370370370371 0.047259259259259355
4 0.5437037037037037 0.3837407407407407 0.034296296296296304 0.04382716049382718
4 0.5601481481481481 0.5235432098765432 0.04796296296296305 0.05902469135802468
4 0.3802962962962963 0.45785185185185184 0.05118518518518518 0.054074074074074094
4 0.6875925925925925 0.5566666666666666 0.05977777777777779 0.06586419753086413
4 0.5854814814814815 0.3881234567901235 0.0410370370370371 0.04725925925925926
4 0.6864074074074074 0.4283086419753086 0.046111111111111235 0.05066666666666663
4 0.5942222222222222 0.5563827160493827 0.06140740740740739 0.06422222222222217