4 0.534320987654321 0.5174320987654322 0.047160493827160505 0.05866666666666674
4 0.6061728395061728 0.512962962962963 0.05370370370370362 0.05538271604938264
4 0.497283950617284 0.4371358024691358 0.034938271604938224 0.043580246913580256
4 0.4630864197530864 0.5052345679012346 0.03858024691358025 0.051938271604938295
4 0.5541975308641974 0.4759012345679012 0.04506172839506159 0.04698765432098753
4 0.4053703703703704 0.4431234567901235 0.04506172839506178 0.04698765432098753
4 0.5493827160493827 0.42585185185185187 0.03660493827160489 0.043592592592592606
4 0.6083333333333333 0.4546296296296296 0.043333333333333335 0.0453086419753087
4 0.3767283950617284 0.4962592592592593 0.043580246913580256 0.05197530864197537
4 0.4983950617283951 0.5871851851851853 0.054074074074073906 0.06538271604938282
4 0.4633333333333333 0.4085432098765432 0.03308641975308641 0.0385679012345679
4 0.4631481481481482 0.45855555555555555 0.045 0.045320987654321056
4 0.3554938271604938 0.5744567901234567 0.057222222222222285 0.06040740740740754