4 0.5116666666666667 0.505 0.03833333333333333 0.05
4 0.58 0.3933333333333333 0.03166666666666667 0.04
4 0.3516666666666667 0.6083333333333333 0.06333333333333334 0.07333333333333333
4 0.37166666666666665 0.515 0.05333333333333334 0.058333333333333334
4 0.5066666666666667 0.6333333333333333 0.055 0.07
4 0.41333333333333333 0.4083333333333333 0.04 0.041666666666666664
4 0.6316666666666667 0.43 0.041666666666666664 0.04666666666666667
4 0.46 0.49333333333333335 0.05 0.056666666666666664
4 0.4116666666666667 0.44666666666666666 0.043333333333333335 0.04833333333333333
4 0.65 0.5733333333333334 0.051666666666666666 0.06
4 0.6766666666666666 0.5166666666666667 0.051666666666666666 0.05333333333333334
4 0.505 0.39666666666666667 0.03666666666666667 0.041666666666666664
4 0.5133333333333333 0.45 0.04 0.04833333333333333