4 0.5766666666666667 0.4816666666666667 0.04666666666666667 0.05333333333333334
4 0.39166666666666666 0.48833333333333334 0.043333333333333335 0.05333333333333334
4 0.6083333333333333 0.45 0.041666666666666664 0.051666666666666666
4 0.545 0.44166666666666665 0.041666666666666664 0.05
4 0.5133333333333333 0.5066666666666667 0.045 0.056666666666666664
4 0.5533333333333333 0.4033333333333333 0.03833333333333333 0.043333333333333335
4 0.3933333333333333 0.4266666666666667 0.043333333333333335 0.04833333333333333
4 0.44 0.55 0.056666666666666664 0.06166666666666667
4 0.4583333333333333 0.43 0.04 0.041666666666666664
4 0.6266666666666667 0.545 0.055 0.06
4 0.4816666666666667 0.4 0.03666666666666667 0.041666666666666664
4 0.465 0.4716666666666667 0.03833333333333333 0.05
4 0.5266666666666666 0.62 0.06 0.07166666666666667