4 0.5083333333333333 0.5383333333333333 0.045 0.056666666666666664
4 0.565 0.5983333333333334 0.05 0.058333333333333334
4 0.44 0.52 0.05 0.056666666666666664
4 0.44666666666666666 0.5783333333333334 0.05 0.06166666666666667
4 0.5833333333333334 0.49 0.041666666666666664 0.051666666666666666
4 0.5533333333333333 0.4216666666666667 0.03666666666666667 0.04833333333333333
4 0.625 0.5416666666666666 0.04833333333333333 0.056666666666666664
4 0.38166666666666665 0.41833333333333333 0.03833333333333333 0.045
4 0.355 0.5 0.051666666666666666 0.056666666666666664
4 0.46 0.4683333333333333 0.03666666666666667 0.04833333333333333
4 0.5266666666666666 0.465 0.043333333333333335 0.05333333333333334
4 0.47 0.415 0.03666666666666667 0.04666666666666667
4 0.635 0.45666666666666667 0.04 0.04666666666666667