4 0.48833333333333334 0.43666666666666665 0.04 0.045
4 0.4866666666666667 0.6083333333333333 0.058333333333333334 0.06833333333333333
4 0.5616666666666666 0.5616666666666666 0.05 0.06333333333333334
4 0.27166666666666667 0.515 0.06 0.058333333333333334
4 0.57 0.39166666666666666 0.035 0.04
4 0.5733333333333334 0.48333333333333334 0.04833333333333333 0.05333333333333334
4 0.45166666666666666 0.485 0.03833333333333333 0.05
4 0.39166666666666666 0.5383333333333333 0.041666666666666664 0.056666666666666664
4 0.68 0.465 0.041666666666666664 0.051666666666666666
4 0.635 0.495 0.041666666666666664 0.051666666666666666
4 0.43666666666666665 0.405 0.03833333333333333 0.045
4 0.32 0.47 0.04666666666666667 0.051666666666666666
4 0.48833333333333334 0.3883333333333333 0.035 0.041666666666666664