4 0.5124567901234568 0.5645061728395061 0.05049382716049384 0.06703703703703695
4 0.4666666666666667 0.4465185185185185 0.03196296296296301 0.040234567901234565
4 0.5303703703703704 0.3960493827160494 0.03192592592592594 0.03523456790123457
4 0.3960246913580247 0.5337037037037037 0.05545679012345677 0.06207407407407402
4 0.5894691358024691 0.5172716049382715 0.047086419753086375 0.05701234567901224
4 0.29302469135802467 0.4894691358024691 0.05035802469135803 0.04870370370370362
4 0.6417407407407408 0.43522222222222223 0.038629629629629486 0.04028395061728399
4 0.4402592592592593 0.4117160493827161 0.03528395061728399 0.03859259259259261
4 0.4068395061728395 0.42362962962962963 0.04029629629629625 0.04029629629629625
4 0.45139506172839505 0.4832962962962963 0.04872839506172833 0.05369135802469145
4 0.2627037037037037 0.5330246913580248 0.06714814814814815 0.06549382716049384
4 0.5765061728395062 0.4673703703703704 0.037012345679012244 0.0469382716049383
4 0.6181851851851853 0.465395061728395 0.04033333333333341 0.045296296296296154