4 0.47 0.5231851851851853 0.04833333333333333 0.058691358024691456
4 0.6016666666666667 0.4138765432098765 0.041666666666666664 0.050308641975308696
4 0.5233333333333333 0.3994567901234568 0.035 0.04692592592592594
4 0.39 0.6104444444444445 0.06 0.06711111111111108
4 0.45666666666666667 0.42661728395061727 0.04 0.048629629629629675
4 0.4533333333333333 0.6233086419753087 0.04833333333333333 0.06035802469135812
4 0.36333333333333334 0.40730864197530864 0.043333333333333335 0.050320987654320956
4 0.43166666666666664 0.4068024691358025 0.03833333333333333 0.05028395061728399
4 0.545 0.495962962962963 0.03833333333333333 0.05195061728395065
4 0.2916666666666667 0.5328395061728395 0.06166666666666667 0.060456790123456776
4 0.635 0.49029629629629634 0.04833333333333333 0.058691358024691456
4 0.72 0.5746666666666667 0.055 0.053740740740740686
4 0.6583333333333333 0.6134567901234568 0.06166666666666667 0.06879012345679011