4 0.44666666666666666 0.4583333333333333 0.045 0.04833333333333333
4 0.6566666666666666 0.5166666666666667 0.051666666666666666 0.058333333333333334
4 0.45666666666666667 0.6366666666666667 0.06833333333333333 0.08
4 0.38333333333333336 0.5716666666666667 0.05333333333333334 0.06
4 0.615 0.4716666666666667 0.041666666666666664 0.04666666666666667
4 0.5533333333333333 0.5683333333333334 0.051666666666666666 0.06666666666666667
4 0.3283333333333333 0.4816666666666667 0.045 0.04833333333333333
4 0.425 0.405 0.03666666666666667 0.04
4 0.5416666666666666 0.39666666666666667 0.035 0.03833333333333333
4 0.5433333333333333 0.4483333333333333 0.041666666666666664 0.04666666666666667
4 0.49333333333333335 0.5033333333333333 0.043333333333333335 0.051666666666666666
4 0.355 0.44 0.03833333333333333 0.043333333333333335
4 0.57 0.43 0.04 0.045