4 0.35314814814814816 0.46707407407407403 0.040358024691358026 0.049222222222222174
4 0.5465925925925925 0.44777777777777783 0.03364197530864203 0.04240740740740743
4 0.48029629629629633 0.39925925925925926 0.025246913580246732 0.033888888888888954
4 0.4134197530864197 0.4290740740740741 0.03696296296296301 0.04081481481481471
4 0.5950987654320987 0.4233703703703704 0.03361728395061732 0.039074074074074094
4 0.3945555555555556 0.5011481481481481 0.05541975308641971 0.05788888888888891
4 0.5873827160493827 0.5651851851851851 0.055481481481481486 0.06622222222222225
4 0.4766296296296296 0.44433333333333336 0.04366666666666674 0.04596296296296297
4 0.43197530864197525 0.39866666666666667 0.035259259259259275 0.035777777777777825
4 0.4912345679012346 0.4973333333333333 0.047000000000000076 0.046037037037037105
4 0.6333456790123457 0.4341851851851852 0.04364197530864203 0.042629629629629635
4 0.7079629629629629 0.4841851851851852 0.05707407407407402 0.056259259259259314
4 0.49432098765432103 0.5305925925925926 0.05044444444444442 0.06111111111111105