4 0.545 0.525 0.043333333333333335 0.05
4 0.33666666666666667 0.5966666666666667 0.05 0.05333333333333334
4 0.37166666666666665 0.52 0.041666666666666664 0.04666666666666667
4 0.4533333333333333 0.37833333333333335 0.041666666666666664 0.051666666666666666
4 0.4033333333333333 0.435 0.041666666666666664 0.04833333333333333
4 0.6433333333333333 0.565 0.04666666666666667 0.04833333333333333
4 0.4166666666666667 0.5066666666666667 0.04 0.04833333333333333
4 0.6483333333333333 0.37166666666666665 0.043333333333333335 0.05
4 0.6683333333333333 0.41833333333333333 0.04666666666666667 0.05
4 0.55 0.3883333333333333 0.041666666666666664 0.051666666666666666
4 0.6216666666666667 0.615 0.058333333333333334 0.058333333333333334
4 0.535 0.455 0.043333333333333335 0.051666666666666666
4 0.5133333333333333 0.71 0.04833333333333333 0.06