4 0.57 0.47833333333333333 0.04666666666666667 0.051666666666666666
4 0.5433333333333333 0.4033333333333333 0.03333333333333333 0.03666666666666667
4 0.4683333333333333 0.5133333333333333 0.04833333333333333 0.056666666666666664
4 0.36333333333333334 0.4483333333333333 0.035 0.041666666666666664
4 0.455 0.6183333333333333 0.07 0.07833333333333334
4 0.45166666666666666 0.42333333333333334 0.03333333333333333 0.04
4 0.6766666666666666 0.5616666666666666 0.058333333333333334 0.058333333333333334
4 0.5 0.39 0.03333333333333333 0.03666666666666667
4 0.4216666666666667 0.555 0.058333333333333334 0.065
4 0.375 0.4866666666666667 0.05 0.05333333333333334
4 0.6366666666666667 0.455 0.043333333333333335 0.045
4 0.5 0.45 0.035 0.043333333333333335
4 0.685 0.49333333333333335 0.051666666666666666 0.051666666666666666