4 0.5496172839506173 0.48540740740740734 0.0414320987654321 0.04892592592592602
4 0.49930864197530866 0.41945679012345677 0.036037037037037103 0.035518518518518456
4 0.3250123456790124 0.502074074074074 0.05486419753086418 0.05245679012345666
4 0.674604938271605 0.4268641975308642 0.03941975308641986 0.03723456790123464
4 0.44141975308641973 0.43532098765432103 0.04108641975308653 0.03725925925925935
4 0.38745679012345674 0.4711358024691358 0.04638271604938268 0.047333333333333484
4 0.6902469135802469 0.4483086419753086 0.046234567901234605 0.04233333333333329
4 0.43235802469135803 0.4671358024691358 0.04638271604938268 0.0473333333333333
4 0.4525308641975309 0.5852222222222222 0.07241975308641978 0.08270370370370377
4 0.5812716049382717 0.42824691358024686 0.03946913580246928 0.03890123456790131
4 0.6489382716049382 0.5172839506172839 0.046777777777777675 0.060666666666666626
4 0.5536296296296297 0.45200000000000007 0.04285185185185204 0.040617283950617394
4 0.6146790123456789 0.5428024691358024 0.06697530864197536 0.06762962962962964