4 0.6360740740740741 0.43725925925925924 0.0410370370370371 0.047555555555555504
4 0.5496296296296296 0.5202962962962964 0.04622222222222225 0.05599999999999985
4 0.5674814814814815 0.4240740740740741 0.04111111111111105 0.05088888888888884
4 0.49622222222222223 0.4408148148148148 0.04111111111111124 0.05088888888888884
4 0.584037037037037 0.6443333333333334 0.05814814814814819 0.06792592592592579
4 0.40674074074074074 0.38718518518518524 0.0359259259259259 0.04244444444444449
4 0.4821111111111111 0.40551851851851856 0.03262962962962964 0.04403703703703703
4 0.6853333333333333 0.6299259259259259 0.05618518518518518 0.05455555555555558
4 0.6498148148148148 0.5308518518518519 0.054629629629629715 0.05951851851851851
4 0.3287777777777778 0.47707407407407404 0.05107407407407408 0.04944444444444457
4 0.4054814814814815 0.6303703703703702 0.059740740740740726 0.06462962962962972
4 0.34414814814814815 0.569037037037037 0.05966666666666659 0.06129629629629638