4 0.305 0.5316666666666666 0.06 0.058333333333333334
4 0.6416666666666667 0.41833333333333333 0.035 0.041666666666666664
4 0.515 0.515 0.045 0.05333333333333334
4 0.46166666666666667 0.40166666666666667 0.03166666666666667 0.03833333333333333
4 0.555 0.4166666666666667 0.03833333333333333 0.041666666666666664
4 0.655 0.46166666666666667 0.05 0.051666666666666666
4 0.43166666666666664 0.475 0.03833333333333333 0.04833333333333333
4 0.37333333333333335 0.4766666666666667 0.045 0.05
4 0.425 0.6233333333333333 0.065 0.075
4 0.43 0.43 0.043333333333333335 0.045
4 0.5366666666666666 0.46166666666666667 0.041666666666666664 0.05
4 0.6466666666666666 0.5616666666666666 0.06 0.06333333333333334
4 0.57 0.6116666666666667 0.06166666666666667 0.07333333333333333