4 0.365 0.6366666666666667 0.06166666666666667 0.08
4 0.6366666666666667 0.55 0.04666666666666667 0.06
4 0.44166666666666665 0.45666666666666667 0.041666666666666664 0.04833333333333333
4 0.51 0.5633333333333334 0.05333333333333334 0.065
4 0.3383333333333333 0.57 0.056666666666666664 0.06
4 0.6266666666666667 0.495 0.05 0.055
4 0.4766666666666667 0.5033333333333333 0.05 0.055
4 0.355 0.4583333333333333 0.043333333333333335 0.04666666666666667
4 0.55 0.45 0.03333333333333333 0.041666666666666664
4 0.585 0.40166666666666667 0.035 0.035
4 0.445 0.3983333333333333 0.035 0.03833333333333333
4 0.5933333333333334 0.43333333333333335 0.043333333333333335 0.043333333333333335
4 0.375 0.425 0.04 0.043333333333333335