4 0.3791481481481481 0.6474814814814814 0.06344444444444444 0.0818271604938271
4 0.648888888888889 0.5688641975308643 0.047999999999999925 0.06138271604938268
4 0.4518148148148147 0.46975308641975305 0.04274074074074065 0.04956790123456794
4 0.5225185185185185 0.5784444444444444 0.05477777777777779 0.06658024691358018
4 0.351 0.5800246913580247 0.05800000000000002 0.061679012345679025
4 0.6376666666666667 0.5135679012345679 0.051222222222222245 0.05648148148148152
4 0.48785185185185187 0.5174567901234568 0.051222222222222245 0.05648148148148152
4 0.36518518518518517 0.4688518518518519 0.044370370370370345 0.0479506172839505
4 0.56 0.46629629629629626 0.03425925925925924 0.04265432098765435
4 0.593925925925926 0.419 0.035777777777777825 0.036037037037037006
4 0.4538518518518519 0.4115185185185185 0.03585185185185196 0.03937037037037044
4 0.6029629629629629 0.4509135802469135 0.044296296296296306 0.04461728395061717
4 0.3844444444444444 0.4361111111111111 0.04096296296296297 0.04451851851851851