4 0.5428518518518518 0.6225185185185186 0.058543209876543184 0.06459259259259265
4 0.48838271604938277 0.43718518518518523 0.04148148148148152 0.05088888888888884
4 0.3074691358024691 0.5844444444444444 0.06520987654320985 0.06474074074074072
4 0.5635555555555556 0.5421111111111111 0.049913580246913704 0.054407407407407314
4 0.6330493827160494 0.389 0.04819753086419761 0.052703703703703676
4 0.5275925925925926 0.46296296296296297 0.043197530864197614 0.05259259259259257
4 0.6125925925925926 0.4610740740740741 0.0516296296296296 0.05611111111111105
4 0.4064814814814815 0.6155555555555556 0.058543209876543184 0.06459259259259245
4 0.30846913580246915 0.49448148148148147 0.05334567901234569 0.057814814814814784
4 0.3698641975308642 0.38985185185185184 0.04304938271604935 0.04759259259259257
4 0.4514567901234568 0.502962962962963 0.044814814814814856 0.050962962962962974
4 0.5391851851851852 0.35277777777777775 0.03976543209876544 0.0491851851851852
4 0.4307037037037037 0.36018518518518516 0.0414320987654321 0.049222222222222174