4 0.46877777777777774 0.4632098765432099 0.04781481481481478 0.05235802469135801
4 0.517074074074074 0.6108765432098765 0.05996296296296312 0.07419753086419746
4 0.6584814814814814 0.44706172839506175 0.047777777777777905 0.05069135802469134
4 0.6435555555555555 0.6006666666666667 0.0683703703703704 0.07765432098765435
4 0.5443703703703704 0.4887654320987654 0.041148148148148114 0.05225925925925935
4 0.35748148148148146 0.5565555555555556 0.0647777777777778 0.06593827160493826
4 0.6651111111111111 0.520320987654321 0.059703703703703655 0.06253086419753079
4 0.44040740740740747 0.3869382716049383 0.03588888888888884 0.04051851851851855
4 0.5881481481481482 0.43309876543209874 0.03599999999999985 0.045518518518518555
4 0.505 0.4426666666666667 0.037703703703703774 0.04720987654320993
4 0.3662962962962963 0.42804938271604936 0.044370370370370435 0.04730864197530878
4 0.5124444444444445 0.40254320987654324 0.0375555555555555 0.040543209876543265
4 0.33296296296296296 0.5035679012345678 0.05966666666666669 0.060864197530864125