4 0.5442716049382716 0.6157654320987654 0.06959259259259265 0.08550617283950601
4 0.4212962962962963 0.4781728395061729 0.04738271604938272 0.04867901234567891
4 0.4480493827160493 0.5850493827160494 0.06613580246913595 0.07714814814814815
4 0.6495061728395062 0.4881975308641976 0.05071604938271605 0.04870370370370362
4 0.5998765432098765 0.46282716049382716 0.042308641975308585 0.04364197530864203
4 0.5789135802469136 0.527679012345679 0.04914814814814804 0.05535802469135812
4 0.3359259259259259 0.5025432098765431 0.050814814814814896 0.055370370370370285
4 0.4993827160493827 0.4954197530864197 0.03902469135802467 0.046950617283950655
4 0.32137037037037036 0.47243209876543213 0.04235802469135801 0.04697530864197536
4 0.3652222222222222 0.4377530864197531 0.0338765432098766 0.03691358024691359
4 0.4938765432098765 0.41703703703703704 0.0321358024691358 0.031901234567901234
4 0.526962962962963 0.4339506172839506 0.035567901234567975 0.03859259259259261
4 0.5083827160493828 0.4504814814814815 0.03895061728395073 0.04195061728395066