4 0.5021851851851852 0.5384567901234568 0.04875308641975304 0.0584567901234567
4 0.565358024691358 0.5191358024691358 0.04535802469135812 0.05
4 0.564037037037037 0.5657407407407408 0.050456790123456774 0.06351851851851847
4 0.4107283950617284 0.5633950617283952 0.052123456790123444 0.06358024691358007
4 0.48650617283950626 0.4462345679012346 0.03697530864197537 0.043024691358024635
4 0.6284074074074074 0.4831481481481482 0.04701234567901224 0.048395061728394924
4 0.648753086419753 0.5305555555555557 0.05040740740740754 0.05685185185185181
4 0.46358024691358024 0.5003703703703702 0.048716049382715974 0.05345679012345689
4 0.5083827160493828 0.4753703703703704 0.0386543209876542 0.04475308641975308
4 0.41501234567901235 0.4669135802469136 0.043679012345678905 0.04827160493827155
4 0.5633456790123457 0.47240740740740744 0.04200000000000008 0.04654320987654311
4 0.5631111111111111 0.44074074074074077 0.038604938271604966 0.038086419753086416
4 0.33696296296296296 0.5023456790123456 0.05207407407407411 0.056913580246913585