4 0.5602592592592592 0.5488518518518519 0.04107407407407398 0.049222222222222174
4 0.5451851851851851 0.4702222222222222 0.04281481481481478 0.05259259259259257
4 0.5453333333333333 0.40192592592592596 0.04281481481481478 0.05259259259259257
4 0.4466296296296296 0.38307407407407407 0.04448148148148145 0.05262962962962964
4 0.6482222222222223 0.38422222222222224 0.03937037037037044 0.047518518518518536
4 0.438 0.5194814814814814 0.05118518518518518 0.05444444444444457
4 0.37492592592592594 0.5297407407407407 0.04440740740740741 0.0492962962962963
4 0.6643333333333333 0.4345555555555556 0.04614814814814811 0.0526666666666667
4 0.6575185185185185 0.5776666666666667 0.052851851851851844 0.05448148148148145
4 0.4144074074074074 0.4323333333333333 0.03937037037037044 0.047518518518518627
4 0.3364814814814815 0.5988518518518519 0.05611111111111114 0.051222222222222245
4 0.6291851851851851 0.652 0.05796296296296305 0.05959259259259265
4 0.5137037037037037 0.7027407407407408 0.05137037037037032 0.06277777777777771