4 0.3605555555555555 0.5370987654320988 0.056333333333333256 0.06203703703703695
4 0.4394814814814815 0.5608641975308643 0.04622222222222225 0.056666666666666664
4 0.5565555555555555 0.42475308641975307 0.04607407407407398 0.05
4 0.4734814814814815 0.43950617283950616 0.04622222222222225 0.056666666666666664
4 0.3901851851851852 0.44425925925925924 0.04951851851851852 0.05512345679012356
4 0.5716666666666667 0.579320987654321 0.05125925925925932 0.05851851851851848
4 0.3668518518518518 0.37006172839506174 0.0376666666666667 0.046358024691358066
4 0.6605185185185185 0.5993827160493826 0.05455555555555558 0.056975308641975364
4 0.5502962962962964 0.518395061728395 0.04622222222222225 0.056666666666666664
4 0.43003703703703705 0.36104938271604936 0.03933333333333318 0.04641975308641975
4 0.5669259259259259 0.3659876543209877 0.037703703703703774 0.04802469135802463
4 0.6305925925925926 0.3786419753086419 0.0410370370370371 0.04814814814814819
4 0.6937037037037037 0.44135802469135804 0.05118518518518518 0.05518518518518514