4 0.49666666666666665 0.5016666666666667 0.045 0.055
4 0.6216666666666667 0.4166666666666667 0.03666666666666667 0.043333333333333335
4 0.4533333333333333 0.405 0.03666666666666667 0.041666666666666664
4 0.455 0.4816666666666667 0.043333333333333335 0.051666666666666666
4 0.31 0.555 0.06 0.065
4 0.66 0.46 0.04833333333333333 0.05
4 0.4266666666666667 0.6116666666666667 0.06666666666666667 0.07666666666666666
4 0.6616666666666666 0.55 0.05 0.06
4 0.5966666666666667 0.595 0.056666666666666664 0.07166666666666667
4 0.435 0.435 0.03333333333333333 0.043333333333333335
4 0.37 0.485 0.04833333333333333 0.05333333333333334
4 0.5416666666666666 0.4083333333333333 0.03666666666666667 0.041666666666666664
4 0.5266666666666666 0.455 0.03333333333333333 0.045