4 0.5316666666666666 0.6080740740740741 0.05992592592592587 0.0725308641975308
4 0.45785185185185184 0.47860493827160494 0.036037037037037103 0.04718518518518522
4 0.6409259259259259 0.4929876543209877 0.05118518518518518 0.054074074074074094
4 0.42874074074074076 0.5882098765432099 0.06329629629629627 0.07424691358024688
4 0.6062962962962963 0.5508271604938272 0.04796296296296305 0.05902469135802468
4 0.5731851851851851 0.4653086419753087 0.041000000000000036 0.045592592592592684
4 0.5172222222222222 0.5078271604938271 0.0377777777777779 0.05054320987654326
4 0.304962962962963 0.531358024691358 0.05618518518518518 0.054148148148148036
4 0.5000370370370371 0.45588888888888884 0.03259259259259257 0.0421358024691358
4 0.461 0.4119629629629629 0.03588888888888884 0.04051851851851855
4 0.3347037037037037 0.46844444444444455 0.041074074074074075 0.04892592592592602
4 0.39225925925925925 0.42928395061728397 0.03925925925925924 0.04223456790123464
4 0.5239629629629629 0.42956790123456795 0.03588888888888884 0.04051851851851855