4 0.5272345679012347 0.5344197530864198 0.04372839506172833 0.05397530864197525
4 0.32088888888888895 0.5746913580246913 0.05875308641975304 0.05753086419753079
4 0.4445555555555556 0.3965432098765432 0.03196296296296282 0.04046913580246913
4 0.4681975308641975 0.6635308641975308 0.05381481481481482 0.06579012345679
4 0.6295925925925926 0.40428395061728395 0.0353086419753087 0.04218518518518522
4 0.4352592592592593 0.49139506172839503 0.045395061728395 0.053999999999999965
4 0.373679012345679 0.5021481481481481 0.04370370370370372 0.050641975308641916
4 0.651641975308642 0.45627160493827157 0.0470493827160495 0.05235802469135801
4 0.6029629629629629 0.6338641975308642 0.060518518518518555 0.07088888888888883
4 0.41819753086419753 0.43781481481481477 0.04537037037037048 0.05066666666666682
4 0.5446296296296297 0.40802469135802466 0.03867901234567891 0.04723456790123454
4 0.5367037037037037 0.4629012345679013 0.042037037037036956 0.050617283950617396
4 0.6591604938271605 0.5713703703703703 0.05712345679012344 0.06250617283950609