4 0.46527160493827163 0.48324691358024685 0.04035802469135812 0.04862962962962949
4 0.5880864197530864 0.4123333333333333 0.03028395061728399 0.038555555555555544
4 0.6425555555555555 0.5652716049382717 0.055506172839506006 0.06874074074074088
4 0.4678271604938271 0.6032345679012345 0.05551851851851855 0.07040740740740735
4 0.7038271604938272 0.5114814814814815 0.052061728395061665 0.053716049382716166
4 0.3742839506172839 0.5755925925925925 0.053802469135802465 0.06372839506172832
4 0.5485432098765431 0.4742962962962963 0.043716049382716164 0.051987654320987724
4 0.6500864197530865 0.45687654320987653 0.04034567901234558 0.04696296296296301
4 0.31869135802469134 0.49600000000000005 0.05203703703703705 0.05038271604938283
4 0.5264814814814816 0.4211234567901234 0.03698765432098753 0.043604938271604964
4 0.4733703703703704 0.4515185185185186 0.04366666666666674 0.04532098765432086
4 0.34655555555555556 0.43245679012345684 0.045333333333333316 0.045333333333333406
4 0.4364814814814815 0.4217901234567901 0.040320987654320864 0.04362962962962968