4 0.556037037037037 0.5403086419753087 0.04243209876543214 0.05320987654320978
4 0.32346913580246917 0.5833333333333334 0.060864197530864125 0.06055555555555562
4 0.5231111111111111 0.6790123456790124 0.05272839506172848 0.07358024691358026
4 0.36922222222222223 0.5233950617283951 0.04576543209876547 0.05333333333333334
4 0.41472839506172837 0.44679012345679014 0.037333333333333295 0.04635802469135797
4 0.44751851851851854 0.41135802469135807 0.038999999999999965 0.04641975308641975
4 0.6357530864197531 0.4116666666666667 0.0356172839506174 0.04296296296296305
4 0.6357037037037037 0.6332098765432099 0.06101234567901239 0.07055555555555562
4 0.656358024691358 0.565679012345679 0.05086419753086413 0.06018518518518514
4 0.4357160493827161 0.5141975308641975 0.050814814814814896 0.05685185185185181
4 0.6529876543209877 0.4506172839506173 0.042382716049382714 0.049876543209876445
4 0.5384074074074074 0.4746913580246913 0.04243209876543195 0.05320987654320978
4 0.5410493827160494 0.42814814814814817 0.04235802469135801 0.04820987654320978