4 0.3521111111111111 0.5854074074074074 0.06322222222222214 0.07091358024691355
4 0.5744444444444444 0.408641975308642 0.030740740740740763 0.033777777777777754
4 0.41551851851851856 0.43296296296296294 0.03922222222222217 0.04056790123456797
4 0.38307407407407407 0.4674938271604938 0.037703703703703774 0.04720987654320993
4 0.5458148148148148 0.49658024691358027 0.04951851851851852 0.054049382716049386
4 0.5007037037037037 0.4258888888888888 0.03411111111111116 0.03549382716049384
4 0.6057037037037037 0.4274444444444445 0.042555555555555506 0.040617283950617394
4 0.41888888888888887 0.5063703703703704 0.04618518518518518 0.05400000000000015
4 0.3718518518518519 0.5223456790123456 0.04955555555555558 0.05571604938271605
4 0.509925925925926 0.461037037037037 0.034296296296296304 0.04382716049382718
4 0.5812962962962964 0.6254814814814815 0.06844444444444435 0.08098765432098769
4 0.6474074074074074 0.5014197530864197 0.05100000000000004 0.04574074074074076
4 0.6515925925925925 0.5381604938271606 0.05625925925925913 0.05748148148148137