4 0.5616666666666666 0.635 0.056666666666666664 0.06333333333333334
4 0.5016666666666667 0.4483333333333333 0.04 0.05
4 0.325 0.5916666666666667 0.06333333333333334 0.06333333333333334
4 0.58 0.555 0.04833333333333333 0.05333333333333334
4 0.645 0.4033333333333333 0.04666666666666667 0.051666666666666666
4 0.5416666666666666 0.475 0.041666666666666664 0.051666666666666666
4 0.6266666666666667 0.475 0.05 0.055
4 0.425 0.625 0.056666666666666664 0.06333333333333334
4 0.3233333333333333 0.5016666666666667 0.051666666666666666 0.056666666666666664
4 0.38166666666666665 0.3983333333333333 0.041666666666666664 0.04666666666666667
4 0.4666666666666667 0.5133333333333333 0.043333333333333335 0.05
4 0.55 0.365 0.03833333333333333 0.04833333333333333
4 0.44166666666666665 0.37 0.04 0.04833333333333333