4 0.4527407407407407 0.49681481481481476 0.03904938271604939 0.048901234567901304
4 0.5855925925925927 0.4187654320987654 0.03225925925925935 0.04046913580246913
4 0.44738271604938273 0.633432098765432 0.05265432098765435 0.06743209876543214
4 0.619567901234568 0.6009753086419753 0.057679012345679063 0.06917283950617276
4 0.6887901234567901 0.5419876543209876 0.05079012345679018 0.054074074074074094
4 0.30761728395061727 0.503 0.05243209876543214 0.05243209876543214
4 0.5237777777777778 0.42785185185185187 0.03902469135802467 0.04723456790123464
4 0.3579012345679013 0.5970987654320987 0.05422222222222217 0.060790123456789996
4 0.5395308641975308 0.48976543209876544 0.045790123456790184 0.053999999999999965
4 0.639753086419753 0.47624691358024696 0.04240740740740743 0.050617283950617396
4 0.33870370370370373 0.4301111111111111 0.04569135802469134 0.0473333333333333
4 0.4632592592592593 0.461962962962963 0.04571604938271605 0.049000000000000155
4 0.43049382716049384 0.4231358024691358 0.04066666666666663 0.04559259259259259