4 0.5316666666666666 0.4866666666666667 0.03833333333333333 0.04666666666666667
4 0.345 0.495 0.05 0.055
4 0.5766666666666667 0.6566666666666666 0.05333333333333334 0.058333333333333334
4 0.445 0.3566666666666667 0.04 0.04833333333333333
4 0.4116666666666667 0.5333333333333333 0.045 0.051666666666666666
4 0.47333333333333333 0.6133333333333333 0.05333333333333334 0.055
4 0.6333333333333333 0.39666666666666667 0.043333333333333335 0.04833333333333333
4 0.5183333333333333 0.36333333333333334 0.03833333333333333 0.05
4 0.65 0.5833333333333334 0.05 0.05333333333333334
4 0.39166666666666666 0.4116666666666667 0.041666666666666664 0.04666666666666667
4 0.6666666666666666 0.48333333333333334 0.05333333333333334 0.055
4 0.4666666666666667 0.45166666666666666 0.04 0.05
4 0.49666666666666665 0.5383333333333333 0.04 0.04666666666666667