4 0.5388765432098765 0.4866666666666667 0.03902469135802486 0.04666666666666667
4 0.35233333333333333 0.495 0.0508148148148148 0.055
4 0.5863950617283951 0.6566666666666666 0.05419753086419746 0.058333333333333334
4 0.450283950617284 0.3566666666666667 0.04071604938271605 0.04833333333333333
4 0.4195679012345679 0.5333333333333333 0.04576543209876538 0.051666666666666666
4 0.48241975308641977 0.6133333333333333 0.054148148148148036 0.055
4 0.6392098765432099 0.39666666666666667 0.044049382716049384 0.04833333333333333
4 0.5237160493827161 0.36333333333333334 0.039074074074074094 0.05
4 0.658641975308642 0.5833333333333334 0.050790123456789994 0.05333333333333334
4 0.39776543209876547 0.4116666666666667 0.04235802469135801 0.04666666666666667
4 0.6738271604938272 0.48333333333333334 0.054148148148148036 0.055
4 0.47335802469135807 0.45166666666666666 0.040740740740740765 0.05
4 0.504641975308642 0.5383333333333333 0.04069135802469134 0.04666666666666667