4 0.43314814814814817 0.5267407407407408 0.05292592592592579 0.05743209876543195
4 0.41274074074074074 0.470395061728395 0.04451851851851851 0.05397530864197544
4 0.5961111111111111 0.4660123456790124 0.04785185185185185 0.05402469135802486
4 0.36507407407407405 0.5160864197530864 0.05125925925925932 0.05740740740740743
4 0.4098148148148148 0.6020617283950617 0.059629629629629616 0.05919753086419746
4 0.4749629629629629 0.4444814814814814 0.04618518518518518 0.05400000000000015
4 0.5344074074074074 0.5435679012345679 0.051222222222222245 0.055740740740740764
4 0.6140740740740741 0.5573827160493827 0.054629629629629715 0.05912345679012352
4 0.5391481481481482 0.4052098765432099 0.04451851851851851 0.05397530864197535
4 0.507888888888889 0.6122716049382716 0.051222222222222245 0.055740740740740764
4 0.38911111111111113 0.4090987654320988 0.04111111111111114 0.05059259259259259
4 0.5240370370370371 0.48540740740740734 0.04111111111111105 0.05059259259259268
4 0.4769259259259259 0.35614814814814816 0.04277777777777791 0.0506172839506173