4 0.485358024691358 0.5419876543209877 0.044098765432098806 0.05198765432098753
4 0.2975432098765432 0.5055925925925926 0.05750617283950618 0.05708641975308638
4 0.4281111111111111 0.4682222222222222 0.042382716049382714 0.04864197530864203
4 0.4944938271604938 0.37537037037037035 0.03902469135802467 0.046950617283950655
4 0.675148148148148 0.44504938271604944 0.04745679012345666 0.05367901234567891
4 0.447358024691358 0.4066913580246913 0.04407407407407409 0.050320987654320956
4 0.5380123456790122 0.4757037037037037 0.04745679012345666 0.05367901234567891
4 0.6608271604938272 0.5116172839506172 0.050814814814814896 0.055370370370370285
4 0.3606172839506173 0.6360740740740741 0.06093827160493826 0.06377777777777775
4 0.3766172839506172 0.4561728395061728 0.04745679012345685 0.05367901234567891
4 0.5855432098765433 0.41771604938271606 0.037358024691358196 0.0469382716049383
4 0.584 0.6343950617283951 0.05586419753086413 0.058740740740740684
4 0.4902222222222222 0.6637037037037037 0.05760493827160493 0.06375308641975304