4 0.565962962962963 0.4688518518518519 0.04785185185185185 0.05437037037037044
4 0.3808148148148148 0.47962962962962963 0.04451851851851851 0.05429629629629631
4 0.5983333333333334 0.4364814814814815 0.04281481481481478 0.05259259259259257
4 0.5351851851851851 0.4295555555555556 0.04277777777777791 0.0509259259259259
4 0.502074074074074 0.4952592592592593 0.046259259259259125 0.057666666666666706
4 0.5443703703703704 0.391037037037037 0.0392962962962963 0.044185185185185105
4 0.38385185185185183 0.41792592592592587 0.04440740740740741 0.0492962962962963
4 0.4277777777777778 0.5402222222222222 0.05803703703703699 0.06292592592592598
4 0.4487777777777778 0.41981481481481486 0.04092592592592591 0.042555555555555506
4 0.6145555555555556 0.531074074074074 0.056333333333333256 0.06122222222222225
4 0.4727777777777778 0.3892962962962963 0.03759259259259257 0.04248148148148147
4 0.4545185185185185 0.46133333333333326 0.03944444444444438 0.05085185185185196
4 0.512888888888889 0.6082962962962962 0.06159259259259253 0.07299999999999993