4 0.4583333333333333 0.47 0.04666666666666667 0.051666666666666666
4 0.5033333333333333 0.6183333333333333 0.058333333333333334 0.07333333333333333
4 0.6483333333333333 0.45666666666666667 0.04666666666666667 0.05
4 0.63 0.61 0.06666666666666667 0.07666666666666666
4 0.5333333333333333 0.49666666666666665 0.04 0.051666666666666666
4 0.345 0.5616666666666666 0.06333333333333334 0.065
4 0.6533333333333333 0.53 0.058333333333333334 0.06166666666666667
4 0.43166666666666664 0.3933333333333333 0.035 0.04
4 0.5783333333333334 0.44166666666666665 0.035 0.045
4 0.495 0.45 0.03666666666666667 0.04666666666666667
4 0.3566666666666667 0.43333333333333335 0.043333333333333335 0.04666666666666667
4 0.5033333333333333 0.41 0.03666666666666667 0.04
4 0.32166666666666666 0.5083333333333333 0.058333333333333334 0.06