4 0.5639259259259259 0.5106172839506172 0.042382716049382714 0.049876543209876445
4 0.5769135802469136 0.4877777777777777 0.04392592592592602 0.04160493827160508
4 0.42840740740740746 0.4706172839506173 0.04056790123456797 0.03981481481481486
4 0.5166666666666667 0.46888888888888886 0.03220987654320993 0.037839506172839495
4 0.6305432098765432 0.509753086419753 0.052382716049382716 0.05024691358024692
4 0.4921851851851852 0.502962962962963 0.03733333333333348 0.04635802469135797
4 0.48683950617283944 0.4794444444444444 0.04056790123456797 0.03981481481481486
4 0.5665679012345679 0.4640740740740741 0.03218518518518522 0.036172839506172824
4 0.5378024691358024 0.5462962962962963 0.05088888888888884 0.06185185185185181
4 0.6250493827160494 0.4762345679012346 0.03877777777777775 0.03141975308641975
4 0.40544444444444444 0.4947530864197531 0.04066666666666663 0.046481481481481526
4 0.4814691358024692 0.45425925925925925 0.028777777777777753 0.03104938271604927
4 0.38608641975308644 0.5373456790123456 0.05583950617283951 0.05870370370370362