4 0.485 0.5066666666666667 0.043333333333333335 0.051666666666666666
4 0.5416666666666666 0.53 0.051666666666666666 0.06
4 0.555 0.49166666666666664 0.04666666666666667 0.045
4 0.495 0.43666666666666665 0.035 0.03666666666666667
4 0.38666666666666666 0.5216666666666666 0.04666666666666667 0.056666666666666664
4 0.42333333333333334 0.45166666666666666 0.041666666666666664 0.043333333333333335
4 0.63 0.465 0.045 0.04
4 0.575 0.435 0.03833333333333333 0.035
4 0.5666666666666667 0.45666666666666667 0.041666666666666664 0.041666666666666664
4 0.6383333333333333 0.505 0.055 0.055
4 0.5083333333333333 0.46 0.03166666666666667 0.04
4 0.4583333333333333 0.47833333333333333 0.04666666666666667 0.04833333333333333
4 0.3383333333333333 0.475 0.045 0.04833333333333333