4 0.5566666666666666 0.49 0.041666666666666664 0.04833333333333333
4 0.57 0.4666666666666667 0.043333333333333335 0.04
4 0.4216666666666667 0.455 0.04 0.03833333333333333
4 0.51 0.45 0.03166666666666667 0.03666666666666667
4 0.6233333333333333 0.4866666666666667 0.051666666666666666 0.04833333333333333
4 0.485 0.485 0.03666666666666667 0.045
4 0.48 0.46166666666666667 0.04 0.03833333333333333
4 0.56 0.44333333333333336 0.03166666666666667 0.035
4 0.53 0.5266666666666666 0.05 0.06
4 0.6183333333333333 0.4533333333333333 0.03833333333333333 0.03
4 0.3983333333333333 0.48 0.04 0.045
4 0.475 0.43666666666666665 0.028333333333333332 0.03
4 0.37833333333333335 0.5233333333333333 0.055 0.056666666666666664