4 0.41975308641975306 0.5362962962962963 0.05549382716049384 0.05872839506172833
4 0.5887037037037037 0.4642345679012345 0.04864197530864203 0.05367901234567891
4 0.5358024691358024 0.4305185185185186 0.035 0.04524691358024692
4 0.595432098765432 0.420962962962963 0.03506172839506159 0.04691358024691359
4 0.44981481481481483 0.4482098765432099 0.04864197530864203 0.053679012345679095
4 0.5488888888888889 0.5139259259259259 0.043580246913580256 0.05197530864197537
4 0.37703703703703706 0.4626666666666667 0.050308641975308696 0.05369135802469145
4 0.5190123456790123 0.38207407407407407 0.03672839506172825 0.04692592592592594
4 0.47975308641975306 0.4917530864197532 0.047037037037036954 0.05533333333333341
4 0.5065432098765432 0.5852592592592593 0.04524691358024692 0.05198765432098753
4 0.4462962962962963 0.3981975308641975 0.04518518518518514 0.05032098765432105
4 0.6606790123456789 0.5180864197530864 0.05376543209876559 0.057049382716049306
4 0.619567901234568 0.6227530864197531 0.05549382716049384 0.05872839506172833