5 0.4744938271604938 0.5110493827160494 0.05245679012345666 0.05524691358024692
5 0.5268024691358025 0.3273456790123456 0.03569135802469134 0.04796296296296305
5 0.5824567901234569 0.48203703703703704 0.052530864197530794 0.06024691358024692
5 0.6213703703703704 0.4072222222222222 0.04576543209876528 0.05333333333333334
5 0.36419753086419754 0.4951234567901235 0.047358024691358004 0.04839506172839511
5 0.42413580246913585 0.3761728395061728 0.038950617283950634 0.043086419753086413
5 0.5364444444444445 0.6404938271604939 0.055987654320987686 0.06870370370370361
5 0.6593086419753087 0.6042592592592593 0.05427160493827159 0.0653086419753087
5 0.7191728395061728 0.4803086419753087 0.05758024691358021 0.06376543209876559
5 0.40530864197530864 0.568641975308642 0.049222222222222264 0.06179012345679022
5 0.5444814814814815 0.3950617283950617 0.04574074074074076 0.051666666666666666
5 0.7080123456790124 0.40234567901234564 0.04071604938271605 0.04981481481481486