5 0.6150493827160495 0.43745679012345673 0.04907407407407391 0.05071604938271605
5 0.4577037037037038 0.37313580246913586 0.03720987654320993 0.03720987654320993
5 0.5117901234567901 0.4339876543209876 0.04402469135802467 0.04730864197530878
5 0.3724320987654321 0.3927283950617284 0.037259259259259256 0.040543209876543265
5 0.36359259259259263 0.5394938271604938 0.05250617283950618 0.05743209876543214
5 0.4180864197530864 0.4603703703703704 0.0473333333333333 0.04569135802469134
5 0.5589999999999999 0.3966296296296296 0.03895061728395073 0.04223456790123464
5 0.48492592592592587 0.6726666666666667 0.06422222222222217 0.06093827160493826
5 0.4551111111111111 0.5481358024691358 0.05750617283950627 0.057506172839506084
5 0.6181975308641975 0.5623827160493827 0.057629629629629635 0.06583950617283942
5 0.28629629629629627 0.47065432098765425 0.047358024691358004 0.0473580246913582
5 0.25334567901234567 0.55779012345679 0.05083950617283951 0.05740740740740724