5 0.5444938271604938 0.49802469135802474 0.045345679012345576 0.04833333333333333
5 0.49703703703703705 0.6064197530864197 0.04709876543209873 0.06006172839506178
5 0.31517283950617286 0.41487654320987655 0.0453086419753087 0.043333333333333335
5 0.6746666666666666 0.46987654320987654 0.04532098765432086 0.045
5 0.342641975308642 0.5304938271604939 0.053802469135802465 0.0653086419753087
5 0.530148148148148 0.4102469135802469 0.040370370370370286 0.051481481481481524
5 0.46051851851851855 0.3628395061728395 0.04201234567901224 0.04820987654320987
5 0.656962962962963 0.38555555555555554 0.03864197530864203 0.043086419753086413
5 0.475962962962963 0.30228395061728397 0.03364197530864203 0.04290123456790127
5 0.5922716049382716 0.5712345679012346 0.04543209876543206 0.06
5 0.5558148148148149 0.319320987654321 0.035320987654320866 0.044629629629629616
5 0.4201111111111111 0.41932098765432096 0.04704938271604931 0.05339506172839502