5 0.555962962962963 0.6267407407407407 0.04917283950617275 0.05809876543209877
5 0.43304938271604937 0.36965432098765433 0.03740740740740743 0.051086419753086434
5 0.5053086419753087 0.5568765432098766 0.0456172839506174 0.04299999999999993
5 0.37653086419753085 0.5830740740740741 0.04569135802469134 0.047999999999999925
5 0.5694567901234567 0.503753086419753 0.05066666666666682 0.046481481481481526
5 0.5741234567901236 0.41385185185185186 0.040839506172839414 0.05785185185185185
5 0.6831975308641977 0.5921604938271605 0.05586419753086413 0.05996296296296293
5 0.42316049382716053 0.4744074074074074 0.04233333333333329 0.046234567901234605
5 0.4390493827160494 0.6399506172839505 0.047407407407407426 0.05138271604938268
5 0.36218518518518517 0.42591358024691356 0.04071604938271605 0.04951851851851852
5 0.4941234567901234 0.41148148148148145 0.04235802469135801 0.04790123456790127
5 0.6598271604938272 0.48141975308641977 0.037358024691358196 0.04775308641975319