5 0.5517654320987655 0.4652962962962963 0.04299999999999993 0.04592592592592609
5 0.6524567901234568 0.4908518518518519 0.046432098765432105 0.04933333333333337
5 0.5271975308641976 0.4231111111111111 0.03265432098765435 0.034037037037037025
5 0.3727530864197531 0.49462962962962964 0.046333333333333254 0.04600000000000004
5 0.45214814814814813 0.4197777777777778 0.036037037037037103 0.035777777777777825
5 0.2841234567901234 0.4826666666666667 0.05314814814814819 0.051148148148148116
5 0.45681481481481484 0.4648518518518519 0.03956790123456794 0.04251851851851863
5 0.6147037037037036 0.4533703703703704 0.037753086419753196 0.03748148148148137
5 0.39596296296296296 0.6034074074074074 0.06722222222222228 0.07644444444444445
5 0.3512716049382716 0.4441851851851852 0.03613580246913576 0.03911111111111116
5 0.5832592592592593 0.5725925925925925 0.060259259259259276 0.06629629629629638
5 0.4401111111111111 0.5194444444444444 0.04976543209876543 0.04940740740740732