5 0.4545185185185185 0.5251851851851851 0.05204938271604931 0.05281481481481478
5 0.5662345679012346 0.521 0.04875308641975304 0.05774074074074065
5 0.47855555555555557 0.6557407407407407 0.06718518518518522 0.07148148148148152
5 0.5522716049382717 0.38066666666666665 0.03697530864197537 0.04248148148148147
5 0.35644444444444445 0.48800000000000004 0.045333333333333316 0.04600000000000004
5 0.625 0.46396296296296297 0.04370370370370362 0.050962962962962974
5 0.6152716049382716 0.6521111111111111 0.0555061728395062 0.06955555555555558
5 0.4420864197530864 0.4032222222222222 0.03864197530864203 0.04251851851851853
5 0.3675925925925926 0.5582592592592593 0.05379012345679011 0.06285185185185185
5 0.711037037037037 0.5508888888888889 0.05881481481481482 0.06629629629629638
5 0.5518518518518518 0.4373333333333334 0.042024691358024786 0.04925925925925924
5 0.7149259259259259 0.475962962962963 0.04201234567901224 0.04759259259259257