5 0.47 0.515 0.055 0.055
5 0.575 0.49333333333333335 0.051666666666666666 0.056666666666666664
5 0.52 0.37333333333333335 0.03166666666666667 0.04
5 0.3566666666666667 0.5 0.045 0.05
5 0.5333333333333333 0.6333333333333333 0.056666666666666664 0.07333333333333333
5 0.6116666666666667 0.435 0.045 0.04833333333333333
5 0.42 0.4066666666666667 0.03666666666666667 0.03833333333333333
5 0.6716666666666666 0.6016666666666667 0.05333333333333334 0.06666666666666667
5 0.395 0.5616666666666666 0.051666666666666666 0.06166666666666667
5 0.6916666666666667 0.43333333333333335 0.03833333333333333 0.04666666666666667
5 0.5366666666666666 0.425 0.041666666666666664 0.04666666666666667
5 0.7133333333333334 0.49666666666666665 0.056666666666666664 0.06