5 0.5438641975308642 0.5007407407407407 0.039716049382716015 0.047518518518518627
5 0.6230493827160494 0.4174444444444444 0.04486419753086428 0.05262962962962964
5 0.5598271604938272 0.356 0.03814814814814819 0.0508148148148148
5 0.5772716049382716 0.6115555555555555 0.047999999999999925 0.046037037037037105
5 0.4775061728395062 0.4325555555555556 0.0416296296296296 0.055888888888888835
5 0.27551851851851855 0.5514814814814816 0.061580246913580175 0.05466666666666659
5 0.37937037037037036 0.4237037037037037 0.04491358024691351 0.05429629629629631
5 0.3511975308641975 0.3613703703703704 0.04638271604938268 0.047666666666666704
5 0.629641975308642 0.5326666666666667 0.05339506172839511 0.05948148148148145
5 0.4335061728395061 0.3415185185185185 0.041530864197530944 0.05255555555555551
5 0.399716049382716 0.6376296296296297 0.04981481481481486 0.05107407407407398
5 0.3855802469135802 0.49555555555555564 0.04667901234567902 0.05766666666666651
5 0.3496543209876543 0.2445925925925926 0.03765432098765435 0.034148148148148136