5 0.6266666666666667 0.44666666666666666 0.04833333333333333 0.045
5 0.5516666666666666 0.45666666666666667 0.041666666666666664 0.051666666666666666
5 0.5583333333333333 0.38 0.04 0.043333333333333335
5 0.64 0.5133333333333333 0.04666666666666667 0.055
5 0.36333333333333334 0.4716666666666667 0.041666666666666664 0.045
5 0.47833333333333333 0.3616666666666667 0.03666666666666667 0.043333333333333335
5 0.45666666666666667 0.43833333333333335 0.04 0.04833333333333333
5 0.335 0.6233333333333333 0.06 0.07
5 0.2916666666666667 0.44166666666666665 0.05 0.051666666666666666
5 0.5133333333333333 0.6216666666666667 0.058333333333333334 0.06
5 0.365 0.395 0.03666666666666667 0.043333333333333335
5 0.41 0.5216666666666666 0.045 0.05333333333333334