5 0.3616666666666667 0.43166666666666664 0.045 0.04666666666666667
5 0.475 0.445 0.041666666666666664 0.045
5 0.5433333333333333 0.4116666666666667 0.03333333333333333 0.03833333333333333
5 0.3016666666666667 0.485 0.056666666666666664 0.056666666666666664
5 0.43333333333333335 0.5033333333333333 0.05 0.058333333333333334
5 0.6866666666666666 0.585 0.056666666666666664 0.07333333333333333
5 0.47833333333333333 0.5816666666666667 0.05333333333333334 0.07333333333333333
5 0.6516666666666666 0.47333333333333333 0.043333333333333335 0.04666666666666667
5 0.395 0.675 0.07333333333333333 0.08333333333333333
5 0.31333333333333335 0.5916666666666667 0.06833333333333333 0.07166666666666667
5 0.555 0.535 0.04833333333333333 0.06
5 0.4716666666666667 0.4066666666666667 0.035 0.04