5 0.43816049382716055 0.46024691358024694 0.0420493827160495 0.05290123456790127
5 0.32265432098765434 0.5319876543209877 0.04709876543209873 0.05971604938271601
5 0.42523456790123454 0.405641975308642 0.037000000000000074 0.04608641975308643
5 0.6227037037037038 0.5164320987654321 0.04871604938271616 0.053098765432098766
5 0.38208641975308644 0.6068765432098765 0.05883950617283953 0.07006172839506158
5 0.6733703703703704 0.42495061728395056 0.04201234567901224 0.04790123456790127
5 0.5027654320987653 0.5116543209876543 0.045345679012345576 0.047999999999999925
5 0.5569753086419754 0.3917407407407407 0.03364197530864203 0.04265432098765435
5 0.368320987654321 0.4406543209876544 0.0403086419753087 0.04285185185185185
5 0.7021111111111111 0.5940617283950618 0.07054320987654326 0.07540740740740735
5 0.5948148148148149 0.4572716049382716 0.040320987654320864 0.04451851851851851
5 0.5718518518518518 0.6329135802469136 0.06546913580246913 0.06525925925925928