5 0.459716049382716 0.5065555555555554 0.04981481481481486 0.05107407407407398
5 0.38923456790123456 0.544962962962963 0.04653086419753085 0.052666666666666515
5 0.41313580246913584 0.6770740740740742 0.05501234567901236 0.05785185185185185
5 0.6577901234567901 0.44600000000000006 0.04461728395061717 0.044296296296296306
5 0.44003703703703706 0.4045185185185185 0.046333333333333254 0.04600000000000004
5 0.5132592592592592 0.571037037037037 0.04628395061728383 0.04433333333333337
5 0.6268888888888888 0.5835555555555555 0.060012345679012355 0.05796296296296305
5 0.5426913580246914 0.4401111111111111 0.04133333333333326 0.04588888888888884
5 0.38637037037037036 0.44829629629629625 0.03638271604938268 0.0474444444444445
5 0.5912098765432099 0.39122222222222225 0.039518518518518515 0.04085185185185177
5 0.5446049382716049 0.6733333333333333 0.05520987654320986 0.06451851851851852
5 0.6178518518518519 0.5034074074074074 0.04285185185185185 0.04092592592592591