5 0.36439506172839503 0.5348765432098765 0.05417283950617285 0.058641975308642035
5 0.6088641975308643 0.395679012345679 0.037308641975308775 0.044691358024691305
5 0.4525308641975309 0.5248148148148148 0.04569135802469134 0.04833333333333333
5 0.5611604938271605 0.5488271604938272 0.045814814814814704 0.056666666666666664
5 0.42781481481481476 0.6554938271604939 0.06417283950617275 0.05901234567901232
5 0.3800246913580247 0.46549382716049387 0.04235802469135801 0.04820987654320978
5 0.6488024691358024 0.505432098765432 0.044098765432098806 0.053271604938271745
5 0.5567160493827161 0.6985802469135802 0.06088888888888884 0.06222222222222228
5 0.4889382716049383 0.3962345679012346 0.04069135802469134 0.04814814814814819
5 0.7426543209876544 0.5438888888888889 0.04566666666666682 0.04666666666666667
5 0.5814938271604939 0.4596296296296296 0.03907407407407391 0.051419753086419745
5 0.7038641975308643 0.6240740740740741 0.049271604938271596 0.06512345679012356