5 0.38951851851851854 0.4010740740740741 0.037851851851851845 0.0408148148148148
5 0.4802469135802469 0.4307037037037037 0.039518518518518515 0.04085185185185196
5 0.5674567901234567 0.41044444444444445 0.039518518518518515 0.04085185185185187
5 0.3134814814814815 0.43774074074074076 0.04638271604938268 0.047666666666666704
5 0.41058024691358025 0.4772222222222222 0.05486419753086428 0.052851851851851844
5 0.6399876543209877 0.4921111111111111 0.05667901234567902 0.05788888888888891
5 0.4014938271604938 0.559037037037037 0.060407407407407444 0.07129629629629639
5 0.2865308641975309 0.6165555555555555 0.06516049382716044 0.06307407407407406
5 0.6014320987654321 0.6128888888888889 0.058790123456790105 0.0729259259259258
5 0.2674814814814815 0.5287037037037037 0.06516049382716044 0.06307407407407406
5 0.4989012345679013 0.5318888888888889 0.05344444444444434 0.06114814814814811
5 0.498 0.39366666666666666 0.03613580246913576 0.03911111111111116