5 0.72 0.46 0.04 0.04666666666666667
5 0.715 0.5366666666666666 0.056666666666666664 0.06333333333333334
5 0.555 0.425 0.043333333333333335 0.04833333333333333
5 0.48333333333333334 0.645 0.065 0.07
5 0.6183333333333333 0.6383333333333333 0.055 0.06833333333333333
5 0.6283333333333333 0.4483333333333333 0.043333333333333335 0.05
5 0.37166666666666665 0.55 0.05 0.06166666666666667
5 0.4583333333333333 0.515 0.051666666666666666 0.05
5 0.57 0.5083333333333333 0.04666666666666667 0.056666666666666664
5 0.445 0.39166666666666666 0.03833333333333333 0.041666666666666664
5 0.36 0.4816666666666667 0.043333333333333335 0.045
5 0.555 0.36833333333333335 0.03666666666666667 0.041666666666666664