5 0.3566666666666667 0.5163827160493827 0.05333333333333334 0.05745679012345666
5 0.6033333333333334 0.36439506172839503 0.03666666666666667 0.0438765432098766
5 0.445 0.5017407407407408 0.045 0.047333333333333484
5 0.5533333333333333 0.5201358024691358 0.045 0.05566666666666663
5 0.41833333333333333 0.6338024691358025 0.06333333333333334 0.05760493827160493
5 0.37333333333333335 0.44613580246913576 0.041666666666666664 0.04728395061728406
5 0.6416666666666667 0.4721604938271605 0.043333333333333335 0.05230864197530859
5 0.5466666666666666 0.6702345679012346 0.06 0.06088888888888884
5 0.48333333333333334 0.3711728395061728 0.04 0.04725925925925926
5 0.735 0.5057777777777779 0.045 0.04566666666666682
5 0.575 0.42981481481481487 0.03833333333333333 0.050567901234567975
5 0.695 0.588037037037037 0.04833333333333333 0.0640493827160492