5 0.5618888888888889 0.61 0.05455555555555558 0.055
5 0.6766666666666666 0.45 0.039407407407407315 0.04833333333333333
5 0.5244444444444444 0.425 0.03948148148148145 0.051666666666666666
5 0.5678148148148148 0.5016666666666667 0.042629629629629635 0.043333333333333335
5 0.6268518518518518 0.38333333333333336 0.035962962962962974 0.043333333333333335
5 0.4404814814814815 0.39666666666666667 0.04277777777777771 0.05
5 0.3088148148148148 0.4716666666666667 0.05440740740740741 0.04833333333333333
5 0.6422962962962964 0.5533333333333333 0.049740740740740724 0.06333333333333334
5 0.43433333333333335 0.345 0.0375555555555555 0.04
5 0.5177037037037037 0.3466666666666667 0.0376666666666667 0.045
5 0.4217407407407407 0.4533333333333333 0.04788888888888891 0.055
5 0.3794444444444445 0.575 0.04803703703703699 0.06166666666666667