5 0.48333333333333334 0.7016666666666667 0.075 0.1
5 0.36 0.635 0.06166666666666667 0.075
5 0.575 0.5266666666666666 0.05 0.058333333333333334
5 0.525 0.59 0.056666666666666664 0.07
5 0.46166666666666667 0.4483333333333333 0.043333333333333335 0.051666666666666666
5 0.2966666666666667 0.5216666666666666 0.06166666666666667 0.065
5 0.33666666666666667 0.45166666666666666 0.04666666666666667 0.05333333333333334
5 0.705 0.55 0.06166666666666667 0.06833333333333333
5 0.6383333333333333 0.45 0.03666666666666667 0.041666666666666664
5 0.44666666666666666 0.5166666666666667 0.04666666666666667 0.058333333333333334
5 0.44333333333333336 0.4083333333333333 0.035 0.041666666666666664
5 0.5133333333333333 0.4033333333333333 0.035 0.04