5 0.5636913580246914 0.5305185185185185 0.04638271604938268 0.04766666666666652
5 0.5201851851851852 0.6361481481481481 0.048395061728394924 0.059370370370370434
5 0.33097530864197533 0.4337407407407407 0.046234567901234605 0.04266666666666651
5 0.693 0.5100740740740741 0.04628395061728383 0.04433333333333318
5 0.36276543209876544 0.551037037037037 0.05520987654320986 0.06451851851851852
5 0.546074074074074 0.44185185185185183 0.04148148148148152 0.05088888888888884
5 0.4745925925925926 0.3902962962962963 0.04304938271604935 0.04759259259259257
5 0.6721481481481482 0.4246666666666667 0.03956790123456794 0.04251851851851844
5 0.48781481481481476 0.33062962962962966 0.034567901234567745 0.04240740740740743
5 0.6142469135802469 0.6065925925925926 0.04672839506172825 0.05933333333333318
5 0.5684074074074075 0.35240740740740745 0.03628395061728384 0.04411111111111116
5 0.43622222222222223 0.4444074074074074 0.04819753086419761 0.05270370370370377