5 0.5153827160493827 0.6427037037037037 0.04667901234567902 0.057666666666666706
5 0.5494074074074075 0.44192592592592594 0.0414320987654321 0.049222222222222174
5 0.5639382716049381 0.5388518518518519 0.046333333333333254 0.04599999999999985
5 0.6788641975308642 0.4264814814814815 0.04290123456790108 0.04259259259259257
5 0.3307777777777777 0.427074074074074 0.04613580246913576 0.03933333333333318
5 0.4760123456790124 0.382 0.04309876543209877 0.04925925925925924
5 0.6949135802469136 0.5184444444444445 0.04451851851851851 0.04096296296296297
5 0.49237037037037035 0.31574074074074077 0.036283950617284025 0.04411111111111116
5 0.5781604938271605 0.3442962962962963 0.03966666666666659 0.045851851851851866
5 0.6095925925925927 0.6181481481481482 0.04496296296296312 0.05596296296296297
5 0.4378395061728395 0.4427777777777777 0.04819753086419761 0.05270370370370377
5 0.3645308641975309 0.5544074074074075 0.05344444444444444 0.06114814814814811
5 0.6520123456790123 0.251 0.03265432098765435 0.034037037037037025