5 0.6249629629629629 0.3808518518518519 0.0449135802469137 0.05429629629629631
5 0.543716049382716 0.4809259259259259 0.03966666666666659 0.04585185185185196
5 0.5770740740740741 0.5917777777777777 0.046432098765432105 0.04933333333333337
5 0.5586543209876544 0.314037037037037 0.0399135802469137 0.0541851851851852
5 0.47588888888888886 0.40914814814814815 0.041679012345678834 0.057555555555555506
5 0.3709876543209877 0.4081481481481482 0.04491358024691351 0.05429629629629631
5 0.33139506172839506 0.3390740740740741 0.04981481481481486 0.05107407407407408
5 0.28174074074074074 0.5533703703703704 0.061432098765432104 0.04966666666666659
5 0.6262098765432099 0.5074074074074074 0.05324691358024703 0.05448148148148145
5 0.4093703703703704 0.6304814814814815 0.048246913580246936 0.05437037037037044
5 0.3853333333333333 0.48611111111111116 0.044962962962962934 0.05596296296296297
5 0.42566666666666664 0.3053333333333333 0.04667901234567902 0.057666666666666706