5 0.44353086419753085 0.48970370370370364 0.04375308641975304 0.057950617283950505
5 0.4280246913580246 0.4209259259259259 0.03869135802469145 0.049469135802469096
5 0.33582716049382716 0.5714938271604939 0.045419753086419705 0.05799999999999993
5 0.371679012345679 0.46258024691358024 0.04364197530864203 0.042950617283950505
5 0.6815925925925925 0.4600987654320988 0.04369135802469146 0.049617283950617166
5 0.514 0.5551111111111111 0.045333333333333406 0.046333333333333254
5 0.6307283950617284 0.5669012345679012 0.047037037037036954 0.05138271604938268
5 0.39981481481481485 0.6617037037037037 0.053802469135802465 0.0649135802469137
5 0.5645679012345679 0.40830864197530864 0.03533333333333341 0.046037037037037105
5 0.7063827160493826 0.6574567901234568 0.06885185185185189 0.07202469135802479
5 0.6018888888888889 0.4977283950617284 0.04032098765432105 0.04451851851851851
5 0.583358024691358 0.6954691358024692 0.06040740740740754 0.05677777777777768