5 0.28 0.6083333333333333 0.051666666666666666 0.051666666666666666
5 0.485 0.5633333333333334 0.055 0.058333333333333334
5 0.38666666666666666 0.5716666666666667 0.056666666666666664 0.06333333333333334
5 0.285 0.5116666666666667 0.056666666666666664 0.051666666666666666
5 0.6433333333333333 0.5516666666666666 0.058333333333333334 0.06166666666666667
5 0.5383333333333333 0.3933333333333333 0.03666666666666667 0.043333333333333335
5 0.42333333333333334 0.47833333333333333 0.051666666666666666 0.05
5 0.505 0.43666666666666665 0.04 0.043333333333333335
5 0.6083333333333333 0.4266666666666667 0.04666666666666667 0.04666666666666667
5 0.5483333333333333 0.6833333333333333 0.05333333333333334 0.055
5 0.35 0.41333333333333333 0.041666666666666664 0.045
5 0.43166666666666664 0.38166666666666665 0.03666666666666667 0.04