5 0.4335555555555555 0.6287654320987653 0.06711111111111108 0.062469135802469204
5 0.4445432098765432 0.4950617283950618 0.04867901234567891 0.04845679012345689
5 0.5544567901234567 0.5026543209876544 0.045419753086419705 0.058333333333333334
5 0.36493827160493825 0.4446913580246913 0.04201234567901234 0.04820987654320978
5 0.6656049382716049 0.34358024691358025 0.03197530864197536 0.04283950617283949
5 0.6348518518518519 0.44635802469135805 0.04372839506172833 0.05493827160493822
5 0.5650370370370371 0.6488888888888888 0.05880246913580246 0.06549382716049384
5 0.3577283950617284 0.5182716049382715 0.05544444444444442 0.06203703703703695
5 0.4688518518518519 0.3625308641975309 0.04033333333333341 0.046481481481481526
5 0.7860617283950617 0.5024074074074074 0.060456790123456776 0.06388888888888876
5 0.5667901234567901 0.4122222222222222 0.042037037037036956 0.051543209876543206
5 0.7484938271604937 0.40049382716049386 0.0386543209876542 0.04475308641975308