5 0.45218518518518525 0.46024691358024694 0.04281481481481478 0.05290123456790127
5 0.33870370370370373 0.5319876543209877 0.04796296296296295 0.05971604938271601
5 0.43762962962962965 0.405641975308642 0.0376666666666667 0.04608641975308643
5 0.6385555555555555 0.5164320987654321 0.049481481481481446 0.053098765432098766
5 0.4004074074074074 0.6068765432098765 0.05985185185185183 0.07006172839506158
5 0.6865555555555556 0.42495061728395056 0.04270370370370377 0.04790123456790127
5 0.5183703703703704 0.5116543209876543 0.046037037037037105 0.047999999999999925
5 0.5690740740740741 0.3917407407407407 0.03425925925925924 0.04265432098765435
5 0.3817037037037037 0.4406543209876544 0.04092592592592591 0.04285185185185185
5 0.7203333333333333 0.5940617283950618 0.0716296296296296 0.07540740740740735
5 0.6088888888888888 0.4572716049382716 0.04096296296296297 0.04451851851851851
5 0.5911111111111111 0.6329135802469136 0.06640740740740739 0.06525925925925928