5 0.36666666666666664 0.47333333333333333 0.045 0.055
5 0.45 0.4683333333333333 0.043333333333333335 0.041666666666666664
5 0.4866666666666667 0.3883333333333333 0.035 0.043333333333333335
5 0.31166666666666665 0.58 0.06166666666666667 0.06333333333333334
5 0.46 0.5383333333333333 0.04833333333333333 0.051666666666666666
5 0.665 0.49666666666666665 0.055 0.051666666666666666
5 0.5566666666666666 0.44666666666666666 0.043333333333333335 0.045
5 0.5516666666666666 0.5966666666666667 0.04833333333333333 0.06333333333333334
5 0.595 0.525 0.051666666666666666 0.056666666666666664
5 0.6266666666666667 0.4266666666666667 0.045 0.04833333333333333
5 0.41833333333333333 0.4033333333333333 0.03666666666666667 0.05
5 0.42333333333333334 0.6383333333333333 0.06 0.06166666666666667