5 0.35475308641975306 0.43849382716049384 0.04912345679012352 0.054049382716049386
5 0.4765432098765432 0.44862962962962966 0.04407407407407409 0.05064197530864211
5 0.3057901234567901 0.507753086419753 0.059246913580246884 0.06253086419753079
5 0.5408518518518518 0.4029259259259259 0.03559259259259268 0.04051851851851855
5 0.44434567901234573 0.5248024691358025 0.04919753086419746 0.059049382716049384
5 0.342641975308642 0.6332716049382715 0.06772839506172838 0.07265432098765436
5 0.502320987654321 0.6139753086419752 0.05267901234567906 0.06909876543209861
5 0.46585185185185185 0.40181481481481485 0.03566666666666663 0.045518518518518555
5 0.6552716049382716 0.47793827160493835 0.04233333333333329 0.0456172839506174
5 0.5697654320987654 0.5549876543209876 0.05091358024691355 0.062407407407407425
5 0.7272592592592593 0.7256172839506172 0.07456790123456794 0.08441975308641986
5 0.4389012345679012 0.719679012345679 0.0694938271604938 0.07934567901234572