5 0.555 0.4866666666666667 0.04666666666666667 0.058333333333333334
5 0.62 0.38333333333333336 0.03833333333333333 0.043333333333333335
5 0.43833333333333335 0.3983333333333333 0.04 0.04
5 0.5466666666666666 0.6066666666666667 0.051666666666666666 0.06166666666666667
5 0.6283333333333333 0.47 0.041666666666666664 0.045
5 0.6216666666666667 0.565 0.043333333333333335 0.05
5 0.33166666666666667 0.49333333333333335 0.056666666666666664 0.055
5 0.52 0.425 0.03833333333333333 0.05333333333333334
5 0.44333333333333336 0.53 0.051666666666666666 0.056666666666666664
5 0.5233333333333333 0.365 0.03666666666666667 0.043333333333333335
5 0.35833333333333334 0.5733333333333334 0.058333333333333334 0.065
5 0.405 0.455 0.04833333333333333 0.051666666666666666