5 0.5388518518518519 0.5318888888888889 0.047086419753086375 0.05770370370370377
5 0.5079012345679013 0.4028888888888889 0.03361728395061732 0.039074074074074094
5 0.44941975308641974 0.6065555555555555 0.052185185185185216 0.07114814814814811
5 0.6900617283950617 0.4735925925925926 0.04701234567901224 0.04770370370370377
5 0.6839753086419752 0.5517777777777778 0.05203703703703695 0.051148148148148116
5 0.37125925925925923 0.40318518518518515 0.033629629629629676 0.040740740740740765
5 0.5560987654320988 0.6105925925925926 0.05041975308641971 0.05777777777777771
5 0.34527160493827164 0.49425925925925923 0.053765432098765394 0.05951851851851851
5 0.5442716049382716 0.3637037037037037 0.033629629629629676 0.040740740740740765
5 0.4548024691358025 0.4333703703703704 0.040320987654320864 0.04422222222222217
5 0.6128271604938271 0.3952222222222222 0.03695061728395065 0.03914814814814813
5 0.5582962962962963 0.4573333333333333 0.0403086419753087 0.042555555555555506