5 0.445 0.49666666666666665 0.04833333333333333 0.05
5 0.37333333333333335 0.5366666666666666 0.045 0.051666666666666666
5 0.3933333333333333 0.6683333333333333 0.05333333333333334 0.056666666666666664
5 0.645 0.43166666666666664 0.043333333333333335 0.043333333333333335
5 0.42833333333333334 0.395 0.045 0.045
5 0.49666666666666665 0.56 0.045 0.043333333333333335
5 0.61 0.57 0.058333333333333334 0.056666666666666664
5 0.53 0.42833333333333334 0.04 0.045
5 0.37333333333333335 0.44 0.035 0.04666666666666667
5 0.58 0.37833333333333335 0.03833333333333333 0.04
5 0.525 0.6616666666666666 0.05333333333333334 0.06333333333333334
5 0.6033333333333334 0.49 0.041666666666666664 0.04