5 0.535 0.36666666666666664 0.04 0.045
5 0.545 0.45 0.045 0.051666666666666666
5 0.6416666666666667 0.49833333333333335 0.045 0.055
5 0.45 0.3566666666666667 0.03833333333333333 0.045
5 0.3566666666666667 0.49333333333333335 0.041666666666666664 0.043333333333333335
5 0.615 0.43166666666666664 0.04 0.043333333333333335
5 0.445 0.44333333333333336 0.04 0.04833333333333333
5 0.37166666666666665 0.6583333333333333 0.055 0.065
5 0.27166666666666667 0.47 0.05 0.05333333333333334
5 0.33666666666666667 0.405 0.035 0.043333333333333335
5 0.42 0.5366666666666666 0.045 0.04666666666666667
5 0.5466666666666666 0.625 0.055 0.06