5 0.5166666666666667 0.44 0.043333333333333335 0.04666666666666667
5 0.45666666666666667 0.38 0.03666666666666667 0.03666666666666667
5 0.62 0.44166666666666665 0.04666666666666667 0.04833333333333333
5 0.37166666666666665 0.4 0.03666666666666667 0.04
5 0.37166666666666665 0.5516666666666666 0.051666666666666666 0.058333333333333334
5 0.425 0.47 0.04833333333333333 0.04666666666666667
5 0.5066666666666667 0.6816666666666666 0.06166666666666667 0.056666666666666664
5 0.56 0.40166666666666667 0.03666666666666667 0.041666666666666664
5 0.29 0.4816666666666667 0.05 0.04666666666666667
5 0.4683333333333333 0.5566666666666666 0.056666666666666664 0.056666666666666664
5 0.2633333333333333 0.57 0.05 0.055
5 0.6333333333333333 0.5683333333333334 0.058333333333333334 0.065