5 0.40166666666666667 0.39809876543209877 0.03666666666666667 0.04108641975308643
5 0.49333333333333335 0.4270493827160494 0.03833333333333333 0.04113580246913576
5 0.58 0.40614814814814815 0.03833333333333333 0.041135802469135854
5 0.32666666666666666 0.43532098765432103 0.045 0.047999999999999925
5 0.425 0.4740740740740741 0.05333333333333334 0.05324691358024703
5 0.655 0.4872592592592593 0.055 0.05829629629629627
5 0.41833333333333333 0.5559382716049383 0.058333333333333334 0.07172839506172844
5 0.305 0.6142962962962963 0.06333333333333334 0.06354320987654319
5 0.62 0.6082962962962962 0.056666666666666664 0.07334567901234569
5 0.2833333333333333 0.5266049382716049 0.06333333333333334 0.06354320987654319
5 0.515 0.528074074074074 0.051666666666666666 0.06153086419753095
5 0.51 0.3898888888888889 0.035 0.03937037037037034