5 0.35207407407407404 0.43970370370370365 0.04603703703703701 0.047666666666666704
5 0.4651111111111111 0.45555555555555555 0.04266666666666671 0.045925925925925905
5 0.5341851851851851 0.4237407407407407 0.0341851851851853 0.039074074074074094
5 0.29088888888888886 0.49170370370370375 0.05792592592592589 0.05792592592592579
5 0.42214814814814816 0.512962962962963 0.05129629629629638 0.05944444444444438
5 0.6736666666666666 0.6002592592592593 0.05829629629629627 0.07459259259259264
5 0.4654074074074073 0.5922962962962963 0.05496296296296312 0.07451851851851851
5 0.6411481481481481 0.48781481481481476 0.044370370370370435 0.04762962962962964
5 0.38 0.6837777777777777 0.07518518518518515 0.08496296296296293
5 0.30018518518518517 0.5986296296296296 0.06992592592592596 0.07318518518518506
5 0.5431111111111111 0.5473333333333333 0.04966666666666659 0.06107407407407398
5 0.4626296296296296 0.41714814814814816 0.03588888888888884 0.04077777777777783