5 0.5416666666666666 0.5166666666666667 0.04833333333333333 0.055
5 0.46166666666666667 0.6016666666666667 0.051666666666666666 0.07
5 0.6783333333333333 0.44666666666666666 0.045 0.045
5 0.3416666666666667 0.49833333333333335 0.055 0.06
5 0.355 0.4033333333333333 0.035 0.04
5 0.68 0.525 0.05 0.04833333333333333
5 0.5666666666666667 0.595 0.04833333333333333 0.06166666666666667
5 0.55 0.44166666666666665 0.04 0.045
5 0.49166666666666664 0.39166666666666666 0.035 0.04
5 0.595 0.375 0.035 0.03833333333333333
5 0.5266666666666666 0.35 0.03166666666666667 0.03833333333333333
5 0.445 0.4266666666666667 0.041666666666666664 0.045