5 0.5259876543209877 0.5092962962962964 0.047160493827160505 0.05866666666666674
5 0.6103703703703703 0.5253333333333334 0.05351851851851848 0.05038271604938283
5 0.6637654320987654 0.4332962962962963 0.050123456790123554 0.048691358024691454
5 0.5353703703703703 0.43591358024691357 0.04179012345679022 0.048629629629629675
5 0.3390740740740741 0.42737037037037034 0.05506172839506178 0.04706172839506166
5 0.44537037037037036 0.6165308641975309 0.056975308641975364 0.053740740740740686
5 0.4045061728395062 0.5051975308641975 0.056975308641975364 0.053740740740740874
5 0.5387654320987654 0.6141728395061729 0.05185185185185181 0.05037037037037029
5 0.4793827160493827 0.37301234567901237 0.04018518518518514 0.05028395061728399
5 0.41765432098765437 0.4201234567901235 0.04833333333333333 0.04534567901234576
5 0.31765432098765434 0.5108395061728395 0.05518518518518514 0.050395061728394995
5 0.5810493827160493 0.37225925925925923 0.04524691358024692 0.05198765432098763