5 0.5439135802469136 0.4825308641975309 0.04138271604938268 0.04696296296296301
5 0.6246666666666666 0.400283950617284 0.04486419753086428 0.051987654320987724
5 0.557962962962963 0.3457901234567901 0.038098765432098766 0.04860493827160497
5 0.381037037037037 0.41208641975308635 0.041530864197530944 0.05196296296296301
5 0.5774691358024691 0.5872592592592593 0.04790123456790127 0.04201234567901243
5 0.4791234567901235 0.4196913580246914 0.0399135802469137 0.053617283950617226
5 0.3493827160493827 0.3556666666666667 0.04638271604938268 0.04699999999999998
5 0.27399999999999997 0.5378518518518518 0.0616296296296296 0.05544444444444442
5 0.6297407407407407 0.5102222222222222 0.05506172839506178 0.05872839506172833
5 0.3981975308641975 0.620246913580247 0.04814814814814819 0.05034567901234557
5 0.43664197530864196 0.3350246913580247 0.04148148148148152 0.050296296296296346
5 0.383962962962963 0.4820493827160493 0.04672839506172844 0.05866666666666674