5 0.5134074074074074 0.4361728395061728 0.043679012345678905 0.04698765432098772
5 0.4538518518518519 0.3766172839506173 0.036938271604938296 0.036938271604938296
5 0.6167283950617285 0.437074074074074 0.047024691358024784 0.04867901234567891
5 0.3687037037037037 0.3972469135802469 0.03696296296296301 0.04027160493827163
5 0.3675802469135802 0.5489135802469136 0.05209876543209873 0.058716049382716164
5 0.4215185185185185 0.4668518518518518 0.0486790123456791 0.047024691358024784
5 0.5016172839506172 0.6779135802469136 0.062086419753086375 0.05712345679012363
5 0.5570246913580247 0.39751851851851855 0.03697530864197537 0.0419382716049383
5 0.2864320987654321 0.4795185185185185 0.05034567901234567 0.047037037037036954
5 0.46420987654320983 0.5531975308641975 0.05708641975308638 0.05708641975308638
5 0.2591111111111111 0.5680493827160493 0.05040740740740745 0.055370370370370285
5 0.6291234567901234 0.563641975308642 0.05881481481481482 0.06543209876543225