5 0.44166666666666665 0.47333333333333333 0.041666666666666664 0.051666666666666666
5 0.32666666666666666 0.5416666666666666 0.04666666666666667 0.058333333333333334
5 0.42833333333333334 0.41833333333333333 0.03666666666666667 0.045
5 0.6266666666666667 0.535 0.04833333333333333 0.051666666666666666
5 0.38666666666666666 0.6183333333333333 0.058333333333333334 0.06833333333333333
5 0.6766666666666666 0.445 0.041666666666666664 0.04666666666666667
5 0.5066666666666667 0.5266666666666666 0.045 0.04666666666666667
5 0.56 0.4083333333333333 0.03333333333333333 0.041666666666666664
5 0.37166666666666665 0.45166666666666666 0.04 0.041666666666666664
5 0.7066666666666667 0.615 0.07 0.07333333333333333
5 0.5983333333333334 0.475 0.04 0.043333333333333335
5 0.5766666666666667 0.65 0.065 0.06333333333333334