5 0.36117283950617285 0.43849382716049384 0.04991358024691351 0.054049382716049386
5 0.4830864197530864 0.44862962962962966 0.044814814814814856 0.05064197530864211
5 0.3132469135802469 0.507753086419753 0.06016049382716043 0.06253086419753079
5 0.5467037037037037 0.4029259259259259 0.03618518518518518 0.04051851851851855
5 0.4520246913580247 0.5248024691358025 0.050061728395061775 0.059049382716049384
5 0.3519506172839506 0.6332716049382715 0.06879012345679011 0.07265432098765436
5 0.5113086419753087 0.6139753086419752 0.053691358024691264 0.06909876543209861
5 0.47170370370370374 0.40181481481481485 0.03633333333333326 0.045518518518518555
5 0.66220987654321 0.47793827160493835 0.04299999999999993 0.0456172839506174
5 0.5778641975308642 0.5549876543209876 0.0518271604938271 0.062407407407407425
5 0.7378518518518519 0.7256172839506172 0.07580246913580253 0.08441975308641986
5 0.4494691358024691 0.719679012345679 0.07065432098765427 0.07934567901234572