5 0.5510987654320988 0.48419753086419753 0.038999999999999965 0.045283950617283984
5 0.6323086419753086 0.4019382716049382 0.04409876543209862 0.05198765432098763
5 0.5681975308641976 0.3424197530864198 0.03740740740740743 0.05027160493827163
5 0.38723456790123456 0.40875308641975305 0.040740740740740765 0.050296296296296346
5 0.5844691358024691 0.5939382716049382 0.04730864197530878 0.043679012345678905
5 0.48708641975308636 0.41801234567901235 0.039148148148148036 0.055283950617283986
5 0.28371604938271605 0.5345061728395062 0.060790123456790184 0.05377777777777775
5 0.35476543209876543 0.3506666666666667 0.04569135802469134 0.04699999999999998
5 0.40574074074074074 0.621925925925926 0.049074074074074096 0.05035802469135812
5 0.44341975308641973 0.3283456790123457 0.03909876543209881 0.05195061728395065
5 0.3911481481481482 0.4820493827160493 0.04583950617283951 0.05700000000000008
5 0.6339135802469136 0.5185802469135803 0.057555555555555506 0.06041975308641971