5 0.5139876543209876 0.5283333333333333 0.05006172839506159 0.058333333333333334
5 0.39467901234567904 0.5516666666666666 0.05849382716049376 0.06166666666666667
5 0.6414567901234568 0.6116666666666667 0.06202469135802479 0.06833333333333333
5 0.4608641975308642 0.36666666666666664 0.03456790123456794 0.041666666666666664
5 0.7160493827160493 0.5416666666666666 0.06172839506172845 0.058333333333333334
5 0.5803333333333334 0.405 0.04133333333333326 0.045
5 0.5856419753086419 0.4716666666666667 0.04986419753086428 0.051666666666666666
5 0.4778271604938271 0.6016666666666667 0.05834567901234569 0.056666666666666664
5 0.38450617283950617 0.43333333333333335 0.04471604938271601 0.04666666666666667
5 0.508962962962963 0.415 0.04299999999999993 0.045
5 0.6912222222222223 0.435 0.04819753086419761 0.051666666666666666
5 0.6446913580246914 0.38333333333333336 0.03618518518518518 0.04