5 0.59 0.4166666666666667 0.03666666666666667 0.04
5 0.5533333333333333 0.465 0.03833333333333333 0.045
5 0.6283333333333333 0.5183333333333333 0.05 0.051666666666666666
5 0.6383333333333333 0.4683333333333333 0.04666666666666667 0.04833333333333333
5 0.38 0.45166666666666666 0.04 0.043333333333333335
5 0.5183333333333333 0.3983333333333333 0.03 0.035
5 0.47333333333333333 0.44166666666666665 0.03666666666666667 0.045
5 0.29333333333333333 0.545 0.06666666666666667 0.06666666666666667
5 0.3333333333333333 0.42333333333333334 0.041666666666666664 0.041666666666666664
5 0.41 0.405 0.035 0.03833333333333333
5 0.46166666666666667 0.5766666666666667 0.06 0.058333333333333334
5 0.4033333333333333 0.48833333333333334 0.043333333333333335 0.055