5 0.5483333333333333 0.5183333333333333 0.045 0.04666666666666667
5 0.5016666666666667 0.625 0.04666666666666667 0.058333333333333334
5 0.31833333333333336 0.4266666666666667 0.045 0.041666666666666664
5 0.6783333333333333 0.495 0.045 0.043333333333333335
5 0.3466666666666667 0.5433333333333333 0.05333333333333334 0.06333333333333334
5 0.5333333333333333 0.43 0.04 0.05
5 0.4633333333333333 0.38 0.041666666666666664 0.04666666666666667
5 0.66 0.41 0.03833333333333333 0.041666666666666664
5 0.47833333333333333 0.32 0.03333333333333333 0.041666666666666664
5 0.5966666666666667 0.5933333333333334 0.045 0.058333333333333334
5 0.5583333333333333 0.34 0.035 0.043333333333333335
5 0.42333333333333334 0.435 0.04666666666666667 0.051666666666666666