5 0.4510123456790124 0.5214197530864197 0.05324691358024703 0.05409876543209881
5 0.511395061728395 0.3389382716049383 0.03638271604938268 0.04718518518518522
5 0.5600864197530865 0.4948148148148149 0.05339506172839492 0.05909876543209862
5 0.6022592592592593 0.4208888888888889 0.04653086419753095 0.052333333333333294
5 0.34160493827160493 0.5030493827160494 0.048049382716049346 0.047358024691358004
5 0.4067283950617284 0.3854691358024691 0.03956790123456794 0.042234567901234546
5 0.5071111111111111 0.6521975308641976 0.056975308641975364 0.06748148148148138
5 0.6313827160493827 0.6187037037037038 0.05520987654320986 0.06412345679012352
5 0.6966543209876543 0.49612345679012343 0.05849382716049376 0.06250617283950609
5 0.3793827160493827 0.5774567901234567 0.050111111111111106 0.06071604938271605
5 0.5260370370370371 0.4070246913580247 0.046481481481481526 0.05066666666666663
5 0.6889753086419753 0.4179382716049383 0.0414320987654321 0.04892592592592592