5 0.3566666666666667 0.5216666666666666 0.05333333333333334 0.056666666666666664
5 0.6033333333333334 0.37333333333333335 0.03666666666666667 0.043333333333333335
5 0.445 0.5083333333333333 0.045 0.04666666666666667
5 0.5533333333333333 0.5283333333333333 0.045 0.055
5 0.41833333333333333 0.64 0.06333333333333334 0.056666666666666664
5 0.37333333333333335 0.45166666666666666 0.041666666666666664 0.04666666666666667
5 0.6416666666666667 0.4816666666666667 0.043333333333333335 0.051666666666666666
5 0.5466666666666666 0.6783333333333333 0.06 0.06
5 0.48333333333333334 0.37833333333333335 0.04 0.04666666666666667
5 0.735 0.5166666666666667 0.045 0.045
5 0.575 0.43833333333333335 0.03833333333333333 0.05
5 0.695 0.5983333333333334 0.04833333333333333 0.06333333333333334