5 0.34833333333333333 0.43333333333333335 0.04833333333333333 0.05333333333333334
5 0.47 0.44166666666666665 0.043333333333333335 0.05
5 0.29833333333333334 0.5033333333333333 0.058333333333333334 0.06166666666666667
5 0.535 0.395 0.035 0.04
5 0.43666666666666665 0.5183333333333333 0.04833333333333333 0.058333333333333334
5 0.3333333333333333 0.6283333333333333 0.06666666666666667 0.07166666666666667
5 0.49333333333333335 0.6066666666666667 0.051666666666666666 0.06833333333333333
5 0.46 0.395 0.035 0.045
5 0.6483333333333333 0.4683333333333333 0.041666666666666664 0.045
5 0.5616666666666666 0.5466666666666666 0.05 0.06166666666666667
5 0.7166666666666667 0.715 0.07333333333333333 0.08333333333333333
5 0.42833333333333334 0.7133333333333334 0.06833333333333333 0.07833333333333334