5 0.54 0.645 0.06 0.058333333333333334
5 0.27166666666666667 0.4683333333333333 0.051666666666666666 0.05333333333333334
5 0.335 0.395 0.03666666666666667 0.04666666666666667
5 0.45166666666666666 0.3333333333333333 0.041666666666666664 0.05
5 0.6216666666666667 0.42833333333333334 0.05333333333333334 0.043333333333333335
5 0.445 0.44 0.04 0.045
5 0.42 0.55 0.045 0.045
5 0.35833333333333334 0.5 0.04666666666666667 0.043333333333333335
5 0.6416666666666667 0.51 0.04666666666666667 0.055
5 0.5416666666666666 0.34833333333333333 0.045 0.051666666666666666
5 0.37666666666666665 0.6716666666666666 0.051666666666666666 0.055
5 0.5483333333333333 0.45166666666666666 0.045 0.056666666666666664