5 0.44166666666666665 0.4782098765432099 0.041666666666666664 0.055617283950617206
5 0.3233333333333333 0.5481234567901235 0.04666666666666667 0.06069135802469134
5 0.435 0.41644444444444445 0.03666666666666667 0.0438765432098766
5 0.6183333333333333 0.5608271604938272 0.04666666666666667 0.05235802469135801
5 0.37166666666666665 0.6338395061728396 0.05333333333333334 0.06912345679012333
5 0.5 0.5424074074074074 0.045 0.04899999999999996
5 0.6866666666666666 0.46017283950617277 0.045 0.049000000000000155
5 0.375 0.44888888888888895 0.03833333333333333 0.04056790123456797
5 0.57 0.4117777777777778 0.035 0.043851851851851885
5 0.69 0.6535555555555556 0.06666666666666667 0.07598765432098768
5 0.5983333333333334 0.4921975308641976 0.041666666666666664 0.04395061728395073
5 0.5566666666666666 0.6799135802469136 0.06333333333333334 0.06260493827160493