5 0.4458641975308642 0.5299135802469135 0.053049382716049344 0.0470493827160495
5 0.5334567901234568 0.3293086419753087 0.0414320987654321 0.048629629629629675
5 0.5564074074074074 0.5107654320987655 0.0516296296296296 0.055370370370370285
5 0.4834320987654321 0.6679382716049383 0.05672839506172844 0.05874074074074088
5 0.613679012345679 0.43369135802469133 0.046580246913580176 0.053666666666666744
5 0.6073086419753086 0.6486913580246914 0.05334567901234569 0.057049382716049306
5 0.3418024691358025 0.4990246913580247 0.046234567901234605 0.04200000000000008
5 0.41717283950617284 0.37349382716049384 0.04128395061728393 0.04362962962962968
5 0.36948148148148147 0.5771358024691358 0.04829629629629627 0.05534567901234558
5 0.5360370370370371 0.4109382716049383 0.04658024691358037 0.053666666666666744
5 0.7068148148148148 0.4396666666666667 0.0414320987654321 0.048629629629629675
5 0.6991481481481482 0.5297037037037037 0.05677777777777768 0.06040740740740754