5 0.5477901234567901 0.47844444444444445 0.047530864197530796 0.05902469135802468
5 0.614320987654321 0.3741481481481481 0.03897530864197544 0.04390123456790131
5 0.43243209876543215 0.3918395061728395 0.04059259259259269 0.04059259259259259
5 0.537679012345679 0.5985679012345679 0.052580246913580216 0.06243209876543214
5 0.6213703703703704 0.46069135802469136 0.04233333333333349 0.0456172839506174
5 0.6132962962962962 0.5557901234567901 0.04407407407407409 0.05064197530864211
5 0.32435802469135805 0.48841975308641983 0.05748148148148147 0.055839506172839413
5 0.5137037037037037 0.4172962962962963 0.039123456790123516 0.05390123456790121
5 0.43548148148148147 0.5234320987654321 0.052506172839506086 0.05743209876543214
5 0.517925925925926 0.3572469135802469 0.037308641975308775 0.0438765432098766
5 0.34983950617283954 0.5680246913580246 0.059296296296296305 0.06586419753086413
5 0.3982592592592593 0.44899999999999995 0.049098765432098804 0.052382716049382716