5 0.33549382716049386 0.4281728395061728 0.04991358024691351 0.054049382716049386
5 0.4569135802469136 0.43470370370370365 0.044814814814814856 0.05064197530864211
5 0.28175308641975305 0.49893827160493825 0.06016049382716043 0.06253086419753079
5 0.5232962962962963 0.3870740740740741 0.03618518518518518 0.04051851851851855
5 0.4229753086419753 0.5118395061728396 0.050061728395061775 0.059049382716049384
5 0.6741358024691358 0.5814197530864198 0.05874074074074088 0.07083950617283942
5 0.4753086419753087 0.6010246913580247 0.053740740740740874 0.07076543209876528
5 0.6344567901234567 0.45872839506172836 0.04466666666666659 0.045641975308642106
5 0.5455185185185185 0.536679012345679 0.0518271604938271 0.062407407407407425
5 0.44829629629629625 0.3881851851851852 0.03633333333333326 0.045518518518518555
5 0.4071975308641976 0.7069876543209878 0.07065432098765427 0.07934567901234572
5 0.3146666666666667 0.6250617283950618 0.06874074074074069 0.07098765432098768