5 0.4814814814814815 0.434679012345679 0.04440740740740731 0.04897530864197525
5 0.3644814814814815 0.4214074074074074 0.04785185185185185 0.05402469135802467
5 0.31100000000000005 0.49055555555555563 0.059703703703703655 0.06253086419753079
5 0.44648148148148153 0.5102222222222222 0.05129629629629638 0.0590740740740741
5 0.5504444444444444 0.38697530864197527 0.03585185185185196 0.03885185185185189
5 0.4770000000000001 0.3830617283950617 0.03937037037037044 0.04723456790123464
5 0.6934814814814814 0.5965925925925926 0.05655555555555566 0.0708148148148147
5 0.4968518518518518 0.6011728395061728 0.05322222222222232 0.07076543209876547
5 0.42585185185185187 0.7072592592592593 0.06829629629629627 0.07432098765432102
5 0.6622222222222223 0.4653456790123457 0.046037037037037105 0.0473333333333333
5 0.33888888888888885 0.6201851851851852 0.06651851851851859 0.0692962962962963
5 0.5705925925925925 0.543395061728395 0.04970370370370366 0.06238271604938272