5 0.5495555555555556 0.6489999999999999 0.060864197530864125 0.058777777777777755
5 0.278604938271605 0.4703456790123457 0.05245679012345685 0.05371604938271597
5 0.34085185185185185 0.3974814814814815 0.03735802469135801 0.0469382716049383
5 0.45660493827160487 0.33667901234567904 0.04240740740740724 0.050308641975308696
5 0.6280123456790123 0.43293827160493836 0.05397530864197544 0.04372839506172833
5 0.4515185185185185 0.44329629629629624 0.04066666666666663 0.04529629629629634
5 0.42814814814814817 0.5531111111111111 0.045666666666666626 0.045333333333333406
5 0.36574074074074076 0.5026543209876544 0.04730864197530858 0.043679012345678905
5 0.6492222222222221 0.514753086419753 0.047481481481481375 0.05534567901234558
5 0.5468271604938271 0.35234567901234565 0.04576543209876528 0.052000000000000074
5 0.3866172839506173 0.6744567901234567 0.05248148148148147 0.05538271604938283
5 0.5550246913580247 0.4557283950617284 0.04583950617283942 0.05700000000000008