5 0.623358024691358 0.4513086419753086 0.04866666666666674 0.04535802469135793
5 0.548283950617284 0.4607530864197531 0.0420493827160495 0.05197530864197537
5 0.5555185185185185 0.38413580246913576 0.040320987654320864 0.04362962962962968
5 0.6361975308641975 0.518074074074074 0.04707407407407402 0.05534567901234558
5 0.3598395061728395 0.47435802469135807 0.04199999999999998 0.0453086419753087
5 0.47565432098765426 0.36520987654320985 0.03698765432098753 0.043604938271604964
5 0.4534197530864198 0.4417160493827161 0.04035802469135812 0.04862962962962949
5 0.33038271604938274 0.6258148148148148 0.060518518518518555 0.07044444444444442
5 0.2883950617283951 0.4438271604938272 0.050382716049382735 0.05203703703703695
5 0.5087283950617284 0.6254691358024691 0.058777777777777755 0.06043209876543206
5 0.36207407407407405 0.39770370370370367 0.03698765432098763 0.043604938271604964
5 0.40613580246913583 0.5247037037037037 0.045395061728395095 0.053666666666666744