5 0.5691851851851852 0.5007407407407407 0.03933333333333337 0.04585185185185196
5 0.6473703703703704 0.42085185185185187 0.04448148148148145 0.05262962962962964
5 0.5810370370370371 0.3594074074074074 0.0377777777777779 0.0508148148148148
5 0.40248148148148144 0.42040740740740745 0.04111111111111105 0.05088888888888884
5 0.6066296296296296 0.6115185185185186 0.04762962962962964 0.044370370370370435
5 0.5027037037037037 0.43262962962962964 0.03955555555555558 0.05585185185185177
5 0.30359259259259264 0.5431481481481482 0.06118518518518518 0.05466666666666659
5 0.3678518518518519 0.36133333333333334 0.04603703703703701 0.047666666666666704
5 0.42888888888888893 0.6342222222222221 0.04944444444444457 0.05107407407407398
5 0.4557037037037037 0.3416296296296296 0.03948148148148145 0.05251851851851844
5 0.4091111111111111 0.4938518518518519 0.04625925925925922 0.05766666666666651
5 0.6532962962962963 0.5375925925925926 0.05799999999999993 0.061259259259259125