5 0.5714444444444444 0.48 0.050395061728394995 0.05333333333333334
5 0.598641975308642 0.6333333333333333 0.06050617283950601 0.06833333333333333
5 0.484395061728395 0.5316666666666666 0.04875308641975304 0.056666666666666664
5 0.520962962962963 0.32 0.03198765432098772 0.043333333333333335
5 0.5819753086419753 0.4083333333333333 0.043679012345678905 0.04666666666666667
5 0.36262962962962964 0.545 0.05375308641975304 0.056666666666666664
5 0.6907777777777778 0.57 0.058777777777777755 0.06
5 0.4372222222222223 0.6 0.05037037037037029 0.05
5 0.38023456790123455 0.41833333333333333 0.04201234567901234 0.04666666666666667
5 0.505283950617284 0.4116666666666667 0.04200000000000008 0.045
5 0.6158765432098765 0.33166666666666667 0.033654320987654196 0.043333333333333335
5 0.7021234567901234 0.3883333333333333 0.04870370370370362 0.05