5 0.5992592592592593 0.421037037037037 0.0375555555555555 0.04027160493827163
5 0.5636666666666666 0.46909876543209883 0.03933333333333337 0.045283950617283984
5 0.6398518518518518 0.5229876543209876 0.051148148148148116 0.05203703703703695
5 0.6487407407407407 0.4730617283950617 0.047740740740740646 0.04867901234567891
5 0.390037037037037 0.45448148148148143 0.04096296296296297 0.043629629629629484
5 0.5271851851851852 0.4021728395061729 0.030777777777777827 0.03522222222222221
5 0.4831481481481482 0.4451728395061728 0.037666666666666515 0.045271604938271634
5 0.3054444444444444 0.5471728395061729 0.0681481481481482 0.06716049382716051
5 0.34274074074074073 0.42580246913580244 0.04259259259259257 0.041975308641975365
5 0.419 0.408037037037037 0.035851851851851864 0.03859259259259261
5 0.47448148148148145 0.5800864197530864 0.06129629629629638 0.058777777777777755
5 0.4141851851851852 0.491320987654321 0.04455555555555558 0.05532098765432105