5 0.48853086419753083 0.7016666666666667 0.07574074074074076 0.1
5 0.3647037037037037 0.635 0.06222222222222219 0.075
5 0.5789012345679012 0.5266666666666666 0.05043209876543207 0.058333333333333334
5 0.5293703703703704 0.59 0.05718518518518522 0.07
5 0.46498765432098765 0.4483333333333333 0.04371604938271598 0.051666666666666666
5 0.30053086419753083 0.5216666666666666 0.062148148148148154 0.065
5 0.34001234567901234 0.45166666666666666 0.04706172839506166 0.05333333333333334
5 0.7090740740740741 0.55 0.06217283950617286 0.06833333333333333
5 0.6416666666666667 0.45 0.03697530864197537 0.041666666666666664
5 0.45049382716049385 0.5166666666666667 0.04709876543209873 0.058333333333333334
5 0.446358024691358 0.4083333333333333 0.0353086419753087 0.041666666666666664
5 0.516320987654321 0.4033333333333333 0.03529629629629634 0.04