5 0.33341975308641975 0.47144444444444444 0.04875308641975304 0.05809876543209877
5 0.46166666666666667 0.46358024691358024 0.045395061728395 0.05466666666666659
5 0.5095802469135803 0.4083456790123457 0.03697530864197537 0.042753086419753006
5 0.4589135802469136 0.5418148148148149 0.047086419753086375 0.05804938271604935
5 0.30237037037037034 0.5538395061728395 0.06382716049382718 0.06854320987654319
5 0.436320987654321 0.41617283950617284 0.035320987654321054 0.044370370370370435
5 0.7123950617283951 0.569320987654321 0.06216049382716051 0.06849382716049376
5 0.5377777777777778 0.6158024691358025 0.05382716049382717 0.06824691358024704
5 0.6382716049382715 0.4604814814814815 0.03864197530864203 0.04280246913580243
5 0.5822592592592593 0.5471358024691358 0.05041975308641971 0.05814814814814819
5 0.38824691358024693 0.6746913580246914 0.05719753086419757 0.07334567901234569
5 0.5136666666666667 0.7350617283950618 0.06062962962962956 0.08677777777777768