5 0.4623703703703704 0.515 0.055814814814814706 0.055
5 0.5676913580246914 0.49333333333333335 0.052506172839506086 0.056666666666666664
5 0.5144691358024691 0.37333333333333335 0.03225925925925935 0.04
5 0.3492592592592592 0.5 0.04574074074074076 0.05
5 0.5239506172839505 0.6333333333333333 0.05775308641975319 0.07333333333333333
5 0.6052222222222222 0.435 0.04571604938271605 0.04833333333333333
5 0.4139753086419753 0.4066666666666667 0.03723456790123455 0.03833333333333333
5 0.6627530864197531 0.6016666666666667 0.054320987654321015 0.06666666666666667
5 0.38667901234567903 0.5616666666666666 0.052580246913580216 0.06166666666666667
5 0.6852469135802469 0.43333333333333335 0.03902469135802467 0.04666666666666667
5 0.5303703703703704 0.425 0.04235802469135801 0.04666666666666667
5 0.7059753086419753 0.49666666666666665 0.057555555555555506 0.06