5 0.2935185185185185 0.6083333333333333 0.05281481481481478 0.051666666666666666
5 0.4975185185185184 0.5633333333333334 0.05629629629629638 0.058333333333333334
5 0.3993703703703703 0.5716666666666667 0.058074074074074056 0.06333333333333334
5 0.2963703703703704 0.5116666666666667 0.057814814814814784 0.051666666666666666
5 0.6555925925925926 0.5516666666666666 0.059703703703703655 0.06166666666666667
5 0.5470740740740742 0.3933333333333333 0.03762962962962964 0.043333333333333335
5 0.433962962962963 0.47833333333333333 0.052777777777777715 0.05
5 0.5147037037037037 0.43666666666666665 0.04096296296296297 0.043333333333333335
5 0.6178148148148148 0.4266666666666667 0.04770370370370377 0.04666666666666667
5 0.5635185185185185 0.6833333333333333 0.05455555555555558 0.055
5 0.3591851851851852 0.41333333333333333 0.04266666666666671 0.045
5 0.4401481481481482 0.38166666666666665 0.0375555555555555 0.04