5 0.5392962962962963 0.61 0.054148148148148036 0.055
5 0.66 0.45 0.03904938271604939 0.04833333333333333
5 0.5087037037037038 0.425 0.03909876543209881 0.051666666666666666
5 0.5492345679012345 0.5016666666666667 0.04230864197530877 0.043333333333333335
5 0.6126543209876544 0.38333333333333336 0.035641975308642104 0.043333333333333335
5 0.42579012345679007 0.39666666666666667 0.04240740740740743 0.05
5 0.29134567901234565 0.4716666666666667 0.054049382716049386 0.04833333333333333
5 0.6218024691358025 0.5533333333333333 0.049271604938271596 0.06333333333333334
5 0.42155555555555557 0.345 0.037259259259259166 0.04
5 0.5048641975308642 0.3466666666666667 0.037333333333333295 0.045
5 0.4049506172839506 0.4533333333333333 0.047481481481481465 0.055
5 0.35814814814814816 0.575 0.04758024691358022 0.06166666666666667