5 0.6200493827160494 0.46059259259259266 0.049000000000000155 0.04607407407407398
5 0.5449012345679013 0.4689259259259259 0.04243209876543214 0.05259259259259257
5 0.5527037037037038 0.3924074074074074 0.04064197530864211 0.04422222222222217
5 0.6323950617283951 0.5275555555555556 0.047481481481481375 0.05603703703703711
5 0.3563456790123457 0.47974074074074075 0.04233333333333329 0.045925925925925905
5 0.4729753086419753 0.37229629629629635 0.03730864197530859 0.04414814814814823
5 0.4501728395061729 0.4484814814814815 0.04071604938271605 0.049222222222222174
5 0.3257654320987654 0.6307777777777779 0.06103703703703701 0.07133333333333326
5 0.28512345679012346 0.4481481481481482 0.050765432098765474 0.0527777777777779
5 0.5041234567901235 0.633074074074074 0.05922222222222217 0.06129629629629638
5 0.35914814814814816 0.40311111111111114 0.03730864197530859 0.04414814814814813
5 0.40227160493827163 0.5307777777777778 0.045790123456790184 0.054333333333333185