5 0.33341975308641975 0.46411111111111114 0.04875308641975304 0.057024691358024786
5 0.46166666666666667 0.4533950617283951 0.045395061728395 0.053666666666666744
5 0.5095802469135803 0.3970864197530864 0.03697530864197537 0.0419382716049383
5 0.4589135802469136 0.5317037037037037 0.047086419753086375 0.05701234567901224
5 0.30237037037037034 0.5472098765432098 0.06382716049382718 0.0671358024691358
5 0.436320987654321 0.4065432098765432 0.035320987654321054 0.043592592592592606
5 0.7123950617283951 0.5535802469135802 0.06216049382716051 0.06712345679012344
5 0.5377777777777778 0.6039506172839505 0.05382716049382717 0.06706172839506166
5 0.6382716049382715 0.4463703703703703 0.03864197530864203 0.04195061728395066
5 0.5822592592592593 0.534283950617284 0.05041975308641971 0.057037037037036956
5 0.38824691358024693 0.6661728395061728 0.05719753086419757 0.07208641975308637
5 0.5136666666666667 0.7237654320987654 0.06062962962962956 0.08544444444444442