5 0.5633333333333334 0.37166666666666665 0.045 0.04833333333333333
5 0.55 0.45666666666666667 0.041666666666666664 0.051666666666666666
5 0.6366666666666667 0.5166666666666667 0.045 0.05333333333333334
5 0.6266666666666667 0.445 0.043333333333333335 0.04666666666666667
5 0.4766666666666667 0.355 0.03666666666666667 0.043333333333333335
5 0.3616666666666667 0.47333333333333333 0.04 0.04666666666666667
5 0.455 0.43833333333333335 0.04 0.05
5 0.22166666666666668 0.6183333333333333 0.07166666666666667 0.06666666666666667
5 0.2 0.5116666666666667 0.065 0.058333333333333334
5 0.2683333333333333 0.41 0.043333333333333335 0.04833333333333333
5 0.4116666666666667 0.5266666666666666 0.045 0.051666666666666666
5 0.5133333333333333 0.6283333333333333 0.056666666666666664 0.056666666666666664