5 0.43833333333333335 0.645 0.06666666666666667 0.06
5 0.4483333333333333 0.5116666666666667 0.04833333333333333 0.04666666666666667
5 0.5583333333333333 0.5233333333333333 0.045 0.056666666666666664
5 0.36833333333333335 0.4583333333333333 0.041666666666666664 0.04666666666666667
5 0.6683333333333333 0.36833333333333335 0.03166666666666667 0.041666666666666664
5 0.6383333333333333 0.47 0.043333333333333335 0.05333333333333334
5 0.57 0.67 0.058333333333333334 0.06333333333333334
5 0.3616666666666667 0.5316666666666666 0.055 0.06
5 0.4716666666666667 0.38 0.04 0.045
5 0.79 0.5316666666666666 0.06 0.06166666666666667
5 0.57 0.43333333333333335 0.041666666666666664 0.05
5 0.7516666666666667 0.42833333333333334 0.03833333333333333 0.043333333333333335