5 0.5378395061728395 0.4966049382716049 0.04874074074074069 0.05679012345679022
5 0.45720987654320994 0.5845679012345679 0.052185185185185216 0.07191358024691359
5 0.6750246913580247 0.4215432098765432 0.045333333333333406 0.04666666666666667
5 0.3379753086419753 0.485679012345679 0.05544444444444442 0.06203703703703695
5 0.35201234567901235 0.3901851851851852 0.03529629629629634 0.04129629629629628
5 0.676111111111111 0.4998148148148149 0.05035802469135812 0.050185185185185145
5 0.5622592592592592 0.5740123456790123 0.04879012345679011 0.06345679012345688
5 0.5467283950617284 0.4212962962962963 0.04033333333333341 0.046481481481481526
5 0.4887654320987654 0.3734567901234568 0.03529629629629615 0.04129629629629628
5 0.5922222222222223 0.352962962962963 0.03528395061728399 0.03962962962962962
5 0.5240740740740741 0.33049382716049386 0.031950617283950655 0.03950617283950616
5 0.44183950617283946 0.4101851851851852 0.04200000000000008 0.04654320987654321