5 0.44 0.4766666666666667 0.043333333333333335 0.056666666666666664
5 0.425 0.4083333333333333 0.03833333333333333 0.04833333333333333
5 0.33166666666666667 0.5616666666666666 0.045 0.056666666666666664
5 0.36833333333333335 0.45166666666666666 0.043333333333333335 0.041666666666666664
5 0.6783333333333333 0.44 0.043333333333333335 0.04833333333333333
5 0.51 0.54 0.045 0.045
5 0.6266666666666667 0.5483333333333333 0.04666666666666667 0.05
5 0.395 0.65 0.05333333333333334 0.06333333333333334
5 0.5616666666666666 0.39166666666666666 0.035 0.045
5 0.7016666666666667 0.6366666666666667 0.06833333333333333 0.07
5 0.5983333333333334 0.48 0.04 0.043333333333333335
5 0.5783333333333334 0.6783333333333333 0.06 0.055