5 0.31 0.45666666666666667 0.04666666666666667 0.04833333333333333
5 0.535 0.58 0.055 0.065
5 0.6666666666666666 0.46166666666666667 0.03833333333333333 0.043333333333333335
5 0.555 0.495 0.045 0.04666666666666667
5 0.445 0.4116666666666667 0.04 0.045
5 0.6266666666666667 0.4116666666666667 0.03333333333333333 0.03833333333333333
5 0.5233333333333333 0.43666666666666665 0.03833333333333333 0.04666666666666667
5 0.6233333333333333 0.5433333333333333 0.04833333333333333 0.06333333333333334
5 0.4166666666666667 0.45 0.045 0.05
5 0.5266666666666666 0.37833333333333335 0.03333333333333333 0.03666666666666667
5 0.45 0.37333333333333335 0.03166666666666667 0.035
5 0.3516666666666667 0.54 0.04833333333333333 0.065