5 0.4596913580246914 0.4964814814814815 0.04524691358024692 0.05262962962962964
5 0.38666666666666666 0.5931111111111111 0.06203703703703705 0.056333333333333256
5 0.554320987654321 0.5335555555555556 0.048580246913580254 0.05270370370370377
5 0.4127777777777778 0.44381481481481483 0.041666666666666664 0.04588888888888884
5 0.6503086419753087 0.4274444444444445 0.03814814814814819 0.04081481481481471
5 0.5005555555555556 0.6555925925925926 0.06395061728395073 0.06303703703703699
5 0.7568518518518518 0.5613703703703703 0.05709876543209892 0.05788888888888891
5 0.6584567901234568 0.5125555555555555 0.04697530864197536 0.054333333333333185
5 0.3745679012345679 0.49125925925925934 0.05191358024691359 0.0527777777777779
5 0.5331481481481481 0.4115185185185185 0.034876543209876446 0.04240740740740743
5 0.6018518518518519 0.4679999999999999 0.03833333333333333 0.045814814814814704
5 0.6859259259259259 0.6247407407407407 0.05413580246913587 0.06781481481481479