5 0.46166666666666667 0.5333333333333333 0.051666666666666666 0.04666666666666667
5 0.5433333333333333 0.3333333333333333 0.04 0.04833333333333333
5 0.5716666666666667 0.515 0.05 0.055
5 0.5033333333333333 0.6716666666666666 0.055 0.058333333333333334
5 0.6266666666666667 0.43833333333333335 0.045 0.05333333333333334
5 0.6266666666666667 0.6533333333333333 0.051666666666666666 0.056666666666666664
5 0.3566666666666667 0.5016666666666667 0.045 0.041666666666666664
5 0.42833333333333334 0.37666666666666665 0.04 0.043333333333333335
5 0.38666666666666666 0.58 0.04666666666666667 0.055
5 0.5483333333333333 0.415 0.045 0.05333333333333334
5 0.72 0.445 0.04 0.04833333333333333
5 0.715 0.535 0.055 0.06