5 0.55 0.4583333333333333 0.041666666666666664 0.05333333333333334
5 0.5616666666666666 0.37333333333333335 0.04 0.045
5 0.6383333333333333 0.52 0.045 0.05333333333333334
5 0.48 0.355 0.03666666666666667 0.043333333333333335
5 0.3616666666666667 0.4716666666666667 0.041666666666666664 0.04666666666666667
5 0.6283333333333333 0.44666666666666666 0.043333333333333335 0.04833333333333333
5 0.335 0.63 0.058333333333333334 0.06666666666666667
5 0.45666666666666667 0.43666666666666665 0.04 0.05
5 0.2916666666666667 0.43833333333333335 0.051666666666666666 0.051666666666666666
5 0.515 0.63 0.055 0.056666666666666664
5 0.36333333333333334 0.3883333333333333 0.035 0.043333333333333335
5 0.4116666666666667 0.525 0.045 0.05333333333333334