5 0.4625432098765431 0.7016666666666667 0.07796296296296305 0.1
5 0.3411851851851852 0.635 0.06388888888888886 0.075
5 0.559395061728395 0.5266666666666666 0.051728395061728445 0.058333333333333334
5 0.5075185185185185 0.59 0.058740740740740684 0.07
5 0.44838271604938273 0.4483333333333333 0.04486419753086428 0.051666666666666666
5 0.2812098765432099 0.5216666666666666 0.0635925925925926 0.065
5 0.32328395061728393 0.45166666666666666 0.048246913580246936 0.05333333333333334
5 0.6887037037037036 0.55 0.06369135802469145 0.06833333333333333
5 0.625 0.45 0.03790123456790127 0.041666666666666664
5 0.431358024691358 0.5166666666666667 0.048395061728394924 0.058333333333333334
5 0.4312345679012346 0.4083333333333333 0.036234567901234416 0.041666666666666664
5 0.5013827160493827 0.4033333333333333 0.03618518518518518 0.04