5 0.6216666666666667 0.44666666666666666 0.04833333333333333 0.05
5 0.4633333333333333 0.38 0.03666666666666667 0.03666666666666667
5 0.5183333333333333 0.44166666666666665 0.043333333333333335 0.04666666666666667
5 0.37833333333333335 0.3983333333333333 0.03666666666666667 0.04
5 0.37166666666666665 0.545 0.051666666666666666 0.056666666666666664
5 0.425 0.4666666666666667 0.04666666666666667 0.045
5 0.565 0.405 0.03833333333333333 0.041666666666666664
5 0.495 0.68 0.06333333333333334 0.06
5 0.4633333333333333 0.555 0.056666666666666664 0.056666666666666664
5 0.6266666666666667 0.5716666666666667 0.056666666666666664 0.065
5 0.29333333333333333 0.475 0.04666666666666667 0.04666666666666667
5 0.26166666666666666 0.5616666666666666 0.05 0.056666666666666664