5 0.5583333333333333 0.48833333333333334 0.03833333333333333 0.04666666666666667
5 0.635 0.4033333333333333 0.043333333333333335 0.051666666666666666
5 0.57 0.3433333333333333 0.03666666666666667 0.05
5 0.595 0.5983333333333334 0.04666666666666667 0.045
5 0.49 0.4216666666666667 0.04 0.055
5 0.2916666666666667 0.545 0.06 0.05333333333333334
5 0.39166666666666666 0.415 0.043333333333333335 0.05333333333333334
5 0.3616666666666667 0.35333333333333333 0.045 0.04666666666666667
5 0.645 0.5183333333333333 0.051666666666666666 0.058333333333333334
5 0.44333333333333336 0.33166666666666667 0.04 0.051666666666666666
5 0.41833333333333333 0.6283333333333333 0.04833333333333333 0.05
5 0.4 0.4866666666666667 0.045 0.056666666666666664
5 0.3566666666666667 0.23666666666666666 0.03666666666666667 0.03333333333333333