5 0.44166666666666665 0.4716666666666667 0.041666666666666664 0.055
5 0.3233333333333333 0.5433333333333333 0.04666666666666667 0.06
5 0.435 0.41 0.03666666666666667 0.043333333333333335
5 0.6183333333333333 0.5516666666666666 0.04666666666666667 0.051666666666666666
5 0.37166666666666665 0.6283333333333333 0.05333333333333334 0.06833333333333333
5 0.5 0.535 0.045 0.04833333333333333
5 0.6866666666666666 0.45 0.045 0.04833333333333333
5 0.375 0.44333333333333336 0.03833333333333333 0.04
5 0.57 0.4033333333333333 0.035 0.043333333333333335
5 0.69 0.6433333333333333 0.06666666666666667 0.075
5 0.5983333333333334 0.48333333333333334 0.041666666666666664 0.043333333333333335
5 0.5566666666666666 0.6716666666666666 0.06333333333333334 0.06166666666666667