5 0.5322839506172838 0.38251851851851854 0.04033333333333341 0.04618518518518518
5 0.5416666666666666 0.4661481481481481 0.04538271604938264 0.05299999999999992
5 0.6379753086419753 0.5173456790123456 0.045407407407407355 0.056333333333333256
5 0.447358024691358 0.37 0.038666666666666745 0.04613580246913576
5 0.35301234567901235 0.5039012345679013 0.04198765432098772 0.044567901234567935
5 0.6118024691358025 0.4498888888888889 0.04032098765432105 0.04451851851851851
5 0.4417160493827161 0.4565185185185185 0.04035802469135812 0.04951851851851852
5 0.36679012345679013 0.6693456790123458 0.055481481481481486 0.06662962962962979
5 0.26818518518518514 0.47804938271604935 0.050395061728394995 0.05481481481481486
5 0.33366666666666667 0.4149753086419753 0.035320987654321054 0.044370370370370435
5 0.4160246913580247 0.5491111111111112 0.04534567901234567 0.047999999999999925
5 0.5420370370370371 0.6411975308641975 0.05544444444444442 0.0616296296296296