5 0.455 0.45166666666666666 0.04666666666666667 0.055
5 0.505 0.36666666666666664 0.03833333333333333 0.045
5 0.325 0.465 0.05 0.056666666666666664
5 0.30833333333333335 0.5683333333333334 0.058333333333333334 0.058333333333333334
5 0.5333333333333333 0.6333333333333333 0.05 0.051666666666666666
5 0.455 0.5516666666666666 0.045 0.05
5 0.6966666666666667 0.575 0.055 0.058333333333333334
5 0.40166666666666667 0.6916666666666667 0.051666666666666666 0.051666666666666666
5 0.5783333333333334 0.5533333333333333 0.05 0.04833333333333333
5 0.42833333333333334 0.38333333333333336 0.03666666666666667 0.04833333333333333
5 0.6416666666666667 0.43833333333333335 0.04 0.04
5 0.5066666666666667 0.745 0.05 0.058333333333333334