5 0.5655679012345679 0.5007407407407407 0.03902469135802467 0.047518518518518627
5 0.6409753086419753 0.4174444444444444 0.044098765432098806 0.05262962962962964
5 0.5750864197530864 0.356 0.03740740740740743 0.0508148148148148
5 0.6038641975308643 0.6115555555555555 0.047333333333333484 0.046037037037037105
5 0.496246913580247 0.4325555555555556 0.04081481481481471 0.055888888888888835
5 0.2997407407407407 0.5514814814814816 0.060790123456790184 0.05466666666666659
5 0.3978148148148148 0.4237037037037037 0.04412345679012352 0.05429629629629631
5 0.36690123456790125 0.3613703703703704 0.04569135802469134 0.047666666666666704
5 0.652679012345679 0.5326666666666667 0.052530864197530794 0.05948148148148145
5 0.44824691358024693 0.3415185185185185 0.04076543209876547 0.05255555555555551
5 0.427641975308642 0.6376296296296297 0.049074074074074096 0.05107407407407398
5 0.4072098765432099 0.49555555555555564 0.04583950617283951 0.05766666666666651
5 0.36017283950617285 0.2445925925925926 0.03716049382716051 0.034148148148148136