5 0.44161728395061733 0.4617777777777778 0.04829629629629627 0.05603703703703711
5 0.49413580246913585 0.37788888888888894 0.03966666666666659 0.04585185185185177
5 0.31122222222222223 0.47222222222222227 0.05167901234567902 0.05777777777777791
5 0.29149382716049377 0.5751851851851851 0.06006172839506178 0.05962962962962971
5 0.514567901234568 0.6451851851851852 0.051530864197530946 0.0527777777777779
5 0.4386543209876543 0.5617777777777778 0.046481481481481526 0.05100000000000004
5 0.6796296296296296 0.5904814814814815 0.05672839506172844 0.059555555555555584
5 0.3811728395061728 0.7005925925925925 0.05319753086419761 0.05281481481481478
5 0.5619382716049383 0.5661851851851852 0.0514320987654321 0.04944444444444438
5 0.4169753086419753 0.39285185185185184 0.038098765432098766 0.049148148148148135
5 0.628679012345679 0.45259259259259255 0.04118518518518518 0.040888888888888836
5 0.48459259259259263 0.7562592592592593 0.05172839506172826 0.05944444444444457