5 0.545 0.5133333333333333 0.045 0.058333333333333334
5 0.63 0.53 0.051666666666666666 0.05
5 0.68 0.43833333333333335 0.04833333333333333 0.04833333333333333
5 0.5516666666666666 0.44 0.04 0.04833333333333333
5 0.355 0.43 0.05333333333333334 0.04666666666666667
5 0.4683333333333333 0.62 0.055 0.05333333333333334
5 0.42333333333333334 0.5083333333333333 0.055 0.05333333333333334
5 0.5616666666666666 0.6183333333333333 0.05 0.05
5 0.49333333333333335 0.37666666666666665 0.03833333333333333 0.05
5 0.43333333333333335 0.42333333333333334 0.04666666666666667 0.045
5 0.33666666666666667 0.5133333333333333 0.05333333333333334 0.05
5 0.595 0.37666666666666665 0.043333333333333335 0.051666666666666666