5 0.31 0.4612592592592593 0.04666666666666667 0.04902469135802486
5 0.535 0.587925925925926 0.055 0.0658148148148147
5 0.6666666666666666 0.4715432098765432 0.03833333333333333 0.04390123456790131
5 0.555 0.5032222222222222 0.045 0.0473333333333333
5 0.445 0.4182592592592593 0.04 0.04559259259259259
5 0.6266666666666667 0.4209506172839506 0.03333333333333333 0.03882716049382717
5 0.5233333333333333 0.4444197530864197 0.03833333333333333 0.04723456790123464
5 0.6233333333333333 0.5525679012345679 0.04833333333333333 0.06404938271604939
5 0.4166666666666667 0.4561728395061728 0.045 0.05066666666666663
5 0.5266666666666666 0.3861358024691358 0.03333333333333333 0.03716049382716051
5 0.45 0.38 0.03166666666666667 0.03546913580246913
5 0.3516666666666667 0.5452098765432098 0.04833333333333333 0.06571604938271605