0 0.328709 0.569795 0.042363 0.0686829
0 0.388791 0.61859 0.03344 0.0715052
2 0.197036 0.536174 0.0432623 0.0634488
1 0.255062 0.40283 0.0354726 0.0623668
4 0.347722 0.0586369 0.0250615 0.0508104
1 0.112292 0.648992 0.050718 0.0716012
2 0.443149 0.899816 0.0443108 0.0924268
2 0.341072 0.442648 0.0382445 0.0626826
1 0.230277 0.855263 0.0516219 0.0838042
0 0.773943 0.400048 0.0396943 0.0726716
2 0.322614 0.773621 0.0479764 0.082931
1 0.594429 0.698224 0.0405649 0.0759735
0 0.56234 0.242289 0.0306577 0.0582269
3 0.500999 0.039941 0.0218353 0.0527008
0 0.492026 0.180777 0.0297637 0.0556923
1 0.368604 0.12351 0.027783 0.0544812
4 0.538268 0.866267 0.0414632 0.082772
2 0.669909 0.169768 0.0273566 0.057507
5 0.416575 0.261679 0.0307915 0.0557508
0 0.38746 0.414556 0.0358751 0.0658703
3 0.831473 0.531658 0.0350434 0.0565712
1 0.644285 0.419071 0.0342104 0.0604428
1 0.247743 0.628886 0.0390522 0.0703903
3 0.51305 0.416927 0.0324643 0.0585823
3 0.745364 0.239344 0.0309975 0.0500518
5 0.325897 0.281657 0.0334821 0.0650489
3 0.51951 0.330743 0.0283558 0.0552418
0 0.701168 0.592691 0.0420663 0.0728442
2 0.284638 0.0931431 0.0308478 0.0513447
3 0.725988 0.747814 0.0431426 0.0765173
3 0.658448 0.866636 0.0452255 0.0803397
0 0.804735 0.633241 0.044802 0.068307
3 0.529134 0.613266 0.0392746 0.0671691
1 0.42873 0.180759 0.0288479 0.0537324
2 0.218099 0.251053 0.0331058 0.0528338
5 0.608552 0.550926 0.0310478 0.0592318
5 0.594528 0.119568 0.0228601 0.0557015
5 0.396449 0.0535341 0.0230816 0.0500964
4 0.859777 0.703556 0.0545253 0.065351
2 0.164902 0.39914 0.041443 0.0618694
4 0.595399 0.406668 0.027675 0.0586516
4 0.424748 0.116231 0.0267124 0.0535474
4 0.745556 0.911896 0.0495182 0.0690824
4 0.466625 0.761132 0.0388058 0.077953
4 0.473372 0.292691 0.0307695 0.0611408
5 0.452984 0.586404 0.0361268 0.0746249
5 0.648291 0.296183 0.0266294 0.0521326
5 0.52088 0.112888 0.0266561 0.0505742
