1 0.161457 0.456066 0.0358584 0.0592748
4 0.413099 0.109922 0.0167731 0.0354049
3 0.536334 0.113045 0.0194295 0.0364565
2 0.260188 0.394209 0.033023 0.0530003
1 0.205204 0.746813 0.0515147 0.0706898
1 0.23402 0.484722 0.0393586 0.0579817
0 0.518846 0.205576 0.0237808 0.0452872
0 0.384024 0.468519 0.0297578 0.050361
2 0.356933 0.137155 0.0219684 0.0450455
4 0.476559 0.158063 0.0202719 0.0422434
1 0.318181 0.312713 0.0298784 0.0539953
0 0.407017 0.327802 0.0297382 0.0534967
0 0.599888 0.876724 0.03961 0.0832191
2 0.662247 0.22067 0.023715 0.0461653
1 0.481201 0.885114 0.0481325 0.0900697
1 0.325648 0.906909 0.0535663 0.0873049
0 0.349697 0.442465 0.0304289 0.0591259
0 0.768702 0.572773 0.0359081 0.0699287
4 0.590682 0.381713 0.0254336 0.0550149
0 0.58725 0.249393 0.0222451 0.0442515
2 0.307318 0.578077 0.0376319 0.066311
4 0.828199 0.661105 0.0516967 0.0738819
1 0.649002 0.408964 0.0306096 0.0563967
3 0.803829 0.501537 0.0358435 0.0508412
0 0.731966 0.393608 0.0281769 0.0578877
2 0.405394 0.689544 0.0408815 0.0751473
3 0.688188 0.639125 0.033846 0.0592048
4 0.586754 0.124253 0.017101 0.0379102
1 0.561839 0.580607 0.0361732 0.0630429
3 0.740301 0.277207 0.0263339 0.0485113
5 0.78832 0.928802 0.0481455 0.0843253
4 0.500585 0.289855 0.0243219 0.0469758
3 0.510032 0.503952 0.030269 0.0593704
3 0.515547 0.371 0.0276234 0.0569355
2 0.371192 0.351913 0.0315345 0.0525519
2 0.227724 0.308547 0.0330328 0.049417
5 0.448862 0.235049 0.022201 0.0489985
4 0.679974 0.769045 0.0428374 0.0852522
5 0.441829 0.47262 0.0320959 0.0639048
5 0.373191 0.24468 0.0229616 0.0480447
4 0.447664 0.594363 0.0336073 0.0705964
5 0.585367 0.466887 0.0296237 0.0536195
2 0.304102 0.209664 0.0249925 0.0473241
3 0.639242 0.714314 0.0375903 0.0699589
5 0.64939 0.307124 0.0268411 0.0466965
3 0.527505 0.2995 0.0253196 0.0501325
5 0.545297 0.16611 0.0217776 0.0399361
5 0.443827 0.11161 0.0210101 0.0405559
4 0.443548 0.110896 0.0213639 0.0393801
4 0.274709 0.0302294 0.0245668 0.0332872
0 0.978235 0.965065 0.0284779 0.0488447
0 0.545557 0.166329 0.0219442 0.0403828
