1 0.161448 0.456053 0.0358429 0.059249
4 0.413102 0.109942 0.0167687 0.0353768
3 0.536329 0.113025 0.0194489 0.0364957
2 0.260188 0.394248 0.0330407 0.053078
1 0.205242 0.746779 0.051449 0.0706488
1 0.234034 0.484778 0.0393743 0.058035
0 0.518831 0.205578 0.0237935 0.0452869
0 0.3841 0.46845 0.0298144 0.050409
2 0.356953 0.137124 0.0219509 0.0449804
4 0.476543 0.158075 0.0202719 0.0422922
1 0.318209 0.312711 0.0298733 0.0539836
0 0.599882 0.876728 0.0396064 0.0832794
2 0.662234 0.220676 0.0237357 0.0461844
1 0.481206 0.885103 0.0481363 0.0899987
0 0.349695 0.442416 0.0303631 0.0590812
1 0.325647 0.906908 0.0535684 0.0873424
0 0.768704 0.572729 0.0359086 0.0699394
0 0.39593 0.33376 0.0293507 0.0551042
4 0.590674 0.381735 0.0254414 0.0550508
0 0.587258 0.249333 0.0221661 0.0442295
2 0.307321 0.578099 0.0376055 0.0662754
4 0.828243 0.661072 0.051683 0.0737447
1 0.648992 0.408952 0.0305905 0.056325
3 0.803816 0.501541 0.0358245 0.050858
0 0.732001 0.393612 0.0281928 0.0579184
2 0.405406 0.689533 0.0409097 0.0750993
3 0.688175 0.639166 0.0337825 0.0591916
4 0.58673 0.124258 0.0170784 0.0379078
1 0.561871 0.580625 0.0361795 0.063001
3 0.740308 0.277201 0.0263132 0.0484765
5 0.788325 0.928806 0.0481553 0.0843078
4 0.50054 0.28994 0.0243513 0.0470866
3 0.510041 0.50391 0.0302473 0.0592942
3 0.51552 0.370913 0.0276702 0.0570381
5 0.448858 0.235081 0.0223331 0.0493692
5 0.373243 0.244606 0.0230011 0.0478846
2 0.370431 0.352561 0.030566 0.0520881
2 0.227719 0.308526 0.0330446 0.0493566
4 0.679962 0.769051 0.0428296 0.0852658
4 0.447643 0.594371 0.0335954 0.0705909
5 0.441797 0.472465 0.032226 0.0640886
5 0.585363 0.466908 0.029653 0.053663
2 0.304091 0.209681 0.0249562 0.0473194
3 0.639231 0.714347 0.0375862 0.0699441
5 0.649406 0.307131 0.0268205 0.0467076
3 0.527476 0.299484 0.0253333 0.050182
5 0.545292 0.166095 0.0217696 0.0398624
5 0.44381 0.111629 0.0210174 0.0405969
4 0.443536 0.110928 0.0213625 0.039402
4 0.274699 0.030191 0.0245515 0.0332567
0 0.97829 0.965096 0.0284601 0.0487389
0 0.545554 0.166323 0.0219353 0.0403275
