2 0.608959 0.106743 0.0761267 0.105479
4 0.519425 0.234278 0.0747209 0.112149
4 0.819441 0.169274 0.0758868 0.113329
0 0.313962 0.563129 0.10369 0.127622
1 0.609521 0.466292 0.0962284 0.124086
3 0.344823 0.423496 0.0886932 0.120291
0 0.169923 0.273498 0.0841444 0.106778
4 0.107153 0.580294 0.11543 0.126309
1 0.346686 0.13945 0.0743577 0.105188
4 0.202843 0.857808 0.122747 0.138199
0 0.825465 0.708656 0.108908 0.14211
5 0.926313 0.449959 0.0790835 0.114696
0 0.922758 0.452954 0.0719577 0.106291
5 0.312377 0.561197 0.101808 0.128479
0 0.609209 0.46526 0.0966322 0.12192
3 0.462977 0.867042 0.105529 0.145022
5 0.830017 0.710544 0.116616 0.147114
