4 0.473504 0.157688 0.0212714 0.0431326
1 0.497408 0.830062 0.0465502 0.0791617
1 0.201066 0.736093 0.0505339 0.0743453
1 0.325877 0.294805 0.0291159 0.0530804
1 0.163495 0.464017 0.0400263 0.0604373
0 0.646556 0.917498 0.0486928 0.0884337
2 0.375376 0.134738 0.0243654 0.0419694
3 0.538133 0.114382 0.0184153 0.038846
2 0.402329 0.717319 0.0434627 0.0806309
4 0.583491 0.377191 0.0281919 0.0565434
2 0.258179 0.392655 0.0318081 0.0584017
0 0.386994 0.444001 0.0336009 0.0619999
0 0.332668 0.435492 0.0299891 0.0613102
0 0.752612 0.569758 0.0386784 0.0599942
1 0.338443 0.910796 0.0535742 0.0966591
0 0.412154 0.326866 0.0255384 0.0517021
1 0.552578 0.586248 0.0357288 0.0646714
2 0.328916 0.590471 0.0401062 0.0639236
4 0.814833 0.661555 0.0521158 0.0806699
4 0.446972 0.589928 0.0362101 0.0741246
3 0.677049 0.639138 0.0381112 0.064668
1 0.657367 0.416572 0.0313398 0.059944
2 0.309681 0.208722 0.0253126 0.0491268
4 0.692273 0.756136 0.0471263 0.0798526
3 0.51959 0.491532 0.0330504 0.058968
1 0.225436 0.489039 0.0377585 0.0602466
2 0.218728 0.301751 0.0306405 0.0545844
2 0.360186 0.3425 0.029488 0.0533802
2 0.658489 0.22383 0.0225518 0.0455861
0 0.72995 0.394368 0.0299283 0.0583489
3 0.53045 0.298639 0.0276459 0.0473142
5 0.80174 0.939668 0.0637512 0.102973
3 0.728705 0.278875 0.024789 0.0495599
3 0.516697 0.381924 0.0299535 0.0499154
3 0.792263 0.510908 0.0371158 0.060288
3 0.639587 0.701448 0.0408683 0.0606734
5 0.444569 0.469392 0.0318545 0.0589787
4 0.497962 0.303388 0.0238802 0.0493051
5 0.551121 0.162281 0.0210057 0.0416986
0 0.504383 0.194654 0.0227424 0.0441422
5 0.592438 0.457894 0.0271379 0.0604066
5 0.647815 0.304443 0.0269922 0.0492083
5 0.444941 0.229738 0.0233223 0.0464865
4 0.274656 0.0298822 0.0247879 0.0338767
4 0.587217 0.12407 0.0159517 0.0374052
5 0.379183 0.249869 0.0234433 0.0498559
0 0.58122 0.248238 0.0212848 0.0413088
4 0.413162 0.113111 0.0168483 0.0356862
0 0.978203 0.965213 0.0284852 0.0494345
5 0.446924 0.113744 0.0179632 0.034788
4 0.900096 0.0251813 0.0130339 0.0211118
3 0.820615 0.0209542 0.0195791 0.0351219
