2 0.375433 0.13514 0.0242802 0.0425662
4 0.473422 0.157023 0.0212176 0.0425143
1 0.225429 0.488576 0.0377567 0.0602832
0 0.646257 0.917727 0.0483212 0.0887132
1 0.49734 0.829369 0.0464708 0.0785173
2 0.258227 0.39271 0.031764 0.0575729
1 0.200949 0.73558 0.0504031 0.0725885
1 0.338376 0.910844 0.0532691 0.0966815
4 0.583527 0.377689 0.0277786 0.0574062
1 0.163251 0.463422 0.0397878 0.0605166
2 0.309495 0.20865 0.0252471 0.048718
0 0.33263 0.435087 0.0297893 0.0614008
0 0.386738 0.443888 0.0335605 0.0616776
0 0.752585 0.569628 0.0388104 0.0600112
2 0.401987 0.717286 0.0437493 0.081641
0 0.412163 0.326874 0.025798 0.0521093
1 0.325775 0.294592 0.0290837 0.0526726
3 0.537753 0.114111 0.0178357 0.0383969
2 0.329053 0.590209 0.0399748 0.0640066
1 0.552573 0.585908 0.0359599 0.064523
3 0.677117 0.639161 0.0374514 0.0640547
4 0.814776 0.661641 0.0523619 0.0801822
4 0.446785 0.59045 0.0359379 0.0740804
0 0.503949 0.194157 0.0230824 0.0446561
3 0.519356 0.49122 0.0327134 0.0585594
4 0.691956 0.756017 0.046831 0.0802009
0 0.729627 0.393946 0.0298727 0.0575403
2 0.658411 0.223445 0.0228892 0.0451845
1 0.657383 0.416411 0.0309975 0.0595315
5 0.801348 0.938598 0.0630301 0.101402
2 0.35997 0.342483 0.0299634 0.0529829
3 0.728499 0.278699 0.024758 0.0490962
2 0.218743 0.301298 0.0302317 0.0543564
3 0.792075 0.510449 0.037482 0.0596356
4 0.497634 0.302985 0.0238852 0.0489978
5 0.550715 0.161863 0.0205149 0.0409508
4 0.587291 0.1241 0.0157987 0.0375301
5 0.592272 0.457594 0.0272711 0.0608017
3 0.530612 0.298245 0.0271448 0.0468474
3 0.516856 0.381528 0.0302757 0.0508562
5 0.444406 0.468632 0.0315353 0.0589729
3 0.639298 0.701465 0.0405046 0.0610864
0 0.580871 0.24724 0.0207107 0.0407288
4 0.413167 0.113079 0.0168294 0.0353569
5 0.378726 0.249191 0.024003 0.0500605
5 0.647545 0.304225 0.0268079 0.0486877
5 0.44686 0.113807 0.018062 0.0347547
5 0.444293 0.229429 0.0229556 0.0456808
4 0.274734 0.0300583 0.0245924 0.0335682
0 0.978305 0.965073 0.0284986 0.0487956
